time flux flux_err
1683.3681030273438 0.9977438012713639 7.05912290074753e-05
1683.3889770507812 0.9928625432658942 7.042126311060892e-05
1683.4097900390625 0.9919975490304788 7.040712491732665e-05
1683.4306030273438 0.9921573335459482 7.0405367921879e-05
1683.4514770507812 0.9924928751868151 7.04110496945999e-05
1683.4722900390625 0.992839371924811 7.043402204125665e-05
1683.4931030273438 0.9930350274456378 7.043292820314601e-05
1683.5139770507812 0.9953194430212434 7.050856694859293e-05
1683.5347900390625 0.9999037734755496 7.064628428626121e-05
1683.5556030273438 0.9996408912274056 7.065216461121451e-05
1683.5764770507812 1.0006179561739 7.063812569831468e-05
1683.5972900390625 0.9998566489738608 7.065721608017842e-05
1683.6181030273438 1.0002964055962678 7.065204705334184e-05
1683.6389770507812 0.9999665964400156 7.064666742057967e-05
1683.6597900390625 1.0000710683449296 7.065260009858298e-05
1683.6806030273438 0.9996616076064447 7.066820806473301e-05
1683.7014770507812 0.9999281677828354 7.068917622254334e-05
1683.7222900390625 1.0001260218279338 7.068985218541494e-05
1683.7431030273438 1.0003066928654396 7.069329422334563e-05
1683.7639770507812 0.999942757679105 7.068060254309206e-05
1683.7847900390625 0.9998778319994331 7.068720768578979e-05
1683.8056030273438 0.9998237863932408 7.067766135175122e-05
1683.8264770507812 0.9998273314892965 7.06901803325959e-05
1683.8472900390625 1.0003562967584811 7.066876682331804e-05
1683.8681030273438 0.9998650136159637 7.067158784820305e-05
1683.8889770507812 1.0002195838313162 7.06494067154406e-05
1683.9097900390625 1.0000556903305011 7.064287527414375e-05
1683.9306030273438 0.9998279261511785 7.067650023687757e-05
1683.9514770507812 0.9998803677015901 7.067675203022134e-05
1683.9722900390625 1.0001335431099425 7.068292232829932e-05
1683.9931030273438 1.0000938997826239 7.06906616434759e-05
1684.0139770507812 0.9997476334969031 7.068507245811146e-05
1684.0347900390625 0.9999688200052866 7.067268696580664e-05
1684.0556030273438 1.0001887414704924 7.067572834205676e-05
1684.0764770507812 0.9999849170297763 7.066682854328405e-05
1684.0972900390625 1.0002654760700351 7.066822349966297e-05
1684.1181030273438 0.999740153888282 7.064512636412401e-05
1684.1389770507812 0.9997948675450766 7.066157614720817e-05
1684.1597900390625 1.0000699405058275 7.064195736920358e-05
1684.1806030273438 1.000135941308055 7.06663810649105e-05
1684.2014770507812 1.0001303726386253 7.065390868142149e-05
1684.2222900390625 1.0001275632406033 7.068438922938332e-05
1684.2431030273438 0.9995151951637592 7.066684938900195e-05
1684.2639770507812 0.9997956960011548 7.069527216528532e-05
1684.2847900390625 1.0004441762993703 7.070785494192648e-05
1684.3056030273438 1.0001005509016974 7.06907499700112e-05
1684.3264770507812 1.0001990940545193 7.071518892246433e-05
1684.3472900390625 0.9997904767607134 7.071502418962631e-05
1684.3681030273438 0.9996326869510891 7.073138351121523e-05
1684.3889770507812 1.0001136936793826 7.073814824689475e-05
1684.4097900390625 1.0001845652943366 7.073575983526566e-05
1684.4306030273438 0.9999149749146037 7.071475152100279e-05
1684.4514770507812 1.0001191314398492 7.070716988820688e-05
1684.4722900390625 0.999627912746272 7.072784136974884e-05
1684.4931030273438 1.0002448082957642 7.074547618138759e-05
1684.5139770507812 1.000304219927834 7.074303171819218e-05
1684.5347900390625 0.9998429712844985 7.075295097545979e-05
1684.5556030273438 0.9999818370398038 7.077042625298118e-05
1684.5764770507812 0.9997193802658341 7.076265954582933e-05
1684.5972900390625 1.0000079996461964 7.077679514785118e-05
1684.6181030273438 1.00036318604402 7.079363953824408e-05
1684.6389770507812 0.999908927060593 7.08012886363205e-05
1684.6597900390625 1.0001890507559685 7.079838157602378e-05
1684.6806030273438 0.9994970888531832 7.08071730687751e-05
1684.7014770507812 1.0000185525127683 7.081208105584078e-05
1684.7222900390625 1.0002983892070212 7.080555242836093e-05
1684.7431030273438 0.9999458470186292 7.080434862169154e-05
1684.7639770507812 0.9999943097559628 7.080280658519827e-05
1684.7847900390625 1.000294592048726 7.079529014708521e-05
1684.8056030273438 1.0000198534353046 7.078945405414688e-05
1684.8264770507812 0.9997907997334176 7.077265953677186e-05
1684.8473510742188 0.9981787112165633 7.075208244912782e-05
1684.8681640625 0.9934635090757583 7.058083697928889e-05
1684.8889770507812 0.9934335840905819 7.055256194189628e-05
1684.9098510742188 0.9930697674473677 7.055430451382308e-05
1684.9306640625 0.9931666147524552 7.058269433586582e-05
1684.9514770507812 0.9934244031407868 7.059389875252953e-05
1684.9723510742188 0.9937274819797759 7.062224860945471e-05
1684.9931640625 0.9950993184433231 7.067464155385414e-05
1685.0139770507812 0.9998907090195452 7.08318936548403e-05
1685.0348510742188 1.0002121950821596 7.082731970394513e-05
1685.0556640625 0.99980520238476 7.082237298516426e-05
1685.0764770507812 1.000074727898348 7.082650109543665e-05
1685.0973510742188 1.0001115700170813 7.08222213258624e-05
1685.1181640625 1.0000808982581633 7.084145745635748e-05
1685.1389770507812 0.9999305683587077 7.083835525730676e-05
1685.1598510742188 0.9996880690351755 7.083632631331813e-05
1685.1806640625 1.0000748007605769 7.08337384892399e-05
1685.2014770507812 1.0001757183412077 7.084031399063081e-05
1685.2223510742188 1.0000176574722917 7.084189238337322e-05
1685.2431640625 1.000369031497622 7.08346313952736e-05
1685.2639770507812 0.9996082390453553 7.0837446426758e-05
1685.2848510742188 0.9997564398209317 7.083537468177108e-05
1685.3056640625 1.0002443950381845 7.084484724437389e-05
1685.3264770507812 0.9999122191761074 7.085355499838386e-05
1685.3473510742188 1.00027671453726 7.083856324838408e-05
1685.3681640625 0.999776168211334 7.082740321808989e-05
1685.3889770507812 1.0000636238211948 7.082617755693959e-05
1685.4098510742188 0.9996522557703923 7.08269659694112e-05
1685.4306640625 1.0002911471434006 7.081987332773034e-05
1685.4514770507812 1.000197649501815 7.081765282169598e-05
1685.4723510742188 0.9996547246477137 7.081109856456391e-05
1685.4931640625 1.0001949284226967 7.081013134104378e-05
1685.5139770507812 0.9999407697719519 7.081618830537801e-05
1685.5348510742188 0.9998733367389032 7.083764517888457e-05
1685.5556640625 1.0001492627034305 7.084761278223042e-05
1685.5764770507812 1.000468314812672 7.085881687955215e-05
1685.5973510742188 0.9998963781492912 7.087227995271068e-05
1685.6181640625 0.9996054432541408 7.088119551992672e-05
1685.6389770507812 0.9995814186750956 7.088216189112525e-05
1685.6598510742188 1.0001758297224386 7.08959027183624e-05
1685.6806640625 1.0005386487937011 7.088308558288163e-05
1685.7014770507812 0.99999438610466 7.088082328851691e-05
1685.7223510742188 0.9996076227717884 7.085592990699534e-05
1685.7431640625 1.0000153533595055 7.08623922722294e-05
1685.7639770507812 0.9998226590274414 7.087704210902283e-05
1685.7848510742188 1.0005127243293526 7.089071800315168e-05
1685.8056640625 0.9997631844558634 7.087680646510534e-05
1685.8264770507812 0.9999817359256313 7.08617715138343e-05
1685.8473510742188 1.0000920776271531 7.087354565998269e-05
1685.8681640625 0.9999959054206866 7.087176981601469e-05
1685.8889770507812 1.0002048871068878 7.08900323187481e-05
1685.9098510742188 0.9996828208890232 7.08834775409915e-05
1685.9306640625 0.999964864207679 7.088382040072596e-05
1685.9514770507812 1.0001374710308524 7.087931466294583e-05
1685.9723510742188 0.9999474930747553 7.086213067999097e-05
1685.9931640625 1.0000681846272619 7.08701352866437e-05
1686.0139770507812 0.9998777385720928 7.085588947057852e-05
1686.0348510742188 1.0000839281257197 7.086028099166696e-05
1686.0556640625 0.9998746565103884 7.086718585846184e-05
1686.0764770507812 1.0000135187242705 7.084760172833304e-05
1686.0973510742188 1.0003031726264178 7.086082287338958e-05
1686.1181640625 0.9997911376838855 7.084750037966596e-05
1686.1389770507812 1.0000049784338476 7.08564888529377e-05
1686.1598510742188 0.9997215636704302 7.083945560140285e-05
1686.1806640625 1.000276901566456 7.088282632249191e-05
1686.2014770507812 1.0003376609899357 7.089018887891896e-05
1686.2223510742188 0.9997273538053727 7.087971459582091e-05
1686.2431640625 0.9999490148161625 7.087738489611706e-05
1686.2639770507812 0.999841278198825 7.088349316477213e-05
1686.2848510742188 1.0001178305118894 7.089533290638501e-05
1686.3056640625 1.0000189183806805 7.09096068644079e-05
1686.3264770507812 0.9997107800176536 7.086029450445599e-05
1686.3473510742188 0.9934741112416825 7.065529249876763e-05
1686.3681640625 0.9926095134364488 7.06326872154327e-05
1686.3889770507812 0.9935444550897962 7.062670185587394e-05
1686.4098510742188 0.993158977512912 7.062916856273356e-05
1686.4306640625 0.9931621553328653 7.063598465733782e-05
1686.4514770507812 0.9936416121435916 7.065027046574963e-05
1686.4723510742188 0.995250630381308 7.06886441448952e-05
1686.4931640625 0.9998436648541008 7.086658129887802e-05
1686.5139770507812 0.9998111919457455 7.08871160207855e-05
1686.5348510742188 1.0006470628483268 7.090465653657892e-05
1686.5556640625 1.0000366535027738 7.090146033487751e-05
1686.5764770507812 0.9997870389103788 7.089892461531278e-05
1686.5973510742188 0.9999340855780269 7.090475858132377e-05
1686.6181640625 0.9996197759405556 7.092393728279817e-05
1686.6389770507812 1.0005309746549131 7.09234041593224e-05
1686.6598510742188 0.9998390849478245 7.092756087134075e-05
1686.6806640625 1.0000980511196025 7.092178932525518e-05
1686.7014770507812 1.0000486777199176 7.092704399275781e-05
1686.7223510742188 0.9996675450863294 7.090940859060298e-05
1686.7431640625 0.9999843047414935 7.091908586666696e-05
1686.7639770507812 1.000263828325907 7.092662328482325e-05
1686.7848510742188 1.0002146121491722 7.093332647109523e-05
1686.8056640625 1.000098955089425 7.093006755358234e-05
1686.8264770507812 0.9994110216199044 7.095427006346188e-05
1686.8473510742188 0.9998407841142928 7.094613426029671e-05
1686.8681640625 1.0006329782932577 7.096052611354068e-05
1686.8889770507812 0.9999855853035562 7.093886245185137e-05
1686.9098510742188 0.9997901196864941 7.094416919389436e-05
1686.9306640625 0.999842616104471 7.093744870941031e-05
1686.9514770507812 1.0000018398352652 7.093963171304934e-05
1686.9723510742188 1.0001940160856584 7.093474938070161e-05
1686.9931640625 0.999881491743269 7.089325335211827e-05
1687.0139770507812 0.9999063142809193 7.089544843119423e-05
1687.0348510742188 1.000248161627286 7.090663393768203e-05
1687.0556640625 1.0001975852510414 7.091214966863457e-05
1687.0764770507812 0.9998868660319807 7.090814726378101e-05
1687.0973510742188 0.9994692384054253 7.090236512247768e-05
1687.1181640625 1.0003378006737458 7.092349155467859e-05
1687.1389770507812 1.0002807986999498 7.094981535466374e-05
1687.1598510742188 0.999893710449306 7.093684873810482e-05
1687.1806640625 0.999960578370023 7.093620450327248e-05
1687.2014770507812 0.9995501597671936 7.090860083868275e-05
1687.2223510742188 1.0000267225237705 7.092732135662278e-05
1687.2432250976562 1.000275642352721 7.092300203118094e-05
1687.2640380859375 1.0001545262526315 7.091695333018131e-05
1687.2848510742188 1.0001092584122917 7.089414603659433e-05
1687.3057250976562 0.9995617413395282 7.086750786929863e-05
1687.3265380859375 1.0002594772018543 7.085396382180444e-05
1687.3473510742188 0.9998838419512495 7.08576097657664e-05
1687.3682250976562 1.0000030297731752 7.085638983941055e-05
1687.3890380859375 1.0001623654839396 7.087988653133682e-05
1687.4098510742188 1.0000095717658999 7.087418088655819e-05
1687.4307250976562 1.0001760429872224 7.089430266706971e-05
1687.4515380859375 0.9995194256099479 7.088070670589933e-05
1687.4723510742188 1.0002190712098 7.089743448468333e-05
1687.4932250976562 0.9998356427323998 7.092383125635102e-05
1687.5140380859375 1.0001762376611172 7.093259692594534e-05
1687.5348510742188 1.000073800607718 7.091819691951473e-05
1687.5557250976562 0.9996957417842877 7.091048630481323e-05
1687.5765380859375 1.00032633064138 7.090363355344989e-05
1687.5973510742188 0.9996109583718388 7.090719179444284e-05
1687.6182250976562 1.0001387353890951 7.093384336388503e-05
1687.6390380859375 1.000157311181251 7.09224550154019e-05
1687.6598510742188 1.0001175719426676 7.093932414200757e-05
1687.6807250976562 0.9999256543418568 7.097421497553736e-05
1687.7015380859375 1.0001594354589711 7.097354335132429e-05
1687.7223510742188 0.9994529043446647 7.096906040608678e-05
1687.7432250976562 0.9999551981760444 7.098037547142362e-05
1687.7640380859375 1.0000293150295478 7.10096503901568e-05
1687.7848510742188 1.0003926215880135 7.099954911240763e-05
1687.8057250976562 0.999837855382932 7.100917790281475e-05
1687.8265380859375 0.9947332523438442 7.0836083424526e-05
1687.8473510742188 0.9940633935087654 7.077197590836384e-05
1687.8682250976562 0.9933303875011701 7.07791228299689e-05
1687.8890380859375 0.9937194316289165 7.077830924946752e-05
1687.9307250976562 0.9945203930054315 7.08186436631344e-05
1687.9515380859375 0.9949045880185624 7.086958753166419e-05
1687.9723510742188 0.9997750039622127 7.103386414151053e-05
1687.9932250976562 0.9999483855386054 7.104382822302436e-05
1688.0140380859375 1.0000548384974581 7.103343246594256e-05
1688.0348510742188 1.0004707544157423 7.100614643253854e-05
1688.0557250976562 1.000212444911249 7.099865322116526e-05
1688.0765380859375 0.9999067515132455 7.101372974708396e-05
1688.0973510742188 0.9999856201709356 7.101728121129852e-05
1688.1182250976562 0.9997703556599367 7.103876537686167e-05
1688.1390380859375 1.0000335892466359 7.104999391293118e-05
1688.1598510742188 0.9999294614800774 7.105012945073924e-05
1688.1807250976562 1.0002485155691432 7.103672671999533e-05
1688.2015380859375 0.9998601544477465 7.104025689414018e-05
1688.2223510742188 0.999892354513744 7.102466276348265e-05
1688.2432250976562 1.0000114916036469 7.101015566662548e-05
1688.2640380859375 1.0000875245721221 7.102377337224998e-05
1688.2848510742188 1.0000487787688508 7.099717184354184e-05
1688.3057250976562 1.0001637893438506 7.098938556688225e-05
1688.3265380859375 0.9999408759003519 7.100633229014916e-05
1688.3473510742188 0.9999054132408365 7.10080651551035e-05
1688.3682250976562 0.9997538867910635 7.100302526471018e-05
1688.3890380859375 1.0000418580942445 7.101299517345058e-05
1688.4098510742188 1.000301308975772 7.100257189385953e-05
1688.4307250976562 1.0000185738214047 7.100662684453273e-05
1688.4515380859375 0.99996579544028 7.101232774526161e-05
1688.4723510742188 0.9997014765751172 7.100330850580808e-05
1688.4932250976562 1.0000678037871165 7.103286728350987e-05
1688.5140380859375 1.0000928527925044 7.105389644257994e-05
1688.5348510742188 1.0000685249738603 7.105707453404122e-05
1688.5557250976562 1.0000665569802625 7.108022292045207e-05
1688.5765380859375 0.9999937840072112 7.10809033679686e-05
1688.5973510742188 0.9998646791926887 7.109922756845505e-05
1688.6182250976562 0.9999837779771982 7.112697943977443e-05
1688.6390380859375 1.0001248800728337 7.113649844520731e-05
1688.6598510742188 1.0000490990985322 7.115162214370325e-05
1688.6807250976562 0.999687831564107 7.114444989904201e-05
1688.7015380859375 1.0000337121816645 7.113984857084206e-05
1688.7223510742188 1.0001057802625533 7.115435174509417e-05
1688.7432250976562 0.9998447537527049 7.116451041952996e-05
1688.7640380859375 1.00039543112725 7.114925269533832e-05
1688.7848510742188 0.9998811590209961 7.114089813162432e-05
1688.8057250976562 1.0001710342700199 7.115114695498816e-05
1688.8265380859375 0.9996051845831462 7.114770088723792e-05
1688.8473510742188 0.9999913401721208 7.116729440355463e-05
1688.8682250976562 1.000040372933941 7.116570080483117e-05
1688.8890380859375 1.0002915788004525 7.116141656883258e-05
1688.9098510742188 0.9999353992263517 7.116848618773456e-05
1688.9307250976562 0.9998362760897477 7.1173602884557e-05
1688.9515380859375 1.0001218616149246 7.11598834918211e-05
1688.9723510742188 0.9998333375569645 7.116259910246564e-05
1688.9932250976562 0.9999622158933845 7.115134659479239e-05
1689.0140380859375 1.0002416391421731 7.115905458990397e-05
1689.0348510742188 0.9999272603907154 7.115635962134351e-05
1689.0557250976562 1.0002006186955559 7.114632483538518e-05
1689.0765380859375 0.9995899665252014 7.115049405814739e-05
1689.0973510742188 0.9999609311898513 7.116705661028186e-05
1689.1182250976562 1.0004372666784613 7.11714290194863e-05
1689.1390380859375 0.9997712120052773 7.117111600158495e-05
1689.1598510742188 1.0001527542752342 7.117935540525528e-05
1689.1807250976562 0.9996247125240117 7.116250155512405e-05
1689.2015380859375 0.9997692499044061 7.116498182675511e-05
1689.2223510742188 1.0005372190669801 7.115209391664243e-05
1689.2432250976562 1.0001971899965385 7.116461725458239e-05
1689.2640380859375 1.0001142523305395 7.115204755629668e-05
1689.2848510742188 0.9997080823794523 7.115224267220647e-05
1689.3057250976562 0.9948973155768798 7.097869894368629e-05
1689.3265380859375 0.9936022960680989 7.091416224400601e-05
1689.3473510742188 0.9935681548484298 7.089515298712016e-05
1689.3682250976562 0.9933070402318164 7.089830409054342e-05
1689.3890380859375 0.9933964217899949 7.090562278596576e-05
1689.4098510742188 0.9946288202471705 7.091963480368632e-05
1689.4307250976562 0.9949546117528505 7.092077064497246e-05
1689.4515380859375 0.9997906313861478 7.112407527797346e-05
1689.4723510742188 1.0003572692025602 7.116110274228532e-05
1689.4932250976562 0.9998458582152454 7.11492471545524e-05
1689.5140380859375 1.0001324263521296 7.115599076968603e-05
1689.5348510742188 1.000009408683943 7.115347103027593e-05
1689.5557250976562 0.9998593638111135 7.119336973652481e-05
1689.5765380859375 0.9998735416876928 7.12087802182726e-05
1689.5973510742188 1.0002091944090625 7.124831871575846e-05
1689.6182250976562 1.0000349534883002 7.1268986134347e-05
1689.6390380859375 1.0001350124467967 7.126430454271754e-05
1689.6598510742188 0.9997685933393974 7.128835727049102e-05
1689.6807250976562 0.9997277065605894 7.130167298653826e-05
1689.7015380859375 1.0003063668627379 7.131631916574465e-05
1689.7223510742188 0.999992478583544 7.13183869282145e-05
1689.7432250976562 1.0001319297795048 7.132362985556325e-05
1689.7640380859375 0.9999748200815985 7.131729666936191e-05
1689.7848510742188 0.9997090588656633 7.132261533443308e-05
1689.8057250976562 1.0000951523496746 7.133221638240139e-05
1689.8265991210938 0.9998814882454272 7.132379720529904e-05
1689.847412109375 1.0001986892808328 7.131163714294963e-05
1689.8682250976562 1.000223090142217 7.132899627999311e-05
1689.8890991210938 0.9996714788220892 7.132413303004417e-05
1689.909912109375 1.0000473081152945 7.133355255986753e-05
1689.9307250976562 0.9997836695343366 7.132263116534458e-05
1689.9515991210938 1.00044238105038 7.131911875645705e-05
1689.972412109375 0.9999737508803596 7.132720373047684e-05
1689.9932250976562 0.9998930742032631 7.13319611097577e-05
1690.0140991210938 1.0002479038995897 7.134178913002622e-05
1690.034912109375 0.9996982220067138 7.13471086463964e-05
1690.0557250976562 0.9995768590921957 7.134279628340436e-05
1690.0765991210938 1.000289109711368 7.134619076439827e-05
1690.097412109375 1.0003855956342333 7.135672073514283e-05
1690.1182250976562 0.9999254870697999 7.136604997951785e-05
1690.1390991210938 0.9999096219861945 7.137034540265827e-05
1690.159912109375 0.9997474008521081 7.136075803070729e-05
1690.1807250976562 0.9999980495687824 7.138702598104808e-05
1690.2015991210938 1.000042281402207 7.138173709274071e-05
1690.222412109375 1.0002567435262881 7.13776524166203e-05
1690.2432250976562 0.9998424385994624 7.135553255096667e-05
1690.2640991210938 1.0000854238000936 7.132665184709945e-05
1690.284912109375 0.9998940045758611 7.131990362012294e-05
1690.3057250976562 1.0001914578829352 7.130054895642791e-05
1690.3265991210938 0.999771335765189 7.129017814733365e-05
1690.347412109375 1.0001297332139207 7.129299133588391e-05
1690.3682250976562 0.9999126327255096 7.127695935440851e-05
1690.3890991210938 1.0002726124932952 7.130447703281273e-05
1690.409912109375 0.9998519420034235 7.130022907019007e-05
1690.4307250976562 0.9998222590143147 7.130610572598031e-05
1690.4515991210938 0.9999718638227397 7.132576201177228e-05
1690.472412109375 1.0000925264610614 7.134909647096243e-05
1690.4932250976562 0.999962676411009 7.139445522678106e-05
1690.5140991210938 1.0000115865996744 7.141773498413619e-05
1690.534912109375 1.0000766776068717 7.148011972210338e-05
1690.5557250976562 1.0001388204949397 7.154766358492927e-05
1690.5765991210938 0.9999722808976977 7.159363584390088e-05
1690.597412109375 0.999801623944785 7.163743454217032e-05
1690.6182250976562 1.0000430471148 7.167232515839344e-05
1690.6390991210938 1.000030809131656 7.172181988278609e-05
1690.659912109375 1.0001117229185572 7.174222538424865e-05
1690.6807250976562 0.9995927847096995 7.175762515785122e-05
1690.7015991210938 1.0005294160639224 7.181449111238317e-05
1690.722412109375 0.9998512372378513 7.182992756231146e-05
1690.7432250976562 1.0002019275516625 7.186152161434476e-05
1690.7640991210938 0.9998006923979902 7.187806184508807e-05
1690.784912109375 0.9950159563601072 7.175735001300038e-05
1690.8057250976562 0.9928437649317639 7.173236315503099e-05
1690.8265991210938 0.9929967162204588 7.176427322309435e-05
1690.847412109375 0.9933721536854015 7.182183291373838e-05
1690.8682250976562 0.9934295504801707 7.188043729261633e-05
1690.8890991210938 0.9944589799416862 7.193324672024623e-05
1690.909912109375 0.9954169007125228 7.19879156514312e-05
1690.9307250976562 0.9995167408779113 7.215308148126471e-05
1690.9515991210938 1.0001919164260284 7.218181997553618e-05
1690.972412109375 1.0006197607628513 7.218612340234404e-05
1690.9932250976562 0.9998786796304008 7.215531266655979e-05
1691.0140991210938 1.0002357360732004 7.215397454574162e-05
1691.034912109375 0.9998309795844852 7.214505968934576e-05
1691.0557250976562 1.0000184375246588 7.217435191025768e-05
1691.0765991210938 0.9999608321704198 7.217985344049418e-05
1691.097412109375 1.000035246846145 7.218590917242651e-05
1691.1182250976562 0.9998389794940725 7.220479219412063e-05
1691.1390991210938 0.9998130592138301 7.219831714541589e-05
1691.159912109375 1.0003053200748273 7.221380455821452e-05
1691.1807250976562 0.9998330720144395 7.220167692830312e-05
1691.2015991210938 1.0002511439731245 7.223238897235672e-05
1691.222412109375 0.9999892375130914 7.223456971094416e-05
1691.2432250976562 0.99998896723528 7.226291423574629e-05
1691.2640991210938 0.999905345590403 7.22746568179731e-05
1691.284912109375 1.0000272488045454 7.226639292594237e-05
1691.3057250976562 1.0001656470546232 7.226291109015435e-05
1691.3265991210938 0.9998099408987446 7.224520612112436e-05
1691.347412109375 0.9999232789998763 7.225410577231779e-05
1691.3682250976562 0.9998699508169075 7.220362932109235e-05
1691.3890991210938 1.0000521983451045 7.219925801629631e-05
1691.409912109375 1.000143391460902 7.219767021367343e-05
1691.4307250976562 1.0002378037933506 7.222292314598529e-05
1691.4515991210938 0.9995660521020894 7.224103208314207e-05
1691.472412109375 1.0001740439128952 7.227193217298164e-05
1691.4932250976562 1.0002249281832856 7.235019578175382e-05
1691.5140991210938 0.9998300244323672 7.24211194086845e-05
1691.534912109375 1.000132898274389 7.25090571152237e-05
1691.5557250976562 0.9997310650162382 7.258737598393882e-05
1691.5765991210938 1.000125015683675 7.26910830720287e-05
1691.597412109375 1.000299163104168 7.280278587676161e-05
1691.6182250976562 0.9997042050937216 7.285140053737731e-05
1691.6390991210938 0.9997705852723928 7.293551748706339e-05
1691.659912109375 0.9996918701190157 7.300562995332247e-05
1691.6807250976562 1.0000832292835182 7.312361945812195e-05
1691.7015991210938 1.000625586741884 7.320161587534399e-05
1691.722412109375 1.0003083216294457 7.323758609092832e-05
1691.7432250976562 1.0002741578604237 7.328365439022373e-05
1691.7640991210938 0.9993711816669819 7.32914465815505e-05
1691.784912109375 0.9991552329786589 7.329007357737088e-05
1691.8057250976562 1.0010587531240618 7.340377245030747e-05
1691.8265991210938 1.0004476593213303 7.342924197924165e-05
1691.847412109375 0.9991723391436276 7.343226690844527e-05
1691.8682250976562 0.9998130880403143 7.34904142117606e-05
1691.8890991210938 1.0006313154431403 7.357534659869881e-05
1691.909912109375 1.0000359655314388 7.358722652535994e-05
1691.9307250976562 0.9995806703911062 7.356592633696851e-05
1691.9515991210938 0.9998457144347542 7.364091731634308e-05
1691.972412109375 1.0003387027790163 7.369458966455868e-05
1691.9932250976562 1.0001028018113587 7.373957706540916e-05
1692.0140991210938 0.9999097413453746 7.376321379125215e-05
1692.034912109375 0.9997991554531435 7.380478136402478e-05
1692.0557250976562 0.9999594780314647 7.386701221908213e-05
1692.0765991210938 1.0012163172312099 7.395516524034316e-05
1692.097412109375 1.0001698596657518 7.3967307524923e-05
1692.1182250976562 0.9990347789268684 7.397207322320178e-05
1692.1390991210938 1.0003314773930239 7.406803340464036e-05
1692.159912109375 0.999466926191197 7.405642531594297e-05
1692.1807250976562 1.0006032792518988 7.41625592259481e-05
1692.2015991210938 0.9990225622157521 7.417575914490604e-05
1692.222412109375 0.9993531487751347 7.424845580865423e-05
1692.2432250976562 1.0002498478905861 7.433794357029327e-05
1692.2640991210938 0.9950084729476841 7.425415473148426e-05
1692.284912109375 0.9922809039385563 7.422761184420981e-05
1692.3057250976562 0.9914170162528821 7.424944431183571e-05
1692.3265991210938 0.9911482177811521 7.43070645747091e-05
1692.347412109375 0.9916006907904762 7.438273434752338e-05
1692.3682250976562 0.9913321516110384 7.440487557450342e-05
1692.3890991210938 0.9898648763084844 7.43936958878085e-05
1692.4307250976562 1.0000817992209874 7.477031897982343e-05
1692.4515991210938 0.9997738275189171 7.484551133937123e-05
1692.472412109375 1.0001247840149143 7.494984577228034e-05
1692.4932250976562 0.9996347854224118 7.504636091228144e-05
1692.5140991210938 1.000276018224628 7.517862407216224e-05
1692.5349731445312 1.0005738153790182 7.533311931044464e-05
1692.5557861328125 0.9999896220085696 7.552295421187808e-05
1692.5765991210938 0.9995935608019882 7.573568590080156e-05
1692.5974731445312 0.9996907923538285 7.597360726080051e-05
1692.6182861328125 1.0004238796438876 7.620349578441243e-05
1692.6390991210938 1.0005605117658272 7.641514859710999e-05
1692.6599731445312 0.9993951924267039 7.661048523727338e-05
1692.6807861328125 0.9993156172713389 7.682344972787506e-05
1692.7015991210938 1.0002989888162128 7.706414757730353e-05
1692.7224731445312 1.000578071216065 7.734763682263029e-05
1692.7432861328125 1.0000863629031471 7.763014582702695e-05
1692.7640991210938 0.9995320037160152 7.785620381774302e-05
1692.7849731445312 1.0003178807645619 7.805484884448419e-05
1692.8057861328125 1.0001614094318805 7.818642923487938e-05
1692.8265991210938 0.9996204453543349 7.822327119450479e-05
1692.8474731445312 0.9994906383027271 7.826755956568838e-05
1692.8682861328125 1.000476754742057 7.831451486997669e-05
1692.8890991210938 1.0005163059440945 7.836846814706535e-05
1692.9099731445312 0.9993436099778682 7.843912917247717e-05
1692.9307861328125 0.9999323049814421 7.857397661755176e-05
1692.9515991210938 1.0003277315514205 7.871460365957719e-05
1692.9724731445312 1.0003000225284446 7.881827396046868e-05
1692.9932861328125 1.0001351893722816 7.887680396886728e-05
1693.0140991210938 0.9995989976773353 7.887382461819721e-05
1693.0349731445312 0.9997637163799877 7.883169075935636e-05
1693.0557861328125 1.0005255650228937 7.870847534380294e-05
1693.0765991210938 1.0008179090671485 7.862889493271378e-05
1693.0974731445312 0.999544409871059 7.861482588072418e-05
1693.1182861328125 0.9996651505897184 7.866347978319133e-05
1693.1390991210938 1.0001119367458144 7.879233503568848e-05
1693.1599731445312 1.000206691956094 7.900131260812366e-05
1693.1807861328125 1.0005205265251433 7.932610645552005e-05
1693.2015991210938 0.9995038142084836 7.970048518856962e-05
1693.2224731445312 1.000138274095475 8.016746473689126e-05
1693.2432861328125 0.9999006257838645 8.057360429860711e-05
1693.2640991210938 1.0000573113229339 8.088551811081104e-05
1693.2849731445312 0.9997443315639459 8.114227964701155e-05
1693.3057861328125 1.0001496193303696 8.140739764133678e-05
1693.3265991210938 1.0000816818274207 8.163735977021882e-05
1693.3474731445312 1.0004881657435516 8.18599015212958e-05
1693.3682861328125 1.0019043452057463 8.200830213073759e-05
1693.3890991210938 1.001604382237383 8.2006530693329e-05
1693.4099731445312 0.9997329672549014 8.19143372002379e-05
1693.4307861328125 0.9999719576194994 8.179908713641877e-05
1693.4515991210938 0.9995103091054881 8.156784523016026e-05
1693.4724731445312 1.0002911656851907 8.130426901078761e-05
1693.4932861328125 1.000417832113227 8.090835990663614e-05
1693.5140991210938 0.9993434141620325 8.032943448284995e-05
1693.5349731445312 1.0001299014183973 7.974973079816349e-05
1693.5557861328125 0.9999531944958487 7.920861860445179e-05
1693.5765991210938 1.000325037975113 7.872479855036754e-05
1693.5974731445312 1.0002774947636588 7.835780013060845e-05
1693.6182861328125 0.9994814450269718 7.813263306069396e-05
1693.6390991210938 1.0000036909373116 7.806896398889472e-05
1693.6599731445312 0.9996221343882878 7.798068296592296e-05
1693.6807861328125 1.000261573847313 7.791313455847977e-05
1693.7015991210938 0.999873503648226 7.781994207971726e-05
1693.7224731445312 1.0001692360024854 7.766231160469904e-05
1693.7432861328125 0.9951499448915798 7.735979358633383e-05
1693.7640991210938 0.9917653931615993 7.702619806431734e-05
1693.7849731445312 0.9920012457018934 7.671801089301867e-05
1693.8057861328125 0.9918030176425823 7.642802559645378e-05
1693.8265991210938 0.9912758005859724 7.610014925640646e-05
1693.8474731445312 0.9915313389635593 7.573043826367784e-05
1693.8682861328125 0.9924105217554988 7.534469610807204e-05
1693.8890991210938 0.9976298366175231 7.50504042764024e-05
1693.9099731445312 1.0000725138661861 7.466873450688229e-05
1693.9307861328125 0.9999882056515289 7.424449238522084e-05
1693.9515991210938 1.0002397045562381 7.381571002843923e-05
1693.9724731445312 0.9996417887575245 7.335961726769402e-05
1693.9932861328125 0.9997784204349838 7.291694123712134e-05
1694.0140991210938 1.0001830250348662 7.253746362580597e-05
1694.0349731445312 1.0003270724994782 7.221587915624075e-05
1694.0557861328125 1.0002426063802305 7.196157130678332e-05
1694.0765991210938 0.999767960222064 7.17883232535217e-05
1694.0974731445312 0.9997701349525856 7.170483058260461e-05
1694.1182861328125 0.9999576585719037 7.167957280054256e-05
1694.1390991210938 1.0002672886240453 7.163297557749045e-05
1694.1599731445312 0.9998491789515881 7.160628818794212e-05
1694.1807861328125 0.9998881670739385 7.157167845831992e-05
1694.2015991210938 1.0001007600085492 7.157488229904168e-05
1694.2224731445312 1.0002030311609345 7.156571422794633e-05
1694.2432861328125 0.9997722715255222 7.153852013110608e-05
1694.2640991210938 0.9999395541145479 7.152502618331695e-05
1694.2849731445312 1.000138400187195 7.150178373519636e-05
1694.3057861328125 0.9999352361333977 7.14751797858698e-05
1694.3265991210938 0.9999876360774478 7.14567950685591e-05
1694.3474731445312 1.000116786615146 7.140005283549168e-05
1694.3682861328125 0.9999758329585571 7.138651718494064e-05
1694.3890991210938 0.9997962105030712 7.137433811660287e-05
1694.4099731445312 1.0000924271994176 7.133727549131947e-05
1694.4307861328125 1.0002877079822283 7.13116816298959e-05
1694.4515991210938 0.9999538640461174 7.130281275092249e-05
1694.4724731445312 1.0001006681019289 7.128230148311541e-05
1694.4932861328125 0.9996527112197573 7.12685979921072e-05
1694.5140991210938 0.9997382322609885 7.127219159290577e-05
1694.5349731445312 1.0004426170641716 7.126818001864632e-05
1694.5557861328125 0.99971585608756 7.127707432266364e-05
1694.5765991210938 1.0004278993952673 7.128684597122751e-05
1694.5974731445312 0.9998539254878291 7.127594064729902e-05
1694.6182861328125 0.9995141883139119 7.128906234361183e-05
1694.6390991210938 1.0003340416009496 7.131811739068331e-05
1694.6599731445312 0.999924996369942 7.131408934482456e-05
1694.6807861328125 1.000404443757395 7.128455300907892e-05
1694.7015991210938 0.9998674568206264 7.130338609286758e-05
1694.7224731445312 0.9998541290738815 7.130848617752034e-05
1694.7432861328125 0.9999096858214394 7.129545839152286e-05
1694.7640991210938 0.9999758921828611 7.127198505288544e-05
1694.7849731445312 1.0001620399553683 7.12751993065426e-05
1694.8057861328125 1.0000870398491721 7.126636594428711e-05
1694.8265991210938 0.9998010639739912 7.126685108812824e-05
1694.8474731445312 1.0003154286930185 7.122802639041884e-05
1694.8682861328125 0.9995247263130604 7.126233186642625e-05
1694.8890991210938 1.000135740479352 7.126838884497126e-05
1694.9099731445312 0.9999628053244114 7.12558347463252e-05
1694.9307861328125 1.0002184625663604 7.125169845557903e-05
1694.9515991210938 0.999938069791143 7.123394896622137e-05
1694.9724731445312 1.0000661639625705 7.12333396132979e-05
1694.9932861328125 1.0000321648509918 7.12283228383375e-05
1695.0140991210938 0.9995838892228419 7.120326123190036e-05
1695.0349731445312 1.000220940661306 7.119263853329315e-05
1695.0557861328125 1.0001052460437716 7.116854866569103e-05
1695.0765991210938 1.0002497115632467 7.11613331741398e-05
1695.0974731445312 0.9998508451825859 7.113261556051467e-05
1695.1182861328125 0.999761384171301 7.11041874639976e-05
1695.1390991210938 0.9998378753210998 7.109954110922438e-05
1695.1599731445312 1.000088030893919 7.107274328368199e-05
1695.1807861328125 1.0000903228959912 7.107028907550124e-05
1695.2015991210938 1.000011128215627 7.106159694467292e-05
1695.2224731445312 0.9963205558241508 7.093460452087828e-05
1695.2433471679688 0.993136950837211 7.081161420117139e-05
1695.26416015625 0.9932296463748383 7.08060735213151e-05
1695.2849731445312 0.9934108249061434 7.078814643735996e-05
1695.3058471679688 0.9932550672828293 7.07852277035587e-05
1695.32666015625 0.9934472836013917 7.078474118718791e-05
1695.3474731445312 0.9941214264641307 7.079531779665287e-05
1695.3683471679688 0.9973974927448606 7.090550584559614e-05
1695.38916015625 0.9999343114084549 7.096900299461216e-05
1695.4099731445312 0.9999561270785495 7.09607806288414e-05
1695.4308471679688 0.9999845082952101 7.095429690723012e-05
1695.45166015625 0.9998168983055882 7.093504277076489e-05
1695.4724731445312 1.000366602702832 7.090007582269403e-05
1695.4933471679688 1.000203965412843 7.09034762584818e-05
1695.51416015625 0.9998371028194775 7.088398475114045e-05
1695.5349731445312 0.9998245114512113 7.090957441747995e-05
1695.5558471679688 0.9999141027363784 7.091168293966993e-05
1695.57666015625 1.0000989983175916 7.089584827453521e-05
1695.5974731445312 1.000142592117822 7.090669782746626e-05
1695.6183471679688 0.9999463393625938 7.091928601080013e-05
1695.63916015625 0.9999543632759368 7.091790333819373e-05
1695.6599731445312 1.000041670311243 7.091479850007333e-05
1695.6808471679688 1.0000575744566116 7.092284680620997e-05
1695.70166015625 0.9997919720871771 7.09343289602363e-05
1695.7224731445312 1.0002085768720133 7.092768630848806e-05
1695.7433471679688 0.9998583097457063 7.089806586373352e-05
1695.76416015625 0.9999902698264556 7.0903045308786e-05
1695.7849731445312 1.0001504883214574 7.089522887531641e-05
1695.8058471679688 0.9998577018937636 7.087697191056099e-05
1695.82666015625 1.0001473440168027 7.085716356273141e-05
1695.8474731445312 0.999778825754938 7.082841974213808e-05
1695.8683471679688 0.9999417036415047 7.082079552658561e-05
1695.88916015625 0.9999723198160921 7.079205139798375e-05
1695.9099731445312 1.0002029622517628 7.077829119043027e-05
1695.9308471679688 1.0002055866548474 7.076821256548814e-05
1695.95166015625 1.0000915947271047 7.07435420313235e-05
1695.9724731445312 1.00008446677783 7.071320689872725e-05
1695.9933471679688 0.9995746163800102 7.071082012271638e-05
1696.01416015625 1.000040922814019 7.068679065336721e-05
1696.0349731445312 0.9999904131225029 7.066396761163156e-05
1696.0558471679688 0.9995743379729392 7.06170303892131e-05
1696.07666015625 1.000417719777009 7.060732978845697e-05
1696.0974731445312 1.0001101187347943 7.059193323634564e-05
1696.1183471679688 1.000007164836279 7.05717231549977e-05
1696.13916015625 0.9998546091165708 7.055513518470674e-05
1696.1599731445312 0.9999256128855943 7.056866658475669e-05
1696.1808471679688 1.000187572674162 7.057983608609073e-05
1696.20166015625 1.0000554246596844 7.057346411415087e-05
1696.2224731445312 0.9999096016815223 7.056668746358381e-05
1696.2433471679688 0.9999480280222155 7.056743805241885e-05
1696.26416015625 1.0000548671138239 7.058883838384417e-05
1696.2849731445312 0.9998654866940699 7.054727200741623e-05
1696.3058471679688 1.000210416060413 7.059081495621959e-05
1696.32666015625 0.9997749624027611 7.059376118543812e-05
1696.3474731445312 1.0001848212349642 7.05902573547835e-05
1696.3683471679688 0.9999361554277931 7.060344774154999e-05
1697.3683471679688 1.000028733672623 7.064535165917557e-05
1697.38916015625 0.9994960418796918 7.064355803288847e-05
1697.4099731445312 1.0004476374123776 7.063816851120096e-05
1697.4308471679688 1.0005544558672517 7.063678594758449e-05
1697.45166015625 0.9997284305441382 7.058170795425945e-05
1697.4724731445312 0.9997081024008925 7.054243769065206e-05
1697.4933471679688 0.999845779772733 7.053351980666295e-05
1697.51416015625 1.0004470227683604 7.052551918019632e-05
1697.5349731445312 0.9997947096308052 7.055703934976023e-05
1697.5558471679688 1.0000597436937313 7.056523198007903e-05
1697.57666015625 0.9997776533263839 7.051652151594284e-05
1697.5974731445312 1.0000646589445419 7.053004810678855e-05
1697.6183471679688 1.0002144633983052 7.054831856990516e-05
1697.63916015625 1.0001677283080008 7.053100202045988e-05
1697.6599731445312 0.9999520626700116 7.050804549970493e-05
1697.6808471679688 0.9992768296029961 7.054525575391843e-05
1697.70166015625 1.0004473512170675 7.050049134656652e-05
1697.7224731445312 1.0000029202455496 7.049921768456012e-05
1697.7433471679688 1.0002031663863464 7.047305386883771e-05
1697.76416015625 0.9990464634890911 7.049219122154949e-05
1697.7849731445312 1.0000580897354607 7.049512982305746e-05
1697.8058471679688 0.999671660141109 7.043168374529555e-05
1697.82666015625 1.0002280416135745 7.049002198927878e-05
1697.8474731445312 0.9997159557091735 7.050972472628387e-05
1697.8683471679688 1.0001075846623142 7.05053579796979e-05
1697.88916015625 1.0004722353466518 7.045015674739225e-05
1697.9099731445312 0.9996386156606504 7.053265672104072e-05
1697.9308471679688 0.9995253906530662 7.050710232313001e-05
1697.95166015625 1.0003828510148203 7.050209943924476e-05
1697.9724731445312 1.0003982997434397 7.049411749730502e-05
1697.9933471679688 0.9997671716794682 7.052216256074206e-05
1698.01416015625 0.9996749125502797 7.049909304409411e-05
1698.0349731445312 0.9999468460823215 7.050951472727583e-05
1698.0558471679688 1.0003308509551232 7.052290062996844e-05
1698.07666015625 1.0002132151871415 7.0557363763349e-05
1698.0974731445312 0.999914946167764 7.058842919812726e-05
1698.1183471679688 0.9998480940324809 7.060405149915766e-05
1698.13916015625 1.000212398322357 7.063040622781547e-05
1698.1599731445312 0.9998504625653915 7.062840000873862e-05
1698.1808471679688 0.9980855073953437 7.05503566369654e-05
1698.20166015625 0.9938740101321473 7.039806892741621e-05
1698.2224731445312 0.9932263211948209 7.037933118879066e-05
1698.2433471679688 0.9928931277981707 7.04026261026005e-05
1698.26416015625 0.992787592959479 7.03872811256776e-05
1698.2849731445312 0.9929004392836257 7.039741643411756e-05
1698.3058471679688 0.9936613931017105 7.038876753627127e-05
1698.32666015625 0.9956841661114615 7.04761487104239e-05
1698.3474731445312 0.9993382679440168 7.062855654496599e-05
1698.3683471679688 0.9999340117400685 7.062484798798875e-05
1698.38916015625 1.0000742780731473 7.062918052929227e-05
1698.4099731445312 0.999731937136724 7.065764505955388e-05
1698.4308471679688 1.0000087309311552 7.06421432478877e-05
1698.45166015625 1.0002946675270508 7.064763708999101e-05
1698.4724731445312 1.0001135332082387 7.065784288749534e-05
1698.4933471679688 0.9998506956251012 7.065428586680357e-05
1698.51416015625 0.9998648184410327 7.066288025240125e-05
1698.5349731445312 1.0003095879711328 7.067369284511679e-05
1698.5558471679688 0.9998756217539277 7.069201179262087e-05
1698.57666015625 0.9997652138809212 7.070943332400368e-05
1698.5974731445312 1.0000912704400764 7.072247505523856e-05
1698.6183471679688 1.0002907355241026 7.069124083390102e-05
1698.63916015625 0.9997261483418163 7.072080012168049e-05
1698.6599731445312 0.9999223255864814 7.072157201385905e-05
1698.6808471679688 1.0001379173974676 7.071857388694462e-05
1698.70166015625 1.0000874161332372 7.071840507503734e-05
1698.7224731445312 0.9998038680308118 7.070157973792731e-05
1698.7433471679688 0.9999664095486138 7.07065025193918e-05
1698.76416015625 1.0001358402543525 7.070010475611959e-05
1698.7849731445312 1.001254500827506 7.066941147343609e-05
1698.8058471679688 1.0002172361248203 7.071777703247747e-05
1698.82666015625 0.999733408885142 7.071891231095502e-05
1698.8474731445312 1.0000416921210238 7.069748511911256e-05
1698.8683471679688 0.9998410582035001 7.072888175827962e-05
1698.88916015625 1.0003434169591492 7.073255960766026e-05
1698.9099731445312 1.0000922903256566 7.073932075409688e-05
1698.9308471679688 0.9997917485603925 7.073336733680449e-05
1698.95166015625 0.9998582170763465 7.0733636571463e-05
1698.9724731445312 1.0000801079947752 7.072144909698808e-05
1698.9933471679688 0.99988824243968 7.072098612852568e-05
1699.01416015625 0.9999825838405964 7.072039087794769e-05
1699.0349731445312 1.0001846082857184 7.06984599526246e-05
1699.0558471679688 0.9990153761617636 7.070288653818604e-05
1699.07666015625 0.9996787950530129 7.073668328974744e-05
1699.0974731445312 1.0003862050820223 7.072849336943502e-05
1699.1183471679688 0.9999071939407371 7.073109997715459e-05
1699.13916015625 1.0001120607749467 7.075129344045119e-05
1699.1599731445312 1.0000798011741758 7.074000646031123e-05
1699.1808471679688 0.9998276233772684 7.074710047981027e-05
1699.20166015625 0.9998595515329843 7.075335006977158e-05
1699.2224731445312 1.0000139906254986 7.075795587703188e-05
1699.2433471679688 0.9999210413192471 7.075982682392858e-05
1699.26416015625 1.0002634227711589 7.072785436717891e-05
1699.2849731445312 0.9998710282661886 7.073354551105136e-05
1699.3058471679688 1.0000578812563676 7.073981018237713e-05
1699.32666015625 1.0000735505097564 7.074712820823913e-05
1699.3474731445312 0.9998299061927126 7.073629132150904e-05
1699.3683471679688 1.0000339606848938 7.074756424624392e-05
1699.38916015625 1.0000368910072832 7.074186067190503e-05
1699.4099731445312 0.9998075928839354 7.07457470418756e-05
1699.4308471679688 1.0002670836126106 7.076936489023268e-05
1699.45166015625 1.0001881726445627 7.074807033238843e-05
1699.4724731445312 0.9997763244736138 7.07754649437077e-05
1699.4933471679688 0.9996091550593141 7.07903776802512e-05
1699.51416015625 1.000388744027955 7.078144570242217e-05
1699.5349731445312 1.0001575201796937 7.080756603910568e-05
1699.5558471679688 0.9999451216843214 7.08197022508546e-05
1699.5767211914062 1.000000831402784 7.0821549585067e-05
1699.5975341796875 0.999705193176055 7.082148714294922e-05
1699.6183471679688 0.9998917081471388 7.082763278879714e-05
1699.6392211914062 1.000212365302351 7.080230313753277e-05
1699.6600341796875 0.9986846113179207 7.076849880388974e-05
1699.6808471679688 0.9937214133289104 7.061009534908963e-05
1699.7017211914062 0.9935583652489794 7.058624995336804e-05
1699.7225341796875 0.9929873972996235 7.056250934726808e-05
1699.7433471679688 0.9930621877617328 7.056011536496263e-05
1699.7642211914062 0.9937224235649158 7.060015841426473e-05
1699.7850341796875 0.9944587880776742 7.06114680353703e-05
1699.8058471679688 0.9959502683935659 7.068217830683323e-05
1699.8267211914062 0.9997801930098347 7.083208664780775e-05
1699.8475341796875 1.0000224026247602 7.084224249407682e-05
1699.8683471679688 1.0001767347479753 7.081610028270173e-05
1699.8892211914062 1.0000483051255233 7.082861058270464e-05
1699.9100341796875 1.000222572590099 7.082162070931427e-05
1699.9308471679688 1.0002565422368281 7.083186864241143e-05
1699.9517211914062 0.9997499151341623 7.080509220555155e-05
1699.9725341796875 0.9997420246961427 7.079897646968267e-05
1699.9933471679688 0.9999610805083469 7.079484858536452e-05
1700.0142211914062 1.0000627742759547 7.080947289356843e-05
1700.0350341796875 1.0003783360390117 7.079983488084984e-05
1700.0558471679688 0.9998209938442834 7.080237091950329e-05
1700.0767211914062 1.0000748620682836 7.078971797762374e-05
1700.0975341796875 0.9997028366901377 7.079712592047352e-05
1700.1183471679688 1.0000475735084033 7.080372027713989e-05
1700.1392211914062 1.0002630788497326 7.081478132898743e-05
1700.1600341796875 1.0000017547834485 7.081720058054365e-05
1700.1808471679688 0.9998487233378064 7.081067490860765e-05
1700.2017211914062 1.0001533335843609 7.08194375972327e-05
1700.2225341796875 0.9997556488865703 7.08126345808791e-05
1700.2433471679688 0.9999165242863636 7.081177428799664e-05
1700.2642211914062 1.0000178690707395 7.078113787014383e-05
1700.2850341796875 1.0001317926828623 7.079049780036678e-05
1700.3058471679688 1.0000760602001009 7.077254181747384e-05
1700.3267211914062 0.9999053053881631 7.077710168726328e-05
1700.3475341796875 1.0002527988559473 7.077678468411046e-05
1700.3683471679688 0.9998956301634866 7.077702653384778e-05
1700.3892211914062 0.9998642568876255 7.080110047455012e-05
1700.4100341796875 1.0001093419018399 7.08041841916913e-05
1700.4308471679688 0.9998286471816293 7.08030647694914e-05
1700.4517211914062 1.0002808960896534 7.083025525541373e-05
1700.4725341796875 0.9997970292515758 7.083246733974685e-05
1700.4933471679688 1.0000854984650724 7.084709880492446e-05
1700.5142211914062 1.0001887522315605 7.087916844053074e-05
1700.5350341796875 0.9993973363147446 7.085967511472542e-05
1700.5558471679688 1.0000906901609201 7.088034944459267e-05
1700.5767211914062 1.000305846341495 7.08762781197416e-05
1700.5975341796875 1.000051768991038 7.08834285666124e-05
1700.6183471679688 1.0000233269467302 7.084945612143757e-05
1700.6392211914062 0.9997119898856972 7.08502786815324e-05
1700.6600341796875 1.000160902945091 7.085057652609289e-05
1700.6808471679688 0.9998398901978466 7.084567714387777e-05
1700.7017211914062 1.0003158477254093 7.086229827788817e-05
1700.7225341796875 0.9998984666894866 7.082774303255347e-05
1700.7433471679688 1.0001273249190386 7.084683698992353e-05
1700.7642211914062 0.9998886655155214 7.085725828570465e-05
1700.7850341796875 0.9997727421975752 7.085071489513272e-05
1700.8058471679688 1.0002891384292842 7.08843466453792e-05
1700.8267211914062 1.0000696233457433 7.08692936126327e-05
1700.8475341796875 0.9994846281283624 7.087299780117925e-05
1700.8683471679688 1.0002180327374464 7.087655495244109e-05
1700.8892211914062 1.0000698640925754 7.086310089714427e-05
1700.9100341796875 1.0000712285796187 7.087813446944878e-05
1700.9308471679688 1.000084963531837 7.086531442015687e-05
1700.9517211914062 0.9997649863920053 7.084525215003e-05
1700.9725341796875 1.0001106462749703 7.085630462938147e-05
1700.9933471679688 1.0001460493114116 7.087044488292101e-05
1701.0142211914062 0.9999818959580609 7.086777503975291e-05
1701.0350341796875 0.9999459596740085 7.087497364458484e-05
1701.0558471679688 0.9996608629782918 7.085121002298017e-05
1701.0767211914062 1.000159784668113 7.085574496254308e-05
1701.0975341796875 0.9998943104425441 7.08521555609833e-05
1701.1183471679688 1.0001306994000088 7.087794403972953e-05
1701.1392211914062 0.998750723911274 7.084281474898808e-05
1701.1600341796875 0.9934793070293202 7.065140195550726e-05
1701.1808471679688 0.9927273042146706 7.062685277803686e-05
1701.2017211914062 0.9929296128030008 7.06484178721023e-05
1701.2225341796875 0.9930792670871632 7.062332281339736e-05
1701.2433471679688 0.9940677696581361 7.063735312465335e-05
1701.2642211914062 0.9940497483894184 7.065765119736742e-05
1701.2850341796875 0.9953700163288567 7.06849025688779e-05
1701.3058471679688 0.9995846898819427 7.085035033479575e-05
1701.3267211914062 1.0006020463440024 7.084886923207587e-05
1701.3475341796875 0.9999960897062358 7.086273868491517e-05
1701.3683471679688 0.9998878036478811 7.084906460930933e-05
1701.3892211914062 1.0000683776388404 7.086712509685744e-05
1701.4100341796875 0.9999331388189516 7.086586164452165e-05
1701.4308471679688 0.9998950116089772 7.087478926262699e-05
1701.4517211914062 1.0000147841998341 7.087176876776565e-05
1701.4725341796875 1.0002575710584607 7.087934651496947e-05
1701.4933471679688 0.9996547869399389 7.090003973449684e-05
1701.5142211914062 1.0001822894399706 7.09017432351855e-05
1701.5350341796875 1.0000650102459685 7.090604576104034e-05
1701.5558471679688 1.0001448882432742 7.092790881325651e-05
1701.5767211914062 0.9994819515682914 7.092477731504533e-05
1701.5975341796875 1.0002893826957777 7.094170874228898e-05
1701.6183471679688 1.0001749826536672 7.096503521336407e-05
1701.6600341796875 1.0001477253415707 7.097736465252368e-05
1701.6808471679688 0.9996591470960152 7.094946968751876e-05
1701.7017211914062 0.9995984444044735 7.095540049175124e-05
1701.7225341796875 1.0002975963462375 7.096766966581251e-05
1701.7433471679688 1.0005762237238223 7.095560254702767e-05
1701.7642211914062 0.9998239933115682 7.09567270033224e-05
1701.7850341796875 0.9995703590027348 7.092266976724706e-05
1701.8058471679688 0.9998411171546022 7.09444752334376e-05
1701.8267211914062 0.9999799849338877 7.094635696045731e-05
1701.8475341796875 1.0005364827847576 7.092378147853161e-05
1701.8683471679688 1.0002990173390152 7.093454195055194e-05
1701.8892211914062 0.999686092371643 7.094464493183093e-05
1701.9100341796875 0.9996199808755385 7.09284310546328e-05
1701.9308471679688 0.9999640302419732 7.094436178731917e-05
1701.9517211914062 1.0005634443462637 7.094114746550828e-05
1701.9725341796875 1.0000295238032695 7.096617008078526e-05
1701.9933471679688 0.9993467725150322 7.094860373947867e-05
1702.0142211914062 1.000013644256795 7.091262602105038e-05
1702.0350341796875 1.0001880936583967 7.092016577603466e-05
1702.0558471679688 1.0002078784623751 7.094754389627261e-05
1702.0767211914062 1.0000535766982506 7.092035371087262e-05
1702.0975341796875 0.9998155791797482 7.091629724407885e-05
1702.1183471679688 1.0000264762767808 7.09252460510736e-05
1702.1392211914062 1.000051656088915 7.093009044084416e-05
1702.1600341796875 0.9999022398859225 7.093516517436282e-05
1702.1808471679688 0.9999042561342896 7.093995113433113e-05
1702.2017211914062 1.0000785213870158 7.090731809735438e-05
1702.2225341796875 1.0001184107101442 7.093159320179647e-05
1702.2433471679688 1.0000306123458103 7.094574954192017e-05
1702.2642211914062 0.9999695283563574 7.091395384285387e-05
1702.2850341796875 1.0000735210065295 7.088317126154912e-05
1702.3058471679688 0.9997363981199293 7.091004291844801e-05
1702.3267211914062 1.0002698277694602 7.091529891006422e-05
1702.3475341796875 0.9998849045464651 7.092602143954546e-05
1702.3683471679688 0.9999605379163752 7.092033268295825e-05
1702.3892211914062 1.0001090588637072 7.092976238184206e-05
1702.4100341796875 0.9998549088151287 7.09462172844108e-05
1702.4308471679688 1.0000704673011858 7.093423629340815e-05
1702.4517211914062 0.9997415362148703 7.09526469189697e-05
1702.4725341796875 1.000075634513566 7.096343936449076e-05
1702.4933471679688 1.0005353906528374 7.100698281087365e-05
1702.5142211914062 0.9997339074327201 7.099640448116451e-05
1702.5350341796875 0.9997127120767862 7.101065449873579e-05
1702.5558471679688 1.0003300957112535 7.1018240191097e-05
1702.5767211914062 0.9998683642403563 7.10614176999267e-05
1702.5975341796875 1.0000138670993148 7.102934406578084e-05
1702.6183471679688 0.9993849981594789 7.098257003922624e-05
1702.6392211914062 0.9943316750059366 7.081171933491157e-05
1702.6600341796875 0.9933652285840512 7.085673515593274e-05
1702.6808471679688 0.9930313912106337 7.080062013611314e-05
1702.7017211914062 0.993798580740974 7.076803691744309e-05
1702.7225341796875 0.9932002276225415 7.079473382752193e-05
1702.7433471679688 0.9934812270624841 7.08653423492793e-05
1702.7642211914062 0.9951180518040651 7.087962543574434e-05
1702.7850341796875 1.000018961357208 7.108267066141714e-05
1702.8058471679688 1.0002166231459724 7.106810291981482e-05
1702.8267211914062 0.9996277370487123 7.110001214127154e-05
1702.8475341796875 0.9999891779448767 7.111653646198505e-05
1702.8683471679688 1.0002630231956728 7.111696254005759e-05
1702.8892211914062 0.9998793607678407 7.112179421930527e-05
1702.9100341796875 0.9997925502892604 7.111881986681957e-05
1702.9308471679688 0.9999960520008898 7.109643685922333e-05
1702.9517211914062 1.0001464300787926 7.109661665996105e-05
1702.9725341796875 1.0002332314931466 7.110269548213377e-05
1702.9933471679688 0.9998412738518868 7.110169136993612e-05
1703.0142211914062 0.9998378171969096 7.106490690341181e-05
1703.0350341796875 1.000039337417076 7.107866432441629e-05
1703.0558471679688 1.0000777944020685 7.107249263178901e-05
1703.0767211914062 1.0001570481543984 7.107208940012084e-05
1703.0975341796875 0.9997427507821981 7.10785351899033e-05
1703.1183471679688 0.999950958315682 7.109194892752017e-05
1703.1392211914062 1.0000555030594502 7.110377195271338e-05
1703.1600341796875 1.0002131724718306 7.111672363259101e-05
1703.1808471679688 0.9998375165253172 7.10980722284748e-05
1703.2017211914062 0.9999292271712068 7.111161359915614e-05
1703.2225341796875 1.0000728469771596 7.109966646978731e-05
1703.2433471679688 1.0000173835309407 7.109456277357378e-05
1703.2642211914062 1.0001871953688428 7.108972746233525e-05
1703.2850341796875 0.9997145326178689 7.107907117558234e-05
1703.3058471679688 0.9999649297622154 7.106585544031521e-05
1703.3267211914062 1.000143539382373 7.107470163866684e-05
1703.3475341796875 1.0002080873771815 7.106340770795264e-05
1703.3683471679688 0.9999736921016026 7.106143839207269e-05
1703.3892211914062 0.9997737140708594 7.107381755879084e-05
1703.4100341796875 0.9999458250905429 7.107152456797856e-05
1703.4308471679688 1.0002477901625026 7.108859485330855e-05
1703.4517211914062 0.9997108201951667 7.110473821529726e-05
1703.4725341796875 0.9999456287579421 7.110097135700157e-05
1703.4933471679688 1.0001234038245346 7.114095652458069e-05
1703.5142211914062 0.9998983411855106 7.112549594671327e-05
1703.5350341796875 1.0002852885760682 7.115987886538128e-05
1703.5558471679688 0.9999248399442016 7.120825847041913e-05
1703.5767211914062 1.0000799579792925 7.120727374634292e-05
1703.5975341796875 1.0000067279468663 7.121959328941179e-05
1703.6183471679688 0.9996984126346089 7.12334792639938e-05
1703.6392211914062 1.000141164099805 7.126159641523088e-05
1703.6600341796875 0.9999409003555477 7.12578216184852e-05
1703.6808471679688 1.000379140437389 7.126876501402226e-05
1703.7017211914062 0.99972885292477 7.1249605654324e-05
1703.7225341796875 0.9997849148459179 7.126146536892176e-05
1703.7433471679688 1.000187192899933 7.12488023103323e-05
1703.7642211914062 1.0000010132228712 7.125955210782608e-05
1703.7850341796875 1.000044124727156 7.127729715382775e-05
1703.8058471679688 0.9998924114039472 7.12706989689267e-05
1703.8267211914062 0.999953692591283 7.127837522269077e-05
1703.8475341796875 1.0001353505531991 7.130383388980457e-05
1703.8683471679688 1.0001974832337386 7.131290005803385e-05
1703.8892211914062 0.9997997390491353 7.130179116586232e-05
1703.9100341796875 0.9999773933383757 7.131821493606552e-05
1703.9308471679688 0.9999933556557963 7.132439134675142e-05
1703.9517211914062 0.9999137509894443 7.132635748885211e-05
1703.9725341796875 1.0003980569626745 7.12998771447606e-05
1703.9933471679688 0.9995477672822205 7.129313907649455e-05
1704.0142211914062 0.9997639174588785 7.128953558001499e-05
1704.0350341796875 1.0003203840762682 7.129696652765495e-05
1704.0558471679688 1.00049540341878 7.130301061033544e-05
1704.0767211914062 1.0000262222843106 7.128679121158897e-05
1704.0975341796875 0.9996793509824584 7.130306809200787e-05
1704.1183471679688 0.9945846797913372 7.113693472038762e-05
1704.1392211914062 0.9940040250385596 7.111597786920991e-05
1704.1600341796875 0.9929876188785515 7.109060628664801e-05
1704.1808471679688 0.9940388979492774 7.113551279568229e-05
1704.2017211914062 0.9938087925255121 7.115196624962102e-05
1704.2225341796875 0.9940049342566281 7.115475190202174e-05
1704.2433471679688 0.9943585407311024 7.116260382015873e-05
1704.2642211914062 0.9996869223902404 7.132755754130273e-05
1704.2850341796875 1.0003841224196781 7.13376080862037e-05
1704.3058471679688 0.9999752056298618 7.130233911669978e-05
1704.3267211914062 1.0000616874041732 7.127691559087838e-05
1704.3475341796875 1.0002088900326442 7.127297680316883e-05
1704.3683471679688 0.9998090913681752 7.126790381290034e-05
1704.3892211914062 0.9998033306805477 7.126227317714426e-05
1704.4100341796875 1.0000631785784604 7.128587449437765e-05
1704.4308471679688 1.0000259931653517 7.131247899968842e-05
1704.4517211914062 1.0001650373407382 7.134467477942166e-05
1704.4725341796875 0.9998775093586899 7.136111258383541e-05
1704.4933471679688 0.9999698936451068 7.140651555958144e-05
1704.5142211914062 1.0002214803253209 7.145501263299107e-05
1704.5350341796875 0.9996797128034332 7.148330778398549e-05
1704.5558471679688 1.0001836265102848 7.153036383753982e-05
1704.5767211914062 0.9998571773096466 7.156919853783124e-05
1704.5975341796875 1.000258122625875 7.162997949709011e-05
1704.6183471679688 1.0001297791045656 7.163693724041226e-05
1704.6392211914062 0.9995260506100485 7.166241718279729e-05
1704.6600341796875 0.9999965259819182 7.166850434831877e-05
1704.6808471679688 1.0000360631397525 7.167728925442362e-05
1704.7017211914062 1.0003306020397893 7.171841776835655e-05
1704.7225341796875 0.9997848387019529 7.171109014902414e-05
1704.7433471679688 1.0001569052207167 7.172362827341186e-05
1704.7642211914062 0.9997486192754189 7.17362090726512e-05
1704.7850341796875 0.9998900122232953 7.177427755484018e-05
1704.8058471679688 1.0002189768134484 7.180154275293573e-05
1704.8267211914062 1.000351233325146 7.182807449656608e-05
1704.8475341796875 1.0001272609222593 7.188706877818105e-05
1704.8683471679688 0.9994149393544624 7.191037215781334e-05
1704.8892211914062 1.0001242418549663 7.196118748279993e-05
1704.9100341796875 0.9999571092528665 7.198680880039081e-05
1704.9308471679688 1.0000190450650057 7.199053036497201e-05
1704.9517211914062 1.0000811218480254 7.200953391736436e-05
1704.9725341796875 0.999671039986114 7.198603495407824e-05
1704.9933471679688 1.0002180853645566 7.198270773845258e-05
1705.0142211914062 0.9999294562080062 7.197455561603167e-05
1705.0350341796875 1.000221646255313 7.198793192701767e-05
1705.0558471679688 1.000031828014506 7.19789921732671e-05
1705.0767211914062 0.999786124695119 7.199635717802792e-05
1705.0975341796875 1.0001280263855024 7.204501313145163e-05
1705.1183471679688 1.0001186925165075 7.207867979224169e-05
1705.1392211914062 0.9999711943195636 7.21105666175922e-05
1705.1600341796875 0.9999687854677902 7.212603557027353e-05
1705.1808471679688 0.9997147854222505 7.217704305300974e-05
1705.2017211914062 1.0000901337855197 7.22079691116115e-05
1705.2225341796875 1.0001809582954582 7.22236742170916e-05
1705.2433471679688 0.9999784911787236 7.221666104703875e-05
1705.2642211914062 0.999959448485801 7.222078460596516e-05
1705.2850341796875 0.9999631663062408 7.221874735032322e-05
1705.3058471679688 0.999858832705678 7.219249298471702e-05
1705.3267211914062 1.0000477906445286 7.216957720201708e-05
1705.3475341796875 1.0003079184808255 7.218850575377926e-05
1705.3683471679688 0.9998929375133343 7.219452920842636e-05
1705.3892211914062 0.9999606142259677 7.218722610759637e-05
1705.4100341796875 0.9997794513818445 7.223697988090502e-05
1705.4308471679688 1.000127167650168 7.227453810005995e-05
1705.4517211914062 1.0000586996348935 7.231478796935647e-05
1705.4725341796875 1.000139829581884 7.23717185321458e-05
1705.4933471679688 0.9998366264247907 7.242140208452719e-05
1705.5142211914062 0.9999897819087188 7.247618732997905e-05
1705.5350341796875 0.9998733129000197 7.254695141316987e-05
1705.5558471679688 1.000101396761801 7.26229007697633e-05
1705.5767211914062 1.000015673320587 7.269073993809845e-05
1705.5975341796875 0.9940438680276389 7.259719367150373e-05
1705.6183471679688 0.9932399741279944 7.263717763037379e-05
1705.6392211914062 0.9929528581162653 7.267268487898039e-05
1705.6600341796875 0.9926957754379938 7.271539337860525e-05
1705.6808471679688 0.9933062346404256 7.278377325036384e-05
1705.7017211914062 0.9939787285227357 7.28356430237371e-05
1705.7225341796875 0.9945823511639191 7.289835909151895e-05
1705.7433471679688 0.9995520212863793 7.309175460284077e-05
1705.7642211914062 1.0003694966412566 7.315761133238847e-05
1705.7850341796875 1.0005114768362957 7.31909406189103e-05
1705.8058471679688 1.0000445909243734 7.32307636395011e-05
1705.8267211914062 0.9995632788447613 7.325616110891706e-05
1705.8475341796875 0.9998929691895642 7.329365781995841e-05
1705.8683471679688 0.9996672120760021 7.332177828439957e-05
1705.9100341796875 1.0006490879213925 7.335958683779369e-05
1705.9308471679688 0.9999475727823794 7.330898616614192e-05
1705.9517211914062 0.9998927974781272 7.330015753617544e-05
1705.9725341796875 1.0000958441497094 7.328602315950231e-05
1705.9933471679688 0.9998053148114961 7.327028059509105e-05
1706.0142211914062 1.0001532219454898 7.32916309177282e-05
1706.0350341796875 0.9998258023359754 7.325925550978848e-05
1706.0558471679688 1.0000931015850538 7.326007810106453e-05
1706.0767211914062 1.000331861180313 7.328046096574506e-05
1706.0975341796875 0.9996120885367633 7.33112642936063e-05
1706.1183471679688 1.000069833447903 7.337022510464171e-05
1706.1392211914062 0.9998499197925649 7.345327066140449e-05
1706.1600341796875 1.000043815273648 7.352260837411216e-05
1706.1808471679688 1.0000752496239111 7.358442375220747e-05
1706.2017211914062 0.9988379679238898 7.361734647298696e-05
1706.2225341796875 0.9999911465933654 7.370741668902692e-05
1706.2433471679688 1.0002120393643474 7.377102957868336e-05
1706.2642211914062 0.9999029986590141 7.380959649480338e-05
1706.2850341796875 0.9995630548166876 7.383977425657001e-05
1706.3058471679688 1.0005911613250187 7.389031007043166e-05
1706.3267211914062 1.0001857164482801 7.390408288787406e-05
1706.3475341796875 0.999507698759926 7.393538845754656e-05
1706.3683471679688 0.9996579105152656 7.398617297016348e-05
1706.3892211914062 1.0003416830965366 7.406280514174838e-05
1706.4100341796875 1.0005085236630633 7.414211071911504e-05
1706.4308471679688 0.9996662860901381 7.419709105573956e-05
1706.4517211914062 0.9996232217073014 7.428075447686381e-05
1706.4725341796875 1.000015579558644 7.439056428134905e-05
1706.4933471679688 1.0005108185065537 7.454553788760474e-05
1706.5142211914062 0.9997647327855264 7.464973547690324e-05
1706.5350341796875 1.0000264190117567 7.478933954492503e-05
1706.5558471679688 1.000024800830471 7.494507875597294e-05
1706.5767211914062 0.999714219471627 7.511877464186638e-05
1706.5975341796875 1.0003996667162534 7.532192940148804e-05
1706.6183471679688 0.9997245271718574 7.54942372621119e-05
1706.6392211914062 0.9999373027361448 7.565350035780445e-05
1706.6600341796875 1.000220129218561 7.57890737915793e-05
1706.6808471679688 0.9999332855104157 7.591059075331501e-05
1706.7017211914062 0.9999590918848038 7.602188979645217e-05
1706.7225341796875 1.0002121720811417 7.610008222433356e-05
1706.7433471679688 1.000119931911176 7.618920645952648e-05
1706.7642211914062 0.999884556316443 7.629779896811676e-05
1706.7850341796875 0.999655206468014 7.64369383471163e-05
1706.8058471679688 1.0000480936804081 7.656320963333556e-05
1706.8267211914062 0.9999307482570793 7.668698178202348e-05
1706.8475341796875 1.0001881709343017 7.678365230372739e-05
1706.8683471679688 0.9999626302704899 7.681635592811796e-05
1706.8892211914062 1.0001469253136852 7.682825439670944e-05
1706.9100341796875 1.0002596993317727 7.682807785637471e-05
1706.9308471679688 0.9994410702080381 7.675990738989242e-05
1706.9517211914062 1.0001055814289437 7.673758284665952e-05
1706.9725341796875 1.0000192775222148 7.669579085173035e-05
1706.9933471679688 0.9999583446926587 7.664480306610978e-05
1707.0142211914062 1.0005329870393318 7.661554763968518e-05
1707.0350341796875 0.9994765528376386 7.657410909342997e-05
1707.0558471679688 1.0001263729152965 7.659520968614075e-05
1707.0767211914062 0.9951894983085182 7.646021199736713e-05
1707.0975341796875 0.9926245081324507 7.638883320216712e-05
1707.1183471679688 0.9924818404040547 7.640011101201077e-05
1707.1392211914062 0.9923677995145238 7.645255465261036e-05
1707.1600341796875 0.9931087773740885 7.653128020973351e-05
1707.1808471679688 0.9934592827944425 7.662874715904196e-05
1707.2017211914062 0.9944273663977005 7.675650051621281e-05
1707.2225341796875 0.9995613387652822 7.704903084313897e-05
1707.2433471679688 1.00026819801976 7.726099294547754e-05
1707.2642211914062 1.0004633792069726 7.756489249651272e-05
1707.2850341796875 0.9999629645716748 7.789044554786561e-05
1707.3058471679688 0.9995381533624396 7.823486214437921e-05
1707.3267211914062 1.0004943401667183 7.858870187004608e-05
1707.3475341796875 1.0004533232024893 7.889098955607453e-05
1707.3683471679688 0.9996774018274805 7.909931070540492e-05
1707.3892211914062 0.9989998486846647 7.925673950342139e-05
1707.4100341796875 1.0008491307960212 7.943980349004931e-05
1707.4308471679688 0.9999570703140195 7.958833151814194e-05
1707.4517211914062 0.9994812432665875 7.975450724311586e-05
1707.4725341796875 1.0001925117631798 7.991652881736135e-05
1707.4933471679688 1.0002806480701567 8.010492798138672e-05
1707.5142211914062 1.000105344498264 8.029962866878296e-05
1707.5350341796875 0.9994069415585555 8.048463508370748e-05
1707.5558471679688 1.0000456879666557 8.071144047397309e-05
1707.5767211914062 1.0001611275730673 8.092123571880861e-05
1707.5975341796875 1.0003095164458924 8.101907535146109e-05
1707.6183471679688 0.9991278252656888 8.103280761297924e-05
1707.6392211914062 0.9999379039122066 8.090127462855239e-05
1707.6600341796875 1.000139885886614 8.059323721512616e-05
1707.6808471679688 1.0003699602582559 8.006199688643857e-05
1707.7017211914062 0.9992952839110326 7.939323564156392e-05
1707.7225341796875 0.9997492633919322 7.868804136860195e-05
1707.7433471679688 1.0000269481038873 7.81322820292101e-05
1707.7642211914062 1.0005886245594888 7.785305991836145e-05
1707.7850341796875 0.9999242810397465 7.772573149063038e-05
1707.8058471679688 0.9998824255093022 7.761862538186647e-05
1707.8267211914062 1.0002290857642189 7.750875626396389e-05
1707.8475341796875 0.999928920392862 7.738709285391044e-05
1707.8683471679688 0.999483732656626 7.724345804609445e-05
1707.8892211914062 0.9998606172486544 7.706787138290794e-05
1707.9100341796875 1.000413638421531 7.682231433365777e-05
1707.9308471679688 1.0003504511165973 7.644718164759071e-05
1707.9517211914062 0.9993369330278524 7.600075618221525e-05
1707.9725341796875 0.9999890548103115 7.554537565392661e-05
1707.9933471679688 1.0001151822658627 7.507094934627198e-05
1708.0142211914062 1.0006466117910697 7.462571334906177e-05
1708.0350341796875 1.0000451199328193 7.419075542147753e-05
1708.0558471679688 0.9995470495027211 7.379446569937504e-05
1708.0767211914062 0.9997367870194275 7.340503844979217e-05
1708.0975341796875 1.000197823140447 7.302776382029823e-05
1708.1183471679688 1.0000493573671996 7.265589312718403e-05
1708.1392211914062 1.000198939415777 7.232255160637287e-05
1708.1600341796875 0.9996824473387589 7.208650444477049e-05
1708.1808471679688 1.000212451200691 7.195883805916871e-05
1708.2017211914062 1.0000880198417443 7.187028666309149e-05
1708.2225341796875 0.9997362721559152 7.1827661459747e-05
1708.2433471679688 0.9999952923864693 7.181125929358695e-05
1708.2642211914062 1.0000630581137369 7.178358629466298e-05
1708.2850341796875 1.0000641898247629 7.172665386680617e-05
1708.3058471679688 1.0000749975561112 7.170842437550616e-05
1708.3267211914062 0.9998767221552732 7.166278043964182e-05
1708.3475341796875 1.0000124724987784 7.16238009718656e-05
1708.3683471679688 0.9999160973913647 7.157960519769385e-05
1708.3892211914062 0.999833039593948 7.15760505364178e-05
1708.4100341796875 1.0003782184145729 7.154913063201607e-05
1708.4308471679688 1.0001026385224792 7.153740391856289e-05
1708.4517211914062 0.999856651144668 7.153145751491632e-05
1708.4725341796875 0.9997744016285313 7.150409942707748e-05
1708.4933471679688 0.9999766166196877 7.152556790520006e-05
1708.5142211914062 0.9999379087102978 7.152247450302247e-05
1708.5350341796875 1.0001512185796684 7.150074521250968e-05
1708.5558471679688 0.9955602969702324 7.138680358800138e-05
1708.5767211914062 0.9933398095239747 7.132684057596544e-05
1708.5975341796875 0.9935619455360392 7.133664555511754e-05
1708.6183471679688 0.9938679674949917 7.133856061362985e-05
1708.6392211914062 0.9935642252688432 7.137636468438632e-05
1708.6600341796875 0.9941405125860951 7.140506687522827e-05
1708.6808471679688 0.99495416798083 7.14416737539629e-05
1708.7017211914062 0.9995073140607239 7.159001540205842e-05
1708.7225341796875 1.0005797294686867 7.162717974276737e-05
1708.7433471679688 1.000070419597504 7.159091870841458e-05
1708.7642211914062 1.0001123700784285 7.153576324579847e-05
1708.7850341796875 0.9999839354563618 7.150847407502176e-05
1708.8058471679688 0.9996428956574532 7.15325588949711e-05
1708.8267211914062 1.0003294243190892 7.154612782315714e-05
1708.8475341796875 1.0000467347976245 7.15159337712382e-05
1708.8683471679688 0.9997989600699893 7.151855448058637e-05
1708.8892211914062 1.0001400202665338 7.154188674154641e-05
1708.9100341796875 0.9999206707208631 7.153520336090061e-05
1708.9308471679688 0.9999282657590216 7.150471476941477e-05
1708.9517211914062 1.0001265946577182 7.150663022602027e-05
1708.9725341796875 1.0000149596428738 7.1485665739237e-05
1708.9933471679688 0.9998708057175164 7.14642597049399e-05
1709.0142211914062 0.9999573020162155 7.140307585472998e-05
1709.0350341796875 0.9999052812034638 7.140684649307576e-05
1709.0558471679688 1.0004181594350465 7.14086312173645e-05
1709.0767211914062 1.0000184789932833 7.137490703136507e-05
1709.0975341796875 0.9996413153685212 7.134721056321368e-05
1709.1183471679688 1.0001922461842339 7.136022378996127e-05
1709.1392211914062 0.9999375436346143 7.135378058439766e-05
1709.1600341796875 0.9999185364929006 7.133323311567889e-05
1709.1808471679688 0.9999527840053517 7.129319560195341e-05
1709.2017211914062 0.9998544956333082 7.129990929196895e-05
1709.2225341796875 0.9999903167757468 7.129917588178508e-05
1709.2433471679688 1.0003546695563246 7.130643778903324e-05
1709.2642211914062 1.000447880179928 7.130195340371535e-05
1709.2850341796875 0.9998136350806076 7.128337437050221e-05
1709.3058471679688 0.9996268352010236 7.128848222894915e-05
1709.3267211914062 0.9998870562001178 7.129680285820225e-05
1709.3475341796875 0.9999164922412229 7.127216192045834e-05
1709.3683471679688 1.0002652314697766 7.125747889812156e-05
1709.3892211914062 0.9999355784673237 7.123777085176994e-05
1709.4100341796875 1.0001192185582761 7.120655983997192e-05
1709.4308471679688 0.9999281790500655 7.119588390475437e-05
1709.4517211914062 0.9997179082135833 7.11216156688049e-05
1709.4725341796875 1.0001202986796178 7.114078274330279e-05
1709.4933471679688 1.000265348284888 7.114034760800659e-05
1709.5142211914062 1.000017630054259 7.110382269683186e-05
1709.5350341796875 1.0000639841609187 7.108270025274291e-05
1709.5558471679688 0.9996550245843631 7.110742292429501e-05
1709.5767211914062 0.9998582599031436 7.110024215570131e-05
1709.5975341796875 1.0002936475079134 7.111366386492865e-05
1709.6183471679688 1.0000845188993717 7.106209870871376e-05
1709.6392211914062 0.9999848586339031 7.112098437143308e-05
1709.6600341796875 1.000033400025118 7.11283281960809e-05
1709.6808471679688 0.9998695283543716 7.113488054677178e-05
1709.7017211914062 1.0000514806478205 7.114199359595343e-05
1709.7225341796875 0.9997942721026343 7.116077122510367e-05
1709.7433471679688 1.0002275730702248 7.11550780883066e-05
1709.7642211914062 0.9999025738055164 7.114695405417828e-05
1709.7850341796875 0.9999783103945861 7.114616623976582e-05
1709.8058471679688 1.000059430269226 7.113778528155682e-05
1709.8267211914062 1.0000696540485596 7.111626580623305e-05
1709.8475341796875 0.9998019687399906 7.107955555837386e-05
1709.8683471679688 1.000083626228519 7.107665179729467e-05
1709.8892211914062 1.000205113067635 7.10648608049261e-05
1709.9100341796875 1.0000062771229652 7.10751361590131e-05
1709.9308471679688 0.999690593413084 7.103170813712002e-05
1709.9517211914062 1.0001718004949027 7.102359669827053e-05
1709.9725341796875 0.9998754489447145 7.101679188122289e-05
1709.9933471679688 0.9998133262705261 7.099503663756494e-05
1710.0142211914062 1.000206162660388 7.095921164867903e-05
1710.0350341796875 0.9960996790411977 7.080091648071354e-05
1710.0558471679688 0.994008723911759 7.067577307110307e-05
1710.0767211914062 0.9939992865619862 7.066031042320947e-05
1710.0975341796875 0.9944253260506504 7.064074373979868e-05
1710.1183471679688 0.9939323701977691 7.061014998828873e-05
1710.1392211914062 0.9947057313503556 7.060717772590802e-05
1710.1600341796875 0.9951965493536534 7.061328656871453e-05
1710.1808471679688 1.0 7.076904063407702e-05
