time flux flux_err
1683.3673706054688 1.0001209692367112 0.0002122560294536687
1683.3882446289062 0.9999822207296313 0.00021222400536368522
1683.4090576171875 0.9990190840593909 0.00021215471789355104
1683.4298706054688 1.0002475581632102 0.00021214213173512505
1683.4507446289062 1.0011903177858108 0.0002122418723821195
1683.4715576171875 1.0014090055598952 0.00021217485827053942
1683.4923706054688 1.0025915043695235 0.00021225336660171906
1683.5132446289062 0.9977507443658827 0.00021208320709515134
1683.5340576171875 0.999103589568942 0.00021214032615465438
1683.5548706054688 1.0022088981749526 0.0002123204659048539
1683.5757446289062 0.9995006392089241 0.00021228915456509976
1683.5965576171875 1.000166978986733 0.00021232758251253365
1683.6173706054688 0.9994656890340756 0.00021221128533633224
1683.6382446289062 0.9981702768587145 0.00021216049427225155
1683.6590576171875 1.0010554452901117 0.0002121773650043792
1683.6798706054688 1.0016754636440963 0.00021224557218141077
1683.7007446289062 0.999462333692442 0.00021232113208116755
1683.7215576171875 1.000094304533658 0.00021245151714501697
1683.7423706054688 0.9993049583641517 0.00021227845663983626
1683.7632446289062 1.0004385487578693 0.00021246149287675566
1683.7840576171875 0.9992412240225002 0.0002125043055793748
1683.8048706054688 1.000404361991812 0.00021247206019320712
1683.8257446289062 1.0000391477721968 0.00021256629176014618
1683.8465576171875 0.9995925606068014 0.000212479973064649
1683.8673706054688 1.0017685319696101 0.00021258308467424602
1683.8882446289062 0.9987163751344587 0.00021224491258818774
1683.9090576171875 0.9995764697638333 0.000212332934561894
1683.9298706054688 0.9996517623867556 0.0002125623521050669
1683.9507446289062 1.0012539696588627 0.00021262897974056588
1683.9715576171875 1.0000340519300943 0.00021261882642570305
1683.9923706054688 0.9993163150774199 0.0002124922698833958
1684.0132446289062 0.9992972649902152 0.00021241802179269625
1684.0340576171875 1.000657924343909 0.00021243613700799686
1684.0548706054688 1.0007383439826665 0.00021248560156622706
1684.0757446289062 1.00023842501167 0.0002123828185486091
1684.0965576171875 0.999372991589577 0.00021235311727482538
1684.1173706054688 0.9991046461808768 0.00021233411362999837
1684.1382446289062 1.0011287938730506 0.00021270830939252246
1684.1590576171875 0.9991432784198356 0.00021251826479546393
1684.1798706054688 1.0007224472629457 0.00021255250845346406
1684.2007446289062 0.9990813528460173 0.00021250918898966232
1684.2215576171875 1.0010592894276915 0.0002125721376089454
1684.2423706054688 1.0000076096136379 0.00021265809947373365
1684.2632446289062 0.9999139879815173 0.0002127287040753886
1684.2840576171875 0.9995680133420882 0.00021271515950325006
1684.3048706054688 1.0001985643316849 0.00021274946966009817
1684.3257446289062 0.9995172228582767 0.0002129840559333455
1684.3465576171875 1.0002733187218567 0.00021304874425417296
1684.3673706054688 1.0005377505604356 0.00021297308660421057
1684.3882446289062 0.9993506556735364 0.00021294656069971787
1684.4090576171875 1.0007483095015874 0.000213050661562626
1684.4298706054688 0.9987325056736746 0.00021279012030860157
1684.4507446289062 1.000849187960858 0.00021289982245713398
1684.4715576171875 0.999605584480773 0.0002131830796495031
1684.4923706054688 1.000754490252613 0.00021312040474850518
1684.5132446289062 1.0003500065671578 0.0002130503186707898
1684.5340576171875 0.9983741135818017 0.00021322359663144956
1684.5548706054688 1.0009337198311512 0.00021332026827476777
1684.5757446289062 1.0004313136476846 0.00021321625575795866
1684.5965576171875 0.9990544419854015 0.00021327247044619234
1684.6173706054688 1.0005659827750553 0.00021325577729713898
1684.6382446289062 0.9991869658760711 0.0002132593498131323
1684.6590576171875 1.0003919633263747 0.00021331025234702335
1684.6798706054688 1.0005039060174588 0.0002134613975454868
1684.7007446289062 1.0000451729600508 0.00021343611169244954
1684.7215576171875 1.0007787836060775 0.00021358768026761695
1684.7423706054688 0.9992582142798606 0.00021364612025811717
1684.7632446289062 0.9990878084641774 0.00021357216908890394
1684.7840576171875 0.999657407987359 0.00021365940891232294
1684.8048706054688 1.0005167957692906 0.00021385211860893842
1684.8257446289062 1.0036985040855224 0.00021374400916291205
1684.8465576171875 1.0016920820986603 0.00021375793966262459
1684.8673706054688 0.9992624759715015 0.0002138439946948595
1684.8882446289062 0.9985655155747165 0.00021362754957361267
1684.9090576171875 0.9997043841596818 0.000213631376591955
1684.9298706054688 1.001676709476869 0.00021366204951442063
1684.9507446289062 1.0003084274614875 0.00021370608111071575
1684.9715576171875 1.0000734713494854 0.00021369257957334814
1684.9923706054688 0.9983596252899831 0.00021363146825584443
1685.0132446289062 1.001066131017365 0.00021375531317304185
1685.0340576171875 0.9992276682645507 0.00021365397928150472
1685.0548706054688 1.0002948691319857 0.00021375389967411481
1685.0757446289062 0.99965438496171 0.00021361332971601987
1685.0965576171875 1.0009033472462363 0.00021360365013601117
1685.1173706054688 1.0005558879899636 0.00021367069950052988
1685.1382446289062 0.9988870773902224 0.00021362087837694416
1685.1590576171875 0.9996912219454116 0.00021372133023326353
1685.1798706054688 1.0001105522413096 0.00021372031827774173
1685.2007446289062 1.0009936913026245 0.00021381643476300668
1685.2215576171875 1.0003418005457863 0.00021380505412911353
1685.2423706054688 0.9983652691218918 0.00021378725468380964
1685.2632446289062 1.000130912353196 0.0002138674673846461
1685.2840576171875 0.9998270245514981 0.00021386306668688926
1685.3048706054688 1.0016165197613194 0.00021392986423386814
1685.3257446289062 0.9997680807032474 0.00021386583399998746
1685.3465576171875 0.9997776246815576 0.00021390738833798874
1685.3673706054688 0.999151752573795 0.00021387295491379578
1685.3882446289062 0.9992126068596773 0.0002137552313323802
1685.4090576171875 1.0011400927638894 0.0002139453346994229
1685.4298706054688 1.0004238697976444 0.0002138475177410662
1685.4507446289062 1.0000843788072071 0.00021388947304347127
1685.4715576171875 0.9999363572397145 0.0002139110866763466
1685.4923706054688 0.9995191621753036 0.00021385302892980513
1685.5132446289062 1.000428736256866 0.00021398140261866114
1685.5340576171875 0.9990894958592614 0.0002140466420637509
1685.5548706054688 0.9997504398866897 0.000214073157626998
1685.5757446289062 1.001206245649094 0.0002140788896035203
1685.5965576171875 1.0003501275629225 0.0002141158049384519
1685.6173706054688 0.9991579153256841 0.0002141591256968305
1685.6382446289062 0.999409272255309 0.0002143868552247275
1685.6590576171875 1.0014300316584301 0.0002142453657183157
1685.6798706054688 1.0001847617482102 0.00021420655006397615
1685.7007446289062 0.9982590536214697 0.0002142679544772411
1685.7215576171875 0.9998188414778928 0.000214074143638688
1685.7423706054688 1.0008727786422293 0.0002140578918649543
1685.7632446289062 1.0009661800099934 0.00021417862741357778
1685.7840576171875 0.9990670528353512 0.0002141900533807693
1685.8048706054688 1.000413915823054 0.0002142614799509382
1685.8257446289062 0.9999950884650195 0.00021451188248488613
1685.8465576171875 1.0002028783669288 0.00021433056480125637
1685.8673706054688 0.9991633574767751 0.0002143725235990039
1685.8882446289062 0.9987939256167585 0.00021437974668227352
1685.9090576171875 1.0021943910238607 0.0002144525476540075
1685.9298706054688 0.9995102187742982 0.00021433185438179248
1685.9507446289062 1.0001978603411523 0.00021422729057209782
1685.9715576171875 1.0000159687166528 0.0002143525151049421
1685.9923706054688 0.9993952953940176 0.00021424322083520033
1686.0132446289062 0.9997001958663185 0.0002142296268765715
1686.0340576171875 1.0006387140594533 0.00021421692554206092
1686.0548706054688 1.0004449903130166 0.00021422527842040456
1686.0757446289062 1.0004607379283004 0.0002141516298290465
1686.0965576171875 1.0002268672211396 0.00021416168116234296
1686.1173706054688 0.9992559497927334 0.00021412770787196538
1686.1382446289062 0.9982951379480223 0.00021410471906648548
1686.1590576171875 0.9990358765355583 0.00021435645629783656
1686.1798706054688 0.9986242741788923 0.00021428855570252854
1686.2007446289062 0.9987928181306613 0.00021440525745857448
1686.2215576171875 0.9982092945624338 0.0002143218076870307
1686.2423706054688 0.9995771399463935 0.0002143552365909865
1686.2632446289062 0.9995226005461089 0.00021440897144159443
1686.2840576171875 1.0004325427565357 0.0002143986858777815
1686.3048706054688 1.0003528002007016 0.00021441004132693968
1686.3257446289062 1.0008322442111837 0.00021422538949105637
1686.3465576171875 0.9991940417548356 0.00021414386026943904
1686.3673706054688 0.9990753899966491 0.00021433848129392887
1686.3882446289062 0.9999990353566867 0.0002141380839441137
1686.4090576171875 1.0002349967793647 0.00021423220188074082
1686.4298706054688 1.0006251702333393 0.00021429031050948866
1686.4507446289062 1.0011481476580413 0.0002145099040897043
1686.4715576171875 0.9985586608384115 0.0002142596049138007
1686.4923706054688 0.9992166615497744 0.0002144551980546888
1686.5132446289062 1.0000682026292802 0.00021454891843802933
1686.5340576171875 1.0009765903134806 0.00021460043171366624
1686.5548706054688 1.0002724205973734 0.00021462302465822663
1686.5757446289062 0.9991198178093342 0.00021458531508126852
1686.5965576171875 1.0001100417378295 0.00021463888887071479
1686.6173706054688 1.0007161715524093 0.00021478852335836025
1686.6382446289062 0.998957331187299 0.00021470976561199648
1686.6590576171875 1.0002188175600246 0.0002146328445411313
1686.6798706054688 0.9999545390671849 0.0002145770238015531
1686.7007446289062 1.0002643068416293 0.00021476386748820413
1686.7215576171875 1.0015246523425188 0.00021471243619328794
1686.7423706054688 0.998870350476371 0.000214674661148429
1686.7632446289062 0.9994017013246745 0.0002148520543501989
1686.7840576171875 0.9990688243218148 0.00021500599993196806
1686.8048706054688 1.00145019974978 0.00021501703416593697
1686.8257446289062 1.0006764142864182 0.0002151965766629096
1686.8465576171875 0.9993954347438541 0.00021502985375525474
1686.8673706054688 0.9994470249252609 0.00021527039902128172
1686.8882446289062 0.9997745981973365 0.0002150929707457827
1686.9090576171875 1.0005412974717365 0.00021520778390707397
1686.9298706054688 0.9999511875705747 0.00021506421574024045
1686.9507446289062 1.0000922035898365 0.00021501290324198755
1686.9715576171875 1.0000930235642396 0.0002149209510055381
1686.9923706054688 1.0000490278946852 0.00021478907768049767
1687.0132446289062 0.9993620113485885 0.00021473911228748452
1687.0340576171875 0.9997508716957945 0.0002146620773757858
1687.0548706054688 1.0006848771206611 0.00021473945485112067
1687.0757446289062 1.0000978265068468 0.00021461760895938946
1687.0965576171875 0.9993362116344158 0.00021471390414129707
1687.1173706054688 1.00130994297639 0.00021466034427150983
1687.1382446289062 0.9998868787514187 0.0002148144866475124
1687.1590576171875 0.9993787637265709 0.0002150592795205312
1687.1798706054688 1.000037115293784 0.0002152171550285963
1687.2007446289062 1.0002463587490729 0.00021498299149373253
1687.2215576171875 0.9984946210301207 0.0002151010752968186
1687.2423706054688 1.0002090509677404 0.00021494226815894002
1687.2632446289062 1.0019627460202996 0.00021505069894599702
1687.2840576171875 0.9990173402650006 0.00021494713160151864
1687.3048706054688 1.0004334709227423 0.0002148490882192753
1687.3257446289062 1.000131595432393 0.00021473142747591072
1687.3465576171875 0.9981484538527047 0.0002147555927771898
1687.3673706054688 1.001556977941963 0.00021474698859140764
1687.3882446289062 0.9999672076184473 0.00021472687987566058
1687.4090576171875 1.000012022464104 0.0002147680329924202
1687.4298706054688 0.9994880069179417 0.00021480533647909279
1687.4507446289062 0.9969709407900745 0.00021476024671583782
1687.4715576171875 0.9998545540561895 0.00021472443574919892
1687.4923706054688 1.0002415767029886 0.0002148206860351886
1687.5132446289062 1.0005275150949866 0.00021491973997560105
1687.5340576171875 0.9997914419591701 0.00021480119586146586
1687.5548706054688 0.9993486715302144 0.00021473618156761363
1687.5757446289062 0.999994535897644 0.00021483108092670245
1687.5965576171875 1.0009582370483676 0.00021505637188119842
1687.6173706054688 1.0001904775295594 0.00021511453317641253
1687.6382446289062 0.9998419341908504 0.00021521264397163245
1687.6590576171875 0.9989510825789847 0.00021520350724611696
1687.6798706054688 0.9997612570571714 0.00021546455290385964
1687.7007446289062 1.0012388329926032 0.00021553818384589796
1687.7215576171875 0.9998566358772755 0.00021552932799537503
1687.7423706054688 1.0002991168934126 0.00021550358392787575
1687.7632446289062 0.9991362011996485 0.0002155473671521801
1687.7840576171875 0.9990127860430651 0.0002154241498367921
1687.8048706054688 1.0008766250590575 0.00021557465584345345
1687.8257446289062 1.0006473062677963 0.00021550592187704213
1687.8465576171875 1.0006002759510462 0.00021560278020390166
1687.8673706054688 0.9995922590567006 0.0002156604053848198
1687.8882446289062 1.0002568772938352 0.00021559167102643744
1687.9298706054688 0.9984789717949607 0.00021548742606779248
1687.9507446289062 0.9998206157775062 0.00021568661925827257
1687.9715576171875 1.001184618717318 0.00021576664557048105
1687.9923706054688 1.0003401294923 0.00021565351430660008
1688.0132446289062 0.9993951906440272 0.00021570532588134124
1688.0340576171875 1.0000302304477027 0.00021548503370114256
1688.0548706054688 0.9991936155231328 0.0002153234247844675
1688.0757446289062 1.0001024745254423 0.000215122772299928
1688.0965576171875 1.0010220889459411 0.0002153258015815473
1688.1173706054688 1.0007311693769112 0.00021546492540077934
1688.1382446289062 0.9994596312586148 0.00021543984181215673
1688.1590576171875 1.0001465762051747 0.00021557437345250715
1688.1798706054688 0.9993368015231842 0.00021547654495865498
1688.2007446289062 0.9986000623510952 0.00021562958024071168
1688.2215576171875 1.0012841686669471 0.00021553640591682617
1688.2423706054688 1.0001322946755147 0.00021554152392302367
1688.2632446289062 1.000228121909251 0.00021556321940337228
1688.2840576171875 0.9968515436225895 0.00021516514305967654
1688.3048706054688 1.0001208253504108 0.00021500609385506097
1688.3257446289062 0.9991518850303325 0.000215220075780088
1688.3465576171875 1.0005685463522873 0.00021529015669629587
1688.3673706054688 1.0004652611557268 0.0002153154134613813
1688.3882446289062 1.0003833600064926 0.0002152766097299947
1688.4090576171875 0.9977383783349227 0.0002151949051600363
1688.4298706054688 1.0012882921138246 0.00021529748833313528
1688.4507446289062 1.00086472124938 0.00021539140247486333
1688.4715576171875 0.9992981205261267 0.00021533749205556767
1688.4923706054688 0.9991643116882667 0.00021540416496182956
1688.5132446289062 0.9999939191004887 0.00021539985284370287
1688.5340576171875 1.0014759564527407 0.00021550409544527667
1688.5548706054688 0.9991999420468727 0.00021543174818986822
1688.5757446289062 1.0003800397395168 0.00021563583714352452
1688.5965576171875 0.9994947229360577 0.00021583972139356736
1688.6173706054688 0.9999797940307292 0.0002161676246703403
1688.6382446289062 1.0015926157330297 0.00021603885354122738
1688.6590576171875 0.9985923700761165 0.0002160538272778779
1688.6798706054688 0.9991880968824968 0.00021618584021576925
1688.7007446289062 1.0002195703621186 0.00021610958508328193
1688.7215576171875 1.001204144539649 0.00021621896541999615
1688.7423706054688 0.9993791515464674 0.0002161802103840919
1688.7632446289062 0.9996492756137403 0.00021609406230746646
1688.7840576171875 1.00055125331827 0.0002159258295232553
1688.8048706054688 0.99958523958709 0.0002160088694147922
1688.8257446289062 0.9997190112061299 0.0002160741201507827
1688.8465576171875 1.0009235846471305 0.00021621131056595477
1688.8673706054688 1.0008056077592942 0.0002162360164988827
1688.8882446289062 0.9992584521055139 0.0002162322839027776
1688.9090576171875 0.9988590317418468 0.00021622672456149563
1688.9298706054688 0.9999572709865014 0.00021635525706528299
1688.9507446289062 1.0007242185078975 0.00021634222421723496
1688.9715576171875 1.000529860456468 0.00021622294983685553
1688.9923706054688 0.9994077364997281 0.00021609182305917102
1689.0132446289062 0.9996445719019874 0.0002159335511765296
1689.0340576171875 1.0000191590564662 0.00021605072488606382
1689.0548706054688 1.0013612771075935 0.00021603203389020532
1689.0757446289062 0.9990431361611053 0.00021606755420952757
1689.0965576171875 1.0001357712434107 0.00021608995631788495
1689.1173706054688 0.9997221071949549 0.0002160115105547409
1689.1382446289062 0.9997919478210157 0.00021612680436634675
1689.1590576171875 0.9998651672823876 0.00021629098252896523
1689.1798706054688 0.999964988943657 0.00021616221702758836
1689.2007446289062 1.0022167999504055 0.00021626833160412522
1689.2215576171875 0.9980241472980114 0.0002159623529498453
1689.2423706054688 1.0001699555212875 0.00021621801809811698
1689.2632446289062 1.0003076194395046 0.00021611881802243338
1689.2840576171875 0.9993003308997471 0.00021607019938562299
1689.3048706054688 1.0006201008549889 0.00021611073729135038
1689.3257446289062 0.9992166561781578 0.0002157416993474085
1689.3465576171875 1.0011559265390984 0.00021599193534889625
1689.3673706054688 0.9993552167530312 0.00021586132337680865
1689.38818359375 1.0012572220732756 0.0002158312818040216
1689.4089965820312 0.9993911910379393 0.0002157997506038163
1689.4298706054688 0.9983653823762884 0.00021548818592111044
1689.45068359375 0.9997298065189465 0.00021568243004981724
1689.4714965820312 1.0020430823425204 0.0002158127865709733
1689.4923706054688 0.9993893344665348 0.0002159131455003633
1689.51318359375 1.0005136086165192 0.00021600287185642605
1689.5339965820312 1.0003045531138925 0.00021592118873391806
1689.5548706054688 0.9994077836905747 0.000216321287704213
1689.57568359375 0.9986668930480256 0.00021639959612655552
1689.5964965820312 1.0004682258107274 0.00021656276606573153
1689.6173706054688 1.000381598937425 0.00021675120358655926
1689.63818359375 1.0008037891701687 0.00021662703001291492
1689.6589965820312 1.0008969476751608 0.00021667557948310673
1689.6798706054688 0.9976753712675798 0.00021673278464651229
1689.70068359375 1.0003641717821077 0.0002167628892184374
1689.7214965820312 1.0000071657904563 0.0002169154975405117
1689.7423706054688 1.001168828724841 0.00021693759435061172
1689.76318359375 0.9994160474103074 0.00021689682068061996
1689.7839965820312 0.9999378250254994 0.0002169291063735051
1689.8048706054688 0.9996397343698957 0.0002170109460078462
1689.82568359375 1.0007193050316994 0.00021691271344597305
1689.8464965820312 1.0001210827851104 0.00021679887227168666
1689.8673706054688 0.9985619162315968 0.0002169608994061537
1689.88818359375 1.0002742440556995 0.0002169745815847822
1689.9089965820312 1.0013084878602967 0.00021698789952498288
1689.9298706054688 1.0002775789536582 0.00021690751675867344
1689.95068359375 0.9985303984024986 0.0002167615730797167
1689.9714965820312 0.9999562863544591 0.00021671935007274652
1689.9923706054688 1.0010714940892147 0.00021685434509431453
1690.01318359375 0.9996166485849368 0.0002169012905318791
1690.0339965820312 0.9990012626342823 0.00021673360052141595
1690.0548706054688 1.0009683014176174 0.00021671746740621904
1690.07568359375 1.000247133583227 0.00021673930785065466
1690.0964965820312 1.0001353860348408 0.0002168088702414116
1690.1173706054688 0.9995836223429874 0.00021685214493434845
1690.13818359375 0.9999605682676933 0.00021688195012474354
1690.1589965820312 0.9994703403609863 0.0002170398300313025
1690.1798706054688 1.0006722227794014 0.0002170119196744078
1690.20068359375 0.9993622486455866 0.00021685474436388116
1690.2214965820312 1.0017387107896936 0.0002169634565645011
1690.2423706054688 0.998605555630571 0.00021681898307729096
1690.26318359375 0.9996216577913544 0.0002166873463642413
1690.2839965820312 1.0006029903756932 0.00021659070909508908
1690.3048706054688 0.9991389668820625 0.00021651746340264113
1690.32568359375 1.0008992464913495 0.00021636063378865637
1690.3464965820312 1.0001596126626986 0.0002162150396396944
1690.3673706054688 1.0001788335334039 0.00021616288895103542
1690.38818359375 0.9992827559730653 0.00021625590722206076
1690.4089965820312 1.0001904835929922 0.00021606747940840785
1690.4298706054688 1.0003595072097453 0.00021617569569365
1690.45068359375 0.9995279992264348 0.00021626544946680358
1690.4714965820312 1.0000881001681232 0.00021646202918017764
1690.4923706054688 1.0006909997533904 0.00021646523975344574
1690.51318359375 0.9990163232464464 0.00021661777645984404
1690.5339965820312 0.9998452574248582 0.00021683763206876413
1690.5548706054688 1.0007086782058918 0.00021696758919247396
1690.57568359375 0.9998973907993648 0.00021707436880305202
1690.5964965820312 1.0000314809953452 0.00021726335591179804
1690.6173706054688 0.9999448013278149 0.00021738629938945113
1690.63818359375 1.0000724878655964 0.00021743026620243
1690.6589965820312 1.0004168504384197 0.0002175377169119478
1690.6798706054688 0.9984247265756454 0.00021763171335642922
1690.70068359375 1.001246647192032 0.00021773692464293335
1690.7214965820312 1.0002219337871505 0.0002177439936560731
1690.7423706054688 0.9999970191253599 0.00021786765829191057
1690.76318359375 0.9985159240795695 0.0002176674936214339
1690.7839965820312 1.0004138387104229 0.00021775117565686858
1690.8048706054688 1.00194077659379 0.00021787041093481395
1690.82568359375 0.9993490700951442 0.00021771208737258595
1690.8464965820312 0.998794904006531 0.00021780986772099894
1690.8673706054688 0.9996885097578393 0.0002179815969848501
1690.88818359375 1.0005160969568616 0.00021792123909815172
1690.9089965820312 1.0015216982647053 0.0002179257495711189
1690.9298706054688 0.9987313659235024 0.0002178446531757095
1690.95068359375 0.9994419566146495 0.0002177320821490143
1690.9714965820312 1.0003482131972252 0.00021780567726376257
1690.9923706054688 1.000655219165388 0.0002178563317266274
1691.01318359375 1.0004317324229368 0.00021791222588165508
1691.0339965820312 1.0003731795838524 0.00021790438134818084
1691.0548706054688 0.9983268471195675 0.00021802097206711897
1691.07568359375 0.9995421018788597 0.00021799103999887878
1691.0964965820312 1.0008835006282184 0.00021813652792099678
1691.1173706054688 1.0000854027175923 0.00021803886040777003
1691.13818359375 1.000222855331932 0.00021784952226576928
1691.1589965820312 1.0005110003045175 0.00021795117871837872
1691.1798706054688 0.9981682852686772 0.0002176364648020416
1691.20068359375 1.0004593152716708 0.00021777369102453785
1691.2214965820312 1.0010869555063735 0.00021763580677800634
1691.2423706054688 1.0006795618173694 0.0002176144342385946
1691.26318359375 0.9991621326749612 0.00021746509052578052
1691.2839965820312 0.9989508451653699 0.000217351595597322
1691.3048706054688 1.000292646527618 0.00021729123846946132
1691.32568359375 1.0006535329553594 0.00021716368978077076
1691.3464965820312 0.9999193797019007 0.00021719941736914392
1691.3673706054688 0.9998877368214006 0.00021697793994242788
1691.38818359375 0.9997735391902579 0.00021701745532660692
1691.4089965820312 0.9993326061262349 0.00021697037668394663
1691.4298706054688 1.0003541064359365 0.00021712439410342014
1691.45068359375 0.9990754152988811 0.00021705175408047063
1691.4714965820312 1.0001141818051644 0.00021717952974299244
1691.4923706054688 1.000783158345794 0.00021727156522398196
1691.51318359375 0.9987666053081898 0.00021742923077914535
1691.5339965820312 1.0008915197640413 0.00021760600805281445
1691.5548706054688 0.9996216931196464 0.0002177606900421103
1691.57568359375 0.9998110773164662 0.00021789892486340586
1691.5964965820312 0.9998137576048709 0.00021813201030569163
1691.6173706054688 0.9987454472170664 0.00021816997407790085
1691.63818359375 0.9990568116579213 0.00021828726127554924
1691.6589965820312 1.0009783928454068 0.00021829395840440355
1691.6798706054688 1.0006581116670528 0.00021841000231842596
1691.70068359375 1.0001407405819394 0.00021853180207686697
1691.7214965820312 1.0001245985300857 0.0002184836372412103
1691.7423706054688 0.9990431741001919 0.0002184494295940682
1691.76318359375 1.0010739968690583 0.00021859614879196298
1691.7839965820312 0.9990652740312225 0.00021873085789710553
1691.8048706054688 1.001051104937955 0.0002190455771649236
1691.82568359375 0.9992243162650155 0.00021905260351374518
1691.8464965820312 0.9994708591007786 0.000218876119846925
1691.8673706054688 0.999885929992536 0.00021897927965211077
1691.88818359375 1.0007571229588248 0.00021910488921121892
1691.9089965820312 1.0001382014506999 0.00021917736858070717
1691.9298706054688 0.9997205151494755 0.0002189786297644883
1691.95068359375 1.0002330892437425 0.00021896334180572177
1691.9714965820312 0.9999942826333752 0.00021909027538559545
1691.9923706054688 0.9998749128518671 0.0002189681950855014
1692.01318359375 0.9995174848007523 0.00021873511995602313
1692.0339965820312 0.9996138529851158 0.00021867483330695656
1692.0548706054688 1.0012384291601988 0.0002186885424841622
1692.07568359375 0.9997656716611875 0.0002188115696276443
1692.0964965820312 1.000118509312602 0.0002187883236698682
1692.1173706054688 1.0000535906778532 0.00021856222626998175
1692.13818359375 1.0003251523137164 0.00021884131029312407
1692.1589965820312 0.9989013497960261 0.000218631057093183
1692.1798706054688 0.9998591015505512 0.00021877285545047394
1692.20068359375 0.9996535688726259 0.00021843735408454642
1692.2214965820312 1.000267561133574 0.00021840761510803964
1692.2423706054688 1.0009777401729265 0.00021842478749298984
1692.26318359375 1.0006004795819112 0.00021833287103681625
1692.2839965820312 0.9995288660315909 0.00021833495725194236
1692.3048706054688 0.9997734122239222 0.00021851200898022674
1692.32568359375 0.9999053737430242 0.0002182914269869195
1692.3464965820312 0.9990515303784847 0.00021821421413808007
1692.3673706054688 1.000490560915755 0.00021813231821431073
1692.38818359375 1.0002220565014075 0.00021802147699397648
1692.4298706054688 1.0006837030967348 0.00021795121317521983
1692.45068359375 1.000030456260279 0.00021788852095949905
1692.4714965820312 0.9982243433944883 0.00021787524030937927
1692.4923706054688 1.000022720469273 0.00021795797081770432
1692.51318359375 1.0012449308862514 0.0002180634608145342
1692.5339965820312 1.0009750486870896 0.0002181951380107525
1692.5548706054688 0.9995408643108454 0.0002182972749585368
1692.57568359375 0.9992157793118843 0.000218302578290144
1692.5964965820312 0.9995550410118343 0.0002185688884747276
1692.6173706054688 1.0009607418955495 0.00021891628811298707
1692.63818359375 1.0003087434483195 0.00021901049201348432
1692.6589965820312 0.998264297716944 0.00021889253883381472
1692.6798706054688 1.0000826781027234 0.00021899245783604232
1692.70068359375 1.0016230451460844 0.00021919639185569086
1692.7214965820312 1.0001610613815521 0.0002192243326182433
1692.7423706054688 0.9990078310761167 0.00021925134555982374
1692.76318359375 0.9999617272428944 0.00021916284148152106
1692.7839965820312 1.0000385656330208 0.0002193762992121372
1692.8048706054688 1.0005240701637144 0.00021950779313027844
1692.82568359375 0.9989918482760879 0.00021942021779129453
1692.8464965820312 1.0005333384115376 0.00021955977445481162
1692.8673706054688 1.0006202653045813 0.0002198579195110244
1692.88818359375 0.999907391807878 0.0002198780856697888
1692.9089965820312 0.9992548200053066 0.0002198025819885129
1692.9298706054688 0.9998680219684348 0.00021989368499562086
1692.95068359375 1.000491219066489 0.00022000191783040868
1692.9714965820312 1.0003728151065563 0.00021999024542906407
1692.9923706054688 0.9999872490881271 0.00021999629053310704
1693.01318359375 0.9996152870430624 0.0002197250456077244
1693.0339965820312 0.9997656750154582 0.00021976601989873027
1693.0548706054688 1.0000454940435504 0.0002199106624109785
1693.07568359375 1.0005632942512455 0.00021972198088177696
1693.0964965820312 1.0002036182049705 0.000219505572567658
1693.1173706054688 0.9986936925830742 0.00021940226356679062
1693.13818359375 1.0001622283022085 0.00021933338472656644
1693.1589965820312 0.9998982288619449 0.0002193234070827134
1693.1798706054688 1.0008205022924148 0.00021926449373306175
1693.20068359375 1.000119942266537 0.00021926360283837826
1693.2214965820312 1.0009865470848667 0.00021938099741523957
1693.2423706054688 0.9992267572576657 0.00021945670974567514
1693.26318359375 0.9996026815902874 0.0002194913408391052
1693.2839965820312 0.9991046685751692 0.00021955667907198127
1693.3048706054688 1.000050041243343 0.00021927714494061093
1693.32568359375 1.0006377082393614 0.00021918400882854966
1693.3464965820312 1.0002361752054432 0.00021903701136899212
1693.3673706054688 0.9998198934454479 0.0002190789144557501
1693.38818359375 1.0007646085367512 0.00021881483230715333
1693.4089965820312 0.9996694239969818 0.0002186806901317282
1693.4298706054688 0.9993590203070574 0.00021870870019528215
1693.45068359375 0.9993279605257228 0.00021863391458996104
1693.4714965820312 1.001697787380833 0.0002188289570574456
1693.4923706054688 1.0004265089888844 0.00021875637495370222
1693.51318359375 0.9979421804403332 0.0002185993693101476
1693.5339965820312 0.9999159892930032 0.00021891276765085036
1693.5548706054688 1.0007489818119855 0.00021912820941773995
1693.57568359375 1.0006045883153871 0.00021928093416438696
1693.5964965820312 1.0005264427887954 0.00021946498466680336
1693.6173706054688 0.9984907014891379 0.00021944803710856336
1693.63818359375 1.0007284420081826 0.00021979542877001592
1693.6589965820312 1.0004642983440113 0.0002198910399425301
1693.6798706054688 0.9989893614908827 0.0002200080207305038
1693.70068359375 0.9999927446956636 0.00022008546741438597
1693.7214965820312 1.000840957332586 0.00022016247118745785
1693.7423706054688 0.9996398768544489 0.00022018075766654067
1693.76318359375 0.9995579989129374 0.00022018151997133821
1693.7839965820312 0.9997546329006884 0.00022013877236417678
1693.8048706054688 1.0014382785727616 0.00022018042718618345
1693.82568359375 0.9992525246972788 0.00022024221905880256
1693.8464965820312 0.999665610573571 0.0002203264663977988
1693.8673706054688 0.9999609402738333 0.0002203772066679552
1693.88818359375 1.0008278688587027 0.00022048082616997543
1693.9089965820312 0.9996087964954189 0.00022053574851205843
1693.9298706054688 0.9994447750303984 0.0002205124548015183
1693.95068359375 1.0002680081944046 0.00022060908405026369
1693.9714965820312 1.0006109055461765 0.00022050323217954576
1693.9923706054688 0.9991596277378514 0.0002203245677249647
1694.01318359375 1.0005547628519673 0.00022024993219789993
1694.0339965820312 0.9994783172749927 0.0002203020395039137
1694.0548706054688 1.0009385647236049 0.00022007804162092414
1694.07568359375 0.999530555884317 0.00022001227315788128
1694.0964965820312 0.9998236639641798 0.0002199826545339499
1694.1173706054688 1.000298037999196 0.00021998442377454432
1694.13818359375 1.0003207839063415 0.00021993953985579654
1694.1589965820312 0.9989081906031576 0.00021987760161535226
1694.1798706054688 0.999121630720306 0.00021977375498051822
1694.20068359375 1.0010531089045813 0.00021991195548250086
1694.2214965820312 1.000922077171995 0.00021996745318735454
1694.2423706054688 1.0011559581052099 0.00021990017238265972
1694.26318359375 0.9982754848102959 0.00021988551816715872
1694.2839965820312 0.9992606755246829 0.00021994527948041435
1694.3048706054688 0.9998270702461926 0.00021988639048913598
1694.32568359375 1.0011115988458017 0.00021971248142462103
1694.3464965820312 1.0007527913691228 0.0002196670708390805
1694.3673706054688 0.9987225052706075 0.00021942945715074796
1694.38818359375 1.0005193525309277 0.00021930747132047198
1694.4089965820312 0.9996124533676535 0.00021915834447114476
1694.4298706054688 0.9994894092687159 0.00021890636023748545
1694.45068359375 1.000857203587752 0.00021887332539119095
1694.4714965820312 1.0001409550754925 0.0002187557766883588
1694.4923706054688 1.0007205449991792 0.00021902327099105725
1694.51318359375 0.9994238686592544 0.00021891934965721126
1694.5339965820312 0.9987861202378298 0.00021891384781223307
1694.5548706054688 0.9995592352281284 0.00021918546370565858
1694.57568359375 1.0011911145348398 0.00021913822569127523
1694.5964965820312 1.001091239601366 0.00021917658959237128
1694.6173706054688 0.9987209844635111 0.00021928204772411067
1694.63818359375 1.0003510210784676 0.00021932871586459454
1694.6589965820312 0.9991391454278256 0.0002193518810872829
1694.6798706054688 1.00080202937493 0.00021943843664825162
1694.70068359375 1.0005248779565041 0.00021946497559660518
1694.7214965820312 0.999362568251692 0.00021945337332417088
1694.7423706054688 0.9995668675141096 0.00021951075254452414
1694.76318359375 1.0005075248324544 0.0002195329645137961
1694.7839965820312 1.0009465496273107 0.00021960902255258827
1694.8048706054688 0.9995521134302866 0.00021946155615190508
1694.82568359375 0.9984708750082871 0.0002195531510565007
1694.8464965820312 1.0006065854753683 0.00021943632299853673
1694.8673706054688 1.0001009638902254 0.0002195374918707925
1694.88818359375 1.0010759112030199 0.0002195713376793421
1694.9089965820312 0.9994846161945975 0.00021952852294303474
1694.9298095703125 0.9989195135769584 0.00021943200288576957
1694.9506225585938 1.0004629067196034 0.00021944573230856508
1694.9714965820312 1.0005229303752472 0.00021942856016462755
1694.9923095703125 0.9999001374546359 0.00021925374842846242
1695.0131225585938 0.9998641814609407 0.00021905655113309692
1695.0339965820312 1.0007313680524088 0.00021905732406410757
1695.0548095703125 0.9996490117066782 0.00021898623328793802
1695.0756225585938 0.9993015240664085 0.0002188035504997112
1695.0964965820312 1.0001249695842935 0.0002186345740893181
1695.1173095703125 1.0000662089741204 0.00021861953057026793
1695.1381225585938 1.000714283063377 0.0002185311308620881
1695.1589965820312 1.00001053382408 0.00021823605498907603
1695.1798095703125 0.9991574016257536 0.0002182049815644576
1695.2006225585938 0.9989435079224673 0.000218154165023254
1695.2214965820312 1.001763169669571 0.0002180506832368595
1695.2423095703125 0.9998197020985651 0.00021798020947710257
1695.2631225585938 0.9998178257689319 0.00021795657982337844
1695.2839965820312 0.9998846323764317 0.00021788796761422726
1695.3048095703125 1.0010996774244783 0.00021786845282721731
1695.3256225585938 0.9987597123740929 0.00021796179246499998
1695.3464965820312 0.999515134771887 0.0002176677656509707
1695.3673095703125 1.0004166147309486 0.00021771190557287633
1695.3881225585938 1.0002334937733557 0.00021739855277337885
1695.4089965820312 1.0002498155510389 0.00021730083476201607
1695.4298095703125 1.0005758803243918 0.00021720814751703267
1695.4506225585938 1.0037665660522455 0.00021708345477277575
1695.4714965820312 0.9987143585634831 0.00021683943409036882
1695.4923095703125 1.0010819917329634 0.0002168909893731826
1695.5131225585938 0.9991092163247143 0.00021682953730850802
1695.5339965820312 1.000339594965047 0.0002169088306705463
1695.5548095703125 0.9997338258952244 0.0002168688124750292
1695.5756225585938 0.9995438311633026 0.0002167983989308058
1695.5964965820312 1.0010573564097485 0.00021680935242252044
1695.6173095703125 0.9994620504454307 0.00021688882127595706
1695.6381225585938 1.0007914225148502 0.00021691035029330056
1695.6589965820312 0.9995758432454487 0.00021676379870659318
1695.6798095703125 0.9996022068491134 0.0002168717440880499
1695.7006225585938 1.0000189238200459 0.00021709430082130084
1695.7214965820312 1.0003991752109238 0.0002169868985920336
1695.7423095703125 0.9998383733791251 0.00021668365988060338
1695.7631225585938 0.9997499494585441 0.00021672051764261115
1695.7839965820312 0.9998573876397074 0.00021648783727417815
1695.8048095703125 1.00056725878243 0.00021631206439120734
1695.8256225585938 1.000748851225351 0.0002161891501456601
1695.8464965820312 0.9981642247961187 0.0002159987119206522
1695.8673095703125 1.0007259832605775 0.00021588605683100742
1695.8881225585938 1.0001955493550427 0.00021571133190243774
1695.9089965820312 1.0006469209692874 0.00021547768319053667
1695.9298095703125 0.999456684003291 0.0002151986803417015
1695.9506225585938 0.9987279499327519 0.00021475892805743565
1695.9714965820312 1.0008563831810557 0.00021452367523811975
1695.9923095703125 1.000679334839958 0.0002142663999920662
1696.0131225585938 1.0001589629572778 0.0002139355851583867
1696.0339965820312 0.99948873726603 0.00021350893265680284
1696.0548095703125 0.9996284872704083 0.00021326990103377435
1696.0756225585938 0.9999278881150999 0.0002130196728104024
1696.0964965820312 1.000372249709377 0.00021293716289020877
1696.1173095703125 1.0001048671651525 0.00021279488813977156
1696.1381225585938 1.0001630579244987 0.00021277499198974907
1696.1589965820312 1.0002223877040939 0.00021301739483338295
1696.1798095703125 0.9996058292168463 0.0002128912968089256
1696.2006225585938 0.9997028757813712 0.0002128977383490201
1696.2214965820312 0.9991778110214508 0.00021278295072425167
1696.2423095703125 1.0008147887549206 0.00021269717072085637
1696.2631225585938 1.0006186293911594 0.0002127698168276197
1696.2839965820312 1.0004082446045812 0.00021261716251034992
1696.3048095703125 0.9994651945129599 0.00021273275464292013
1696.3256225585938 0.9999919781274837 0.00021272476234378705
1696.3464965820312 0.9985556994767376 0.00021268191150735464
1696.3673095703125 1.0010635008594984 0.0002126593225331971
1697.3673095703125 0.9999968600512429 0.00021229655393749698
1697.3881225585938 0.9990095283020552 0.000212381248630995
1697.4089965820312 1.0013784403117578 0.0002123728207096526
1697.4298095703125 1.0001460140740264 0.0002123971381797135
1697.4506225585938 1.0002989381400686 0.00021220561022020345
1697.4714965820312 0.9986718779843287 0.0002121278050860254
1697.4923095703125 1.0002305091713428 0.00021207085644958594
1697.5131225585938 1.0005720568227736 0.00021211949076813908
1697.5339965820312 0.9998013026772359 0.0002124553158045933
1697.5548095703125 0.9999250745719589 0.00021240468661331202
1697.5756225585938 1.0006981702321802 0.00021235614727128807
1697.5964965820312 0.9995632573389588 0.00021235964576099304
1697.6173095703125 1.0000512547113165 0.00021244894705489862
1697.6381225585938 0.9993493565014564 0.00021237896213099694
1697.6589965820312 0.9999928855342504 0.0002123606485833265
1697.6798095703125 1.0007505659980094 0.00021251361164506186
1697.7006225585938 0.9994935053047022 0.00021238061574012775
1697.7214965820312 1.000581661324134 0.00021236285875271058
1697.7423095703125 0.9999118241088851 0.00021225716156439203
1697.7631225585938 0.9998505922624293 0.0002122642049826929
1697.7839965820312 0.9992759134454458 0.00021223454743118602
1697.8048095703125 1.0001979792566305 0.0002121030947208814
1697.8256225585938 1.0000359443800546 0.00021225207093106174
1697.8464965820312 1.0012453986186594 0.0002123066590521951
1697.8673095703125 0.9997568554461901 0.0002123636645755489
1697.8881225585938 0.9987304834134857 0.00021216777389596942
1697.9089965820312 1.001243447595224 0.0002125973126399703
1697.9298095703125 0.9997421284048882 0.00021258621965578056
1697.9506225585938 0.9992616619832784 0.00021260480215364779
1697.9714965820312 1.0006722451795986 0.00021256024839609247
1697.9923095703125 0.999027897046885 0.00021252681845805487
1698.0131225585938 0.9999406501278787 0.00021230596067010237
1698.0339965820312 1.0009235805904229 0.000212178635509729
1698.0548095703125 0.999926168287254 0.00021211989416904388
1698.0756225585938 0.9993383623092945 0.00021226752503978151
1698.0964965820312 1.0021161325488792 0.0002123459569600414
1698.1173095703125 0.9988309478538235 0.00021256276228073085
1698.1381225585938 1.0001634432348163 0.00021266113729009843
1698.1589965820312 0.9982721506347965 0.0002124154681517499
1698.1798095703125 1.0001824771225083 0.00021256193967507134
1698.2006225585938 1.0004102192229323 0.00021247763200763357
1698.2214965820312 1.0011358897119935 0.00021247175444858362
1698.2423095703125 1.0004778149977651 0.0002125811444873278
1698.2631225585938 0.9991173715133268 0.0002126784889004156
1698.2839965820312 1.000681492009097 0.0002126278223868178
1698.3048095703125 0.9981250397694778 0.00021258968171143373
1698.3256225585938 1.0001713736592819 0.00021272059917783523
1698.3464965820312 1.0009294296486944 0.0002127476535732846
1698.3673095703125 1.0008571486502613 0.00021278707480955385
1698.3881225585938 0.9997490310802712 0.00021288031929458853
1698.4089965820312 0.9987825956438153 0.00021303626462019717
1698.4298095703125 1.000352405368611 0.00021313003012205363
1698.4506225585938 1.0005032080152227 0.00021298321073997723
1698.4714965820312 0.9992668726401093 0.00021288721634296195
1698.4923095703125 0.9995095460106166 0.00021296792046477213
1698.5131225585938 1.0012122625416646 0.00021299196983640877
1698.5339965820312 1.0006106143750093 0.0002130644905559798
1698.5548095703125 0.9995306652673901 0.00021311141843976595
1698.5756225585938 0.999949395483325 0.0002132958072411444
1698.5964965820312 0.9992753407525234 0.0002134235466034057
1698.6172485351562 0.999865763337734 0.00021320502597072972
1698.6381225585938 1.0001245607498641 0.00021341384014511667
1698.658935546875 0.9998534501865173 0.0002131151336682353
1698.6797485351562 1.0005958539204536 0.00021312572973170168
1698.7006225585938 1.0001782483003854 0.00021312466382418025
1698.721435546875 0.9999204094547334 0.00021315094609535717
1698.7422485351562 1.0000328281447877 0.00021314426073449345
1698.7631225585938 1.0002702165586632 0.00021328460695854497
1698.783935546875 0.999174520675439 0.00021341816611289077
1698.8047485351562 1.0002397835867933 0.0002134217881632257
1698.8256225585938 1.0008632258451342 0.0002134901134179816
1698.846435546875 0.9987871358809133 0.00021344355646980574
1698.8672485351562 0.9998132578361655 0.00021348583172247588
1698.8881225585938 1.0007779996831865 0.00021344624294840724
1698.908935546875 0.9994013520425922 0.00021335428354927566
1698.9297485351562 1.000696977749967 0.00021334105888998233
1698.9506225585938 0.999682453155912 0.00021324990111950295
1698.971435546875 0.9999057926540493 0.00021326401971256872
1698.9922485351562 1.0012995868907801 0.0002133848659087147
1699.0131225585938 0.9994711367750316 0.00021354349731931278
1699.033935546875 0.9990048303960929 0.00021348065581404998
1699.0547485351562 0.9993308901900964 0.00021332164632203798
1699.0756225585938 1.0004218793720705 0.00021351951856625711
1699.096435546875 1.0009704817542995 0.0002134680859384589
1699.1172485351562 1.0003232277405638 0.00021352180252094558
1699.1381225585938 0.9996930149650286 0.00021344282423614458
1699.158935546875 0.9994268896085837 0.0002134155239368384
1699.1797485351562 1.0003369739088928 0.00021354595404118643
1699.2006225585938 0.9993257463292129 0.0002134446027805199
1699.221435546875 1.0001852564927398 0.0002134524002088424
1699.2422485351562 1.0008404314472548 0.00021347402274636573
1699.2631225585938 0.9996543805249072 0.00021341714385317637
1699.283935546875 1.0001501693700858 0.00021355529603093418
1699.3047485351562 0.9999749755108367 0.0002134129865213617
1699.3256225585938 0.9996736930791394 0.00021350047658029832
1699.346435546875 0.9998072609527882 0.00021355446878749108
1699.3672485351562 0.9997057649742803 0.00021360251873687756
1699.3881225585938 1.0007950403765153 0.00021360017329816815
1699.408935546875 1.000351493168528 0.0002135633913352585
1699.4297485351562 0.9989321280050761 0.00021370386177615322
1699.4506225585938 1.0004761193633824 0.0002136772073092488
1699.471435546875 1.0002955541357894 0.00021395584513652947
1699.4922485351562 0.9995332607346936 0.0002138403480929928
1699.5131225585938 1.0006746070814878 0.0002138637092192748
1699.533935546875 0.999602049519256 0.00021388158576233146
1699.5547485351562 0.9993017296616352 0.0002139786027018975
1699.5756225585938 1.0005514251519607 0.00021394522862165017
1699.596435546875 0.9997323197975905 0.00021389904227701173
1699.6172485351562 1.000406544189539 0.0002139485508129064
1699.6381225585938 1.0000512510022832 0.00021386911960180672
1699.658935546875 1.0001034588963662 0.00021396648649654648
1699.6797485351562 1.0004922747279739 0.0002140973673977705
1699.7006225585938 0.9986540309787578 0.00021415226717399086
1699.721435546875 1.001207768282124 0.00021406380129047913
1699.7422485351562 0.9990936877280914 0.00021400913768322954
1699.7631225585938 1.0005109983684348 0.0002140843482423753
1699.783935546875 0.999272536154465 0.0002140878538731479
1699.8047485351562 0.9991598900967764 0.00021398423798283403
1699.8256225585938 1.002003614915551 0.0002139878988568597
1699.846435546875 1.0001472616950282 0.0002140280165291502
1699.8672485351562 0.9991905760707462 0.00021399770562194185
1699.8881225585938 1.0006726919734321 0.00021408179269202758
1699.908935546875 0.9992620927894864 0.0002142721923074259
1699.9297485351562 0.9997438910530452 0.00021431403231891234
1699.9506225585938 1.0008722257596654 0.00021409981284889508
1699.971435546875 0.9986563247259526 0.00021406462998515503
1699.9922485351562 1.0000553202276024 0.00021399724620903708
1700.0131225585938 1.0013038038955537 0.0002139238472909282
1700.033935546875 0.9994467034862938 0.00021399933464426324
1700.0547485351562 1.0001986919525867 0.00021392902622847975
1700.0756225585938 0.999662518590902 0.00021386315277621798
1700.096435546875 1.0012267271500066 0.0002141141653628113
1700.1172485351562 0.9987614992528062 0.00021405095774991833
1700.1381225585938 0.9995530129324306 0.00021406278154923974
1700.158935546875 1.000883511488868 0.00021404651134604416
1700.1797485351562 0.9988459302044882 0.00021405360067898137
1700.2006225585938 1.0011075667966962 0.00021407014201838844
1700.221435546875 0.9969300341390871 0.00021407825988250474
1700.2422485351562 1.0003652981389284 0.0002140210405907635
1700.2631225585938 0.9994141105083786 0.00021395850622442624
1700.283935546875 1.0001916199077325 0.00021405511493582285
1700.3047485351562 0.9995415149359209 0.00021417183344321275
1700.3256225585938 0.999810006611566 0.00021407985062019984
1700.346435546875 1.0010207378961071 0.00021412188237840375
1700.3672485351562 0.9996423698805826 0.00021399337007348086
1700.3881225585938 0.999502300178705 0.0002140292707746195
1700.408935546875 1.0000541761891317 0.00021400831975957322
1700.4297485351562 1.000312362374411 0.00021402289832754873
1700.4506225585938 0.9999116800285125 0.00021426596402395032
1700.471435546875 1.0002082087924558 0.0002143555763249805
1700.4922485351562 0.9994708412816337 0.00021419352942023088
1700.5131225585938 1.0002293619074325 0.00021449167759900954
1700.533935546875 0.9999957830610364 0.00021433638547427704
1700.5547485351562 1.0007217966669497 0.0002142633114546163
1700.5756225585938 0.9989385687706925 0.00021449750579854122
1700.596435546875 1.0009769735584704 0.000214489939283786
1700.6172485351562 0.9998928796415771 0.00021441239196436036
1700.6381225585938 0.9993344724628889 0.00021453070595640238
1700.658935546875 0.9997487000786154 0.00021454735904311584
1700.6797485351562 1.0001159772232333 0.00021440786942897425
1700.7006225585938 0.9999926711621927 0.00021440417333449662
1700.721435546875 1.0008166111803258 0.00021428994502778828
1700.7422485351562 0.9998183562410102 0.0002143614869438551
1700.7631225585938 1.0000636800755842 0.0002144122378780773
1700.783935546875 0.9992523530630799 0.00021441868157768762
1700.8047485351562 1.0006616860532707 0.00021462789465516538
1700.8256225585938 1.000254651680367 0.0002146239989092158
1700.846435546875 0.9995706353355205 0.00021468956301008466
1700.8672485351562 1.0000224237506792 0.00021466139983885104
1700.8881225585938 0.9989739349013779 0.00021466286520255184
1700.908935546875 1.0009801073690934 0.00021467512987302377
1700.9297485351562 1.0004693040287602 0.00021452884294942808
1700.9506225585938 0.999277676511731 0.00021445882456901092
1700.971435546875 0.9999266352956864 0.00021439968566674074
1700.9922485351562 1.0000641988158152 0.00021444198871592668
1701.0131225585938 1.0007587994009006 0.00021437577225633719
1701.033935546875 0.9998401254421256 0.00021440298969916484
1701.0547485351562 0.9998206729307417 0.00021434284185085578
1701.0756225585938 0.999250498353159 0.00021437419821648834
1701.096435546875 0.999685583543199 0.0002143633318158216
1701.1172485351562 1.001015836488475 0.00021446910859549345
1701.1381225585938 1.0009950902654428 0.0002145398551733052
1701.1588745117188 0.9994738007460436 0.0002147362201876005
1701.1797485351562 0.9984830635539522 0.00021454889416500206
1701.2005615234375 1.0005466675725474 0.00021481576324024226
1701.2213745117188 1.0004685448177744 0.00021474090679132445
1701.2422485351562 1.000024149309182 0.00021461866745554897
1701.2630615234375 1.000218649945771 0.00021462369675480795
1701.2838745117188 0.999633595063873 0.0002145249150202611
1701.3047485351562 1.0002662523010553 0.000214595493605187
1701.3255615234375 0.9999320860316436 0.00021443488995313498
1701.3463745117188 0.9981439565410005 0.00021442044380032564
1701.3672485351562 1.0018661854785627 0.0002144008045248983
1701.3880615234375 0.9999778759007774 0.0002145605386340036
1701.4088745117188 1.0008627146391131 0.00021453230776591824
1701.4297485351562 0.9994559147184121 0.00021466310818359178
1701.4505615234375 0.9992325955535087 0.00021460466481254664
1701.4713745117188 0.9998035397015475 0.0002147621373891245
1701.4922485351562 0.9991758550382713 0.00021486505711001454
1701.5130615234375 1.0017823894592612 0.00021495538979365205
1701.5338745117188 1.0005137293282433 0.00021494501001134467
1701.5547485351562 1.0000044493994258 0.0002150379592417874
1701.5755615234375 0.9976800100955431 0.00021509759903391465
1701.5963745117188 1.0004819788250225 0.00021528546008126208
1701.6172485351562 1.0011513528108105 0.0002153321893916786
1701.6588745117188 1.0005190957006498 0.0002154315196893031
1701.6797485351562 0.9994693979110466 0.00021518251113019214
1701.7005615234375 0.9993597322131287 0.00021511782927098315
1701.7213745117188 1.0002271241248417 0.00021532826943947763
1701.7422485351562 0.9994106525451804 0.00021529055603984875
1701.7630615234375 1.0007243226230824 0.00021529433075696095
1701.7838745117188 1.0006039608138089 0.00021513435425238862
1701.8047485351562 0.9997147636782093 0.0002153444898899225
1701.8255615234375 0.9994431212081448 0.00021525163560935892
1701.8463745117188 0.999707228374575 0.00021517720663441847
1701.8672485351562 0.9996551227668306 0.0002152133742662987
1701.8880615234375 1.0006054209858342 0.00021531828866346343
1701.9088745117188 0.9973520822231524 0.0002151712094505496
1701.9297485351562 0.9979590703267051 0.00021507650251097237
1701.9505615234375 0.998192401834956 0.00021498802630701057
1701.9713745117188 0.9995832533382447 0.00021532648975352217
1701.9922485351562 0.9999593498171371 0.00021520484899040297
1702.0130615234375 0.9987896088430506 0.00021522961009588437
1702.0338745117188 0.9994758862464403 0.00021524784153031002
1702.0547485351562 1.000530482212238 0.00021529883330535343
1702.0755615234375 1.0002614736154474 0.00021523432146148766
1702.0963745117188 1.0000761151924955 0.00021521966113665578
1702.1172485351562 0.9999956622904137 0.0002151862257764108
1702.1380615234375 0.9992654910509812 0.0002153557165708562
1702.1588745117188 1.0005921612794137 0.00021542877450791485
1702.1797485351562 1.0000942403387956 0.00021541908674346585
1702.2005615234375 0.9999493733564944 0.00021527920908219567
1702.2213745117188 0.9994077748507062 0.00021528404744411626
1702.2422485351562 1.00043655153572 0.00021527844597031152
1702.2630615234375 1.0011486614522962 0.00021529852613484202
1702.2838745117188 0.9989554943690006 0.00021512323407238415
1702.3047485351562 1.0001338839854332 0.00021508360146688796
1702.3255615234375 0.9995770248643646 0.000215138306048584
1702.3463745117188 0.9993586032133109 0.00021515613002081826
1702.3672485351562 1.000891451721949 0.0002149858982613351
1702.3880615234375 1.000380788154646 0.00021501611851800493
1702.4088745117188 0.9991957704199323 0.000214967345200521
1702.4297485351562 1.000872916842427 0.00021484587149661938
1702.4505615234375 0.9994563266568761 0.00021497388589621636
1702.4713745117188 1.0000800452397423 0.000215233259864377
1702.4922485351562 1.0000853126131213 0.00021528551188450734
1702.5130615234375 0.9998832925055177 0.00021529044990286963
1702.5338745117188 1.0000561902853522 0.00021544418749496817
1702.5547485351562 0.9990992255379181 0.00021549714567918151
1702.5755615234375 1.0020791702757583 0.00021579743145402075
1702.5963745117188 0.999244337581278 0.00021578328268131243
1702.6172485351562 0.9985721543608979 0.0002157393410116719
1702.6380615234375 1.001190700898542 0.0002159967366547969
1702.6588745117188 1.0002235977769214 0.00021631248481530614
1702.6797485351562 1.0005755113703922 0.00021639263958465893
1702.7005615234375 0.9988017065303982 0.00021601978131936863
1702.7213745117188 0.9994509387484939 0.0002161074121128641
1702.7422485351562 1.0004575568732852 0.00021629382448596265
1702.7630615234375 0.999670923187796 0.00021606896479181564
1702.7838745117188 1.0006219129755711 0.00021599296135302635
1702.8047485351562 1.0005817229806482 0.00021588281081707345
1702.8255615234375 0.999135128400143 0.00021585982518358904
1702.8463745117188 1.0000666587324885 0.00021591265075472245
1702.8672485351562 1.000952483282042 0.00021597021448963954
1702.8880615234375 0.9993584252551062 0.00021608343360642184
1702.9088745117188 0.9999146853807522 0.00021611616026578082
1702.9297485351562 0.9996227554937139 0.00021607064973543934
1702.9505615234375 1.0003682694642186 0.00021603411865371585
1702.9713745117188 1.0000574186223063 0.00021607221543576682
1702.9922485351562 1.000511453246256 0.00021604816057631745
1703.0130615234375 0.9994524553803175 0.0002159945041759385
1703.0338745117188 0.9997224277775956 0.0002161189560153616
1703.0547485351562 1.0001951935865896 0.00021600761051984753
1703.0755615234375 0.9994116784533904 0.0002159106443169318
1703.0963745117188 1.0003385171086667 0.0002159490291034863
1703.1172485351562 1.0010191288775643 0.00021589988976715102
1703.1380615234375 0.9997924015281426 0.00021598331433343696
1703.1588745117188 0.9991206221024734 0.0002160381079883628
1703.1797485351562 1.0004508977579964 0.00021604746941643736
1703.2005615234375 1.0000730062614676 0.000216106914774013
1703.2213745117188 0.9995837569989193 0.00021621543062728846
1703.2422485351562 1.0002431783279457 0.000216166201184906
1703.2630615234375 1.0003717862405472 0.00021601458534238694
1703.2838745117188 0.9993501073764676 0.00021591009054501052
1703.3047485351562 0.999965289731311 0.00021590845880123388
1703.3255615234375 1.0007903381399756 0.00021583404557299696
1703.3463745117188 0.9995074154396641 0.00021583996260360455
1703.3672485351562 1.0004268689192837 0.00021583011866140126
1703.3880615234375 0.9982235317646788 0.00021567893016884106
1703.4088745117188 1.0022135763455478 0.0002158758682554543
1703.4297485351562 0.9997864606033168 0.00021592593489928603
1703.4505615234375 0.9998733836847833 0.0002160176759207268
1703.4713745117188 0.9990722544797596 0.0002160530836812989
1703.4922485351562 0.9999033929128509 0.00021626241164878792
1703.5130615234375 1.0001614975808915 0.00021624805785697252
1703.5338745117188 1.0001537451743354 0.0002163690032060882
1703.5547485351562 1.00031376174843 0.00021665454257182142
1703.5755615234375 1.0013230487897387 0.00021675105336334892
1703.5963745117188 0.9985945491611244 0.00021682773853291858
1703.6172485351562 0.9995424571384721 0.00021684491529971235
1703.6380615234375 0.9999343067300251 0.00021710337664806873
1703.6588745117188 1.0006466772317768 0.00021704210876785418
1703.6796875 0.9995504436411307 0.00021694465261923402
1703.7005004882812 1.0005709051887748 0.0002169724199605361
1703.7213745117188 0.9997073189679433 0.00021687719443124308
1703.7421875 1.0010638238844216 0.00021699364409041516
1703.7630004882812 0.9993085987280992 0.00021696186542659982
1703.7838745117188 0.9985211639176602 0.0002171754567123376
1703.8046875 1.001224879337025 0.00021698128673007972
1703.8255004882812 0.9991190585541185 0.0002169276448902744
1703.8463745117188 1.0010681027470443 0.00021691614457941893
1703.8671875 0.9991615734974231 0.0002168639773985527
1703.8880004882812 0.997177802786353 0.0002168528738583193
1703.9088745117188 1.0008437758615014 0.00021697761322103497
1703.9296875 1.0009150742586201 0.00021702252007299464
1703.9505004882812 1.0000541324934766 0.00021699443944467081
1703.9713745117188 0.998418385234184 0.00021706027876741406
1703.9921875 0.9986433173945398 0.00021708576421829604
1704.0130004882812 1.0021742758708783 0.00021710149282072377
1704.0338745117188 0.9994689265946465 0.00021695621035370025
1704.0546875 1.0001192363017415 0.00021689899988142176
1704.0755004882812 0.9999795524285303 0.00021684117726065841
1704.0963745117188 0.9996208298957432 0.00021681974223136395
1704.1171875 1.0009012726362179 0.00021684768492791166
1704.1380004882812 0.9995326710730736 0.00021676762595083517
1704.1588745117188 0.9988653025522276 0.00021674984886934913
1704.1796875 1.000694360108709 0.0002168036814173061
1704.2005004882812 1.0011969277662724 0.00021694391811252848
1704.2213745117188 0.9998540569832503 0.00021703659768430676
1704.2421875 0.999832450863651 0.00021688923011173926
1704.2630004882812 0.9986078710382976 0.0002168558952195696
1704.2838745117188 1.0010038987545882 0.00021708995929581
1704.3046875 0.9992102495954928 0.0002168001696952697
1704.3255004882812 1.0009649945558836 0.00021661825768118413
1704.3463745117188 0.9995461709852094 0.00021655237818750942
1704.3671875 1.000428619115181 0.00021655873690192224
1704.3880004882812 1.0002911884777812 0.00021653274914632578
1704.4088745117188 0.9989982225613314 0.00021637667603189315
1704.4296875 0.999667753321718 0.00021644841440772173
1704.4505004882812 0.999877811530329 0.00021652059716121067
1704.4713745117188 1.0019017300705426 0.00021668874104781202
1704.4921875 0.9996290323538402 0.00021685042524442733
1704.5130004882812 0.9994456474973368 0.00021698364515681005
1704.5338745117188 0.9996119293352901 0.00021715936394226359
1704.5546875 0.9999000416112849 0.0002172734257759816
1704.5755004882812 1.0002414231567633 0.00021748801791865617
1704.5963745117188 1.0001236219281955 0.0002177301679934272
1704.6171875 0.9997119301751883 0.00021758264860379336
1704.6380004882812 1.001518719143439 0.00021771234580085494
1704.6588745117188 0.9983901504032351 0.00021777165275571129
1704.6796875 1.000371384236273 0.0002178582789549993
1704.7005004882812 1.0003428248768578 0.0002180163803760837
1704.7213745117188 0.999625606396333 0.00021791923329543024
1704.7421875 0.99949422106631 0.0002179020520176966
1704.7630004882812 1.0001210209344364 0.0002179794755441433
1704.7838745117188 1.0005725682249818 0.0002180734555041173
1704.8046875 1.0005958900054606 0.00021813282815493298
1704.8255004882812 1.0002275313885254 0.0002180831599527976
1704.8463745117188 0.9978653510334263 0.00021810507409309368
1704.8671875 1.0001240716803317 0.0002182306491353117
1704.8880004882812 1.001888726253114 0.00021826586964951523
1704.9088745117188 1.0000779414208145 0.00021814075843285346
1704.9296875 0.9987388196883301 0.00021788612022212702
1704.9505004882812 0.9993253248197906 0.00021777117622629315
1704.9713745117188 1.0004453509845075 0.0002177826363490405
1704.9921875 1.001601540583882 0.00021776779884660925
1705.0130004882812 0.9994863851717608 0.00021780325724507564
1705.0338745117188 1.0001908864394244 0.00021753330383991862
1705.0546875 0.9981234963750906 0.00021754946017721988
1705.0755004882812 1.0008247112466426 0.00021768212132350378
1705.0963745117188 1.0004059439821178 0.00021773168711409067
1705.1171875 1.000227889163343 0.00021775871090066117
1705.1380004882812 1.000530554397094 0.00021789903391868017
1705.1588745117188 0.9984891384917989 0.00021779619188716894
1705.1796875 1.0007758125478718 0.00021804638824711274
1705.2005004882812 1.000380237529745 0.00021793753036836424
1705.2213745117188 0.9992521405054449 0.000217931505573127
1705.2421875 0.9999504524086397 0.0002178882407346018
1705.2630004882812 0.9997756636603001 0.00021778904608771147
1705.2838745117188 1.00173767813885 0.00021770741994214714
1705.3046875 0.9994079379953928 0.0002175202398495929
1705.3255004882812 0.9985240546149441 0.00021739666414281487
1705.3463745117188 1.0000560591697463 0.0002173640852796815
1705.3671875 1.0012878914762704 0.0002172269757579676
1705.3880004882812 0.9996470405213755 0.00021717827844071748
1705.4088745117188 0.9997139660474758 0.00021731852531801831
1705.4296875 1.0000597037556196 0.0002173962372135112
1705.4505004882812 1.0006553777521472 0.000217528803368922
1705.4713745117188 0.999691934718899 0.00021769191413170805
1705.4921875 0.9997460328229212 0.00021788121294776265
1705.5130004882812 1.0002034129460247 0.0002180405275891193
1705.5338745117188 0.999899463380699 0.00021820532513990053
1705.5546875 0.9991910112693229 0.00021870736561832875
1705.5755004882812 1.0011526147121919 0.0002185662000246453
1705.5963745117188 1.0002800483929901 0.00021870019088010852
1705.6171875 0.998521577812633 0.00021895986993485423
1705.6380004882812 1.0002390062109883 0.00021876523538230192
1705.6588745117188 1.0005934432005619 0.00021877994366934834
1705.6796875 1.0000046104476554 0.00021883546592413178
1705.7005004882812 1.000527384228702 0.000218904101103093
1705.7213745117188 0.9995094222811136 0.00021881022298626736
1705.7421875 0.9999087414082521 0.00021899106340666323
1705.7630004882812 0.999598121318639 0.00021896961500268543
1705.7838745117188 0.999813413305528 0.0002189968929115012
1705.8046875 1.0014366567629744 0.0002191655644236737
1705.8255004882812 0.9991649174390421 0.00021930973776802324
1705.8463745117188 1.001037920285604 0.00021943521336096808
1705.8671875 0.998817004669601 0.00021932581978409603
1705.9088745117188 0.9987824610751883 0.00021940966325745856
1705.9296875 1.0009828449160325 0.00021917658050382986
1705.9505004882812 1.0003634314344088 0.00021902317020915324
1705.9713745117188 1.000507686153025 0.00021893738999624688
1705.9921875 1.0001955594586533 0.00021883846275389448
1706.0130004882812 0.9996189923429146 0.00021868465796812657
1706.0338745117188 0.9991997853690904 0.00021880379680551333
1706.0546875 1.0001707504008734 0.00021881479856657678
1706.0755004882812 1.0001112111618076 0.00021880644078879781
1706.0963745117188 1.0006716770914001 0.00021856553061621418
1706.1171264648438 0.9992705465784365 0.00021876714212107557
1706.1380004882812 0.9999355476196192 0.00021879355862964886
1706.1588134765625 1.001043292752525 0.00021897174781743318
1706.1796264648438 0.9993964795042494 0.0002188392365863827
1706.2005004882812 0.999563701800622 0.00021883117949994866
1706.2213134765625 1.0010812202965411 0.0002188522286548645
1706.2421264648438 0.9978730727354538 0.0002187738573014017
1706.2630004882812 1.00139853154868 0.00021871985113425805
1706.2838134765625 0.9997115916514142 0.0002184376235596576
1706.3046264648438 1.0009642004571147 0.00021840242686534873
1706.3255004882812 0.9999732829169126 0.0002184237182908712
1706.3463134765625 0.9987660536567908 0.0002181953707254399
1706.3671264648438 1.000841083449526 0.00021821589500443453
1706.3880004882812 0.9993789882189814 0.00021824881961592403
1706.4088134765625 1.000092855456608 0.0002183485657170011
1706.4296264648438 1.0001514105452662 0.00021856238553708378
1706.4505004882812 1.0003092408284406 0.00021847488406231093
1706.4713134765625 1.0001472334291668 0.0002187303479678668
1706.4921264648438 0.9997582052269042 0.00021888210208332822
1706.5130004882812 0.9996222735397728 0.0002190638923853381
1706.5338134765625 0.9999906389271186 0.00021919925073185105
1706.5546264648438 1.0005172531005364 0.00021944746647130944
1706.5755004882812 0.9999915265680793 0.00021966645883507205
1706.5963134765625 0.9994858616752368 0.00021981084824540745
1706.6171264648438 1.000241030707497 0.00021988351974451268
1706.6380004882812 0.9993562945249096 0.00021988174986512237
1706.6588134765625 1.0004788187166793 0.00022010200957834014
1706.6796264648438 1.0007731707108063 0.00022014895308908132
1706.7005004882812 1.0005720681696602 0.00022005435388496185
1706.7213134765625 0.9989382904690635 0.0002200753861749805
1706.7421264648438 0.998733871745197 0.00022015957076289326
1706.7630004882812 1.0005184195786783 0.0002201720268603065
1706.7838134765625 1.0006956231837352 0.0002202576608391888
1706.8046264648438 1.0007045046646879 0.00022036562155027805
1706.8255004882812 1.0001082961775203 0.0002205263070679077
1706.8463134765625 0.999274342350607 0.00022074578775449713
1706.8671264648438 0.9990412119198024 0.00022077779517485233
1706.8880004882812 1.000901893224842 0.00022099861632576153
1706.9088134765625 0.999209534418742 0.00022085651885552822
1706.9296264648438 1.0002418231547836 0.00022070390391778117
1706.9505004882812 1.0015307118407588 0.0002204997038569411
1706.9713134765625 0.9990205791014981 0.00022035559444027236
1706.9921264648438 0.9971766364578869 0.00022028013515363722
1707.0130004882812 1.0003040153095966 0.00022016843277788172
1707.0338134765625 0.9993216812333745 0.00021997974968413378
1707.0546264648438 1.002736158589815 0.00022001666684077944
1707.0755004882812 1.0004271924267314 0.00022014065785293311
1707.0963134765625 0.9995554911921566 0.00022003395658239537
1707.1171264648438 0.999050122602737 0.0002199314314434687
1707.1380004882812 1.0009543270416654 0.00022015905947891476
1707.1588134765625 1.0015444629370451 0.00022010998839415332
1707.1796264648438 1.0013870294493006 0.00022005775512882775
1707.2005004882812 1.000469265761481 0.0002201564639449222
1707.2213134765625 0.9979653214521113 0.00022011011515093456
1707.2421264648438 0.9988108840013861 0.00022007071763459045
1707.2630004882812 1.000313326770919 0.00022009924884249616
1707.2838134765625 0.9996357334798404 0.00022005708351414396
1707.3046264648438 1.001124784711717 0.0002200841105189218
1707.3255004882812 0.9991477972892928 0.0002199737585202787
1707.3463134765625 1.0002002158411567 0.00021996084410535593
1707.3671264648438 0.999239100513206 0.00021986430827814927
1707.3880004882812 1.0009130383953488 0.00021983455780602695
1707.4088134765625 0.9995976391169773 0.00021993352343967524
1707.4296264648438 0.9996486526810866 0.0002198935087159366
1707.4505004882812 1.00121737692096 0.0002198960060366102
1707.4713134765625 0.9988960017646624 0.00022009669386118983
1707.4921264648438 1.000466317705065 0.00022005568083998861
1707.5130004882812 0.9998948426126578 0.0002203069179991746
1707.5338134765625 0.9998219602600255 0.00022030537375114907
1707.5546264648438 1.0005205358646105 0.00022064206296558973
1707.5755004882812 0.9990521944090998 0.00022056103221851548
1707.5963134765625 1.0006479954101626 0.00022080101210480285
1707.6171264648438 0.999626747163035 0.0002209297765951509
1707.6380004882812 1.0003573846834755 0.00022105309094297288
1707.6588134765625 1.0012174211652922 0.00022123139984217113
1707.6796264648438 0.9985753340550396 0.00022127040598206958
1707.7005004882812 0.9999503419037118 0.00022125300970266118
1707.7213134765625 0.9991168343740947 0.0002212780122363303
1707.7421264648438 1.0003031585943236 0.00022130938975514333
1707.7630004882812 1.0016143708530245 0.0002214132258549367
1707.7838134765625 1.0002806085065272 0.00022130860505818411
1707.8046264648438 0.9987189006919708 0.00022156384768888486
1707.8255004882812 1.0004574302483178 0.00022159925695919684
1707.8463134765625 0.9995767552664214 0.00022173272092748986
1707.8671264648438 0.9997698396385245 0.00022187458851430602
1707.8880004882812 0.9998175497316013 0.00022192878122418577
1707.9088134765625 0.9999866306480217 0.0002218607255124562
1707.9296264648438 1.0010239950119568 0.00022174715192119427
1707.9505004882812 1.0000079291419743 0.00022169043233800212
1707.9713134765625 0.9993587519970338 0.00022156817418903088
1707.9921264648438 1.0013085599812548 0.00022164046100609506
1708.0130004882812 0.9989991912852427 0.00022131447866959744
1708.0338134765625 0.9987975139554532 0.000221138604395226
1708.0546264648438 1.0002466881459433 0.00022093553211199635
1708.0755004882812 1.0008393883054656 0.00022078867415820105
1708.0963134765625 1.000318531682044 0.0002207882402977877
1708.1171264648438 1.0000439039722069 0.00022076724003475566
1708.1380004882812 1.0001414313458992 0.00022068498698747763
1708.1588134765625 0.998831546627971 0.00022084095251013636
1708.1796264648438 1.0011095963075431 0.00022094914315141484
1708.2005004882812 0.9991004222548189 0.00022088654565384093
1708.2213134765625 1.0000525789124233 0.00022100203181740975
1708.2421264648438 1.0007509185071193 0.00022111903641105436
1708.2630004882812 1.000042853378053 0.00022105847301545991
1708.2838134765625 0.9993416695004768 0.00022104229879117105
1708.3046264648438 0.9997372556430874 0.00022112116609034917
1708.3255004882812 1.0009164473110965 0.00022098468610559822
1708.3463134765625 1.0003445801296378 0.00022098748309670998
1708.3671264648438 0.9996446904656288 0.00022089818192228466
1708.3880004882812 0.9989454210002829 0.0002208867396245706
1708.4088134765625 1.0002801166928323 0.00022068733211020252
1708.4296264648438 0.9997929104084697 0.00022061658603059713
1708.4505004882812 1.0003135959961043 0.00022054722039803045
1708.4713134765625 1.0006149316963788 0.00022057273661691546
1708.4921264648438 0.9998502260756307 0.00022055690362357165
1708.5130004882812 1.0009830912265327 0.00022063083486396898
1708.5338134765625 0.9985695232389551 0.00022053738529499516
1708.5546264648438 0.9996579704528775 0.00022081668817971033
1708.5755004882812 0.9999798514094901 0.00022092186814199477
1708.5962524414062 1.001054030368869 0.00022104270172522257
1708.6171264648438 0.9995648186132113 0.00022128846948123813
1708.637939453125 1.000097250206283 0.0002212628245588326
1708.6587524414062 0.9999532851817591 0.00022129423449346685
1708.6796264648438 0.9997352536399952 0.00022141064749412216
1708.700439453125 0.9999404743732571 0.00022160973539155126
1708.7212524414062 1.0004677280872694 0.00022155325715884398
1708.7421264648438 1.0009088164552125 0.00022153894278935854
1708.762939453125 0.9985523018503413 0.00022140638311369078
1708.7837524414062 0.9993743544186918 0.00022154102949711754
1708.8046264648438 1.000906560171759 0.00022157150770444183
1708.825439453125 0.9995121953811673 0.0002216133970106815
1708.8462524414062 1.0012376098686433 0.0002217150827597006
1708.8671264648438 1.0003392120070023 0.0002217658745137156
1708.887939453125 0.9996307844210747 0.00022203069413501383
1708.9087524414062 0.9983931523952191 0.00022194671074039107
1708.9296264648438 1.0002192985796854 0.0002218036519797749
1708.950439453125 1.0004689265062259 0.00022186778805655878
1708.9712524414062 1.0005635967411375 0.00022165151735591
1708.9921264648438 1.0001472735015868 0.00022147327609297866
1709.012939453125 0.9989628410911936 0.0002212219616377007
1709.0337524414062 1.000081152254158 0.000221226882420328
1709.0546264648438 1.0018521854535987 0.00022111967986606992
1709.075439453125 0.9991208019482595 0.0002209460172791243
1709.0962524414062 0.9992565526207206 0.00022083671059634132
1709.1171264648438 0.9993023248198196 0.00022068913633335619
1709.137939453125 1.000327521711951 0.00022075030158660963
1709.1587524414062 1.0017772731664003 0.0002207481708182981
1709.1796264648438 0.9991724461796849 0.0002205910857503733
1709.200439453125 0.9996065765040917 0.00022066776404521454
1709.2212524414062 0.9993163545177786 0.0002207077625484482
1709.2421264648438 1.0007415270730742 0.00022076332343530137
1709.262939453125 1.0006851549411582 0.00022077852794950137
1709.2837524414062 0.9987647608847874 0.00022054827482757345
1709.3046264648438 1.0009064829422452 0.00022057077856709676
1709.325439453125 1.0003004559797877 0.00022057141901713013
1709.3462524414062 0.9991644371569463 0.0002204161696717596
1709.3671264648438 0.9999800092465071 0.00022022818239012023
1709.387939453125 0.9993242355155686 0.00022014121701946789
1709.4087524414062 1.0011017808011542 0.0002198522654755027
1709.4296264648438 1.000402473051809 0.0002196087138022341
1709.450439453125 0.9997528180490158 0.0002192116176519278
1709.4712524414062 0.9999196241986981 0.0002193150348481361
1709.4921264648438 0.9990631298162084 0.00021905927357700165
1709.512939453125 1.0004434403859812 0.00021894682761850785
1709.5337524414062 0.9996632387352751 0.0002188837164999699
1709.5546264648438 1.0010750594547781 0.0002189700522276057
1709.575439453125 1.0002930810404578 0.00021884281753479308
1709.5962524414062 0.9991436851206529 0.0002190163757443893
1709.6171264648438 0.9996324204543413 0.00021888155739298066
1709.637939453125 1.0001391510560185 0.0002191255254434622
1709.6587524414062 1.0003172610002953 0.00021922741678445423
1709.6796264648438 0.9994242669609592 0.00021933203438909198
1709.700439453125 1.0010172115716178 0.00021929572098532035
1709.7212524414062 1.0004586334417067 0.0002194252330295325
1709.7421264648438 0.9988916411732285 0.00021945298919896346
1709.762939453125 0.9996770033936907 0.0002193813873128954
1709.7837524414062 1.0006537787191176 0.00021910515416939143
1709.8046264648438 0.9996125246524614 0.00021911218670721348
1709.825439453125 0.99982643868682 0.00021886193685252315
1709.8462524414062 1.0001349849266725 0.00021831572917427756
1709.8671264648438 1.0002277433222457 0.00021830567116957949
1709.887939453125 0.9997878031943505 0.00021817115372262685
1709.9087524414062 1.002204851481588 0.0002180615516099954
1709.9296264648438 0.9980315794222289 0.00021773887327653115
1709.950439453125 0.998949217535357 0.00021785821553543794
1709.9712524414062 1.000430900498927 0.00021763260183662805
1709.9921264648438 1.0011966860291632 0.00021726421903505073
1710.012939453125 1.0000149007404755 0.0002168582739524113
1710.0337524414062 0.9988106080490804 0.0002163089457720372
1710.0546264648438 1.0003955740244954 0.00021595652597119005
1710.075439453125 1.0001108187900136 0.00021565062343689145
1710.0962524414062 1.000897376778312 0.00021518430210547203
1710.1171264648438 0.9994953362765082 0.00021466208791866303
1710.137939453125 0.9994792058118782 0.00021427326859162674
1710.1587524414062 0.999437094126592 0.00021394004591618326
1710.1796264648438 1.0006571791668877 0.00021368527497851828
