time flux flux_err
1653.953369140625 1.1360873001390814 0.00023268871702771812
1653.9741821289062 1.0839169861053355 0.00022967378858895939
1653.9950561523438 1.0583030096991104 0.00022812688882816078
1654.015869140625 1.0488195607623072 0.00022750357780595406
1654.0366821289062 1.025628290479681 0.00022602899537075454
1654.0575561523438 0.9703417386118083 0.00022201520916182097
1654.078369140625 0.974901291186737 0.0002226687364464129
1654.0991821289062 0.9579335824641939 0.00022047472813665174
1654.1200561523438 0.9638572143953471 0.00022169143604444
1654.140869140625 0.960062191111779 0.00022123175349860328
1654.1616821289062 0.9527678171142842 0.0002211811213475015
1654.1825561523438 0.9793924064586018 0.0002225758993574211
1654.203369140625 0.9805066145144199 0.0002233752993527819
1654.2241821289062 1.1723227693829257 0.0002371177685409712
1654.2450561523438 1.4380342315428605 0.00025165820421462566
1654.265869140625 1.3398413222467314 0.000247197964513205
1654.2866821289062 1.1356795973585803 0.0002348388340074759
1654.3075561523438 1.0045402060892608 0.00022518809204609522
1654.328369140625 1.0200024597447996 0.00022721832081042673
1654.3491821289062 1.0275744632628245 0.00022799730949340746
1654.3700561523438 1.0299387350538658 0.0002276246336208905
1654.390869140625 0.9873755267459152 0.00022531926149900802
1654.4116821289062 0.9846666352573408 0.0002236962224421479
1654.4325561523438 0.9812255849553939 0.00022319799780528166
1654.453369140625 0.9981584045937412 0.00022308405211714143
1654.4741821289062 1.004668119161432 0.00022231435605948196
1654.4950561523438 0.995447267866293 0.00021878627861872868
1654.5366821289062 1.0057213871564992 0.00021650509490760085
1654.5575561523438 1.004975006259843 0.00021377857004914311
1654.578369140625 1.001848651244269 0.0002114148988878716
1654.5991821289062 1.0001416062343702 0.00020936769500705428
1654.6200561523438 0.9957825962924209 0.00020733096940317333
1654.640869140625 0.992799651357009 0.00020534634343256686
1654.6616821289062 1.0035400783635062 0.00020351952453024683
1654.6825561523438 0.9983917749815087 0.00020195027358890024
1654.703369140625 1.002909663498307 0.00020043247315586018
1654.7241821289062 1.0206408299820533 0.00020437858458079706
1654.7450561523438 1.005211562605007 0.00020632603960422973
1654.765869140625 1.2829689197903849 0.00022582951185807018
1654.7866821289062 1.5795727645429083 0.00024346274835444166
1654.8075561523438 1.8196751817246686 0.0002570576216654365
1654.828369140625 2.0065872051637603 0.00026848888134266437
1654.8491821289062 1.4708255794650666 0.00025028380868495403
1654.8700561523438 1.069354859954396 0.00022872776072805967
1654.8909301757812 0.9865707188090798 0.00022426870875809525
1654.9117431640625 0.9695566226660775 0.00022451443976346768
1654.9325561523438 0.9962102889883833 0.00022797807319750946
1654.9534301757812 1.0016367602274894 0.00022787784218533915
1654.9742431640625 1.001415588535187 0.00022802225776297173
1654.9950561523438 1.0032593462012234 0.00022820233328592785
1655.0159301757812 1.0016152149069726 0.00022823057591357668
1655.0367431640625 1.000755035524151 0.00022811235252233648
1655.0575561523438 0.996551817937518 0.00022780976860419988
1655.0784301757812 1.0015196792093388 0.0002272240172509952
1655.0992431640625 0.9942050010386841 0.0002274331548039056
1655.1200561523438 1.0045211882418796 0.00022747688999730437
1655.1409301757812 1.0068748909449399 0.00022704911991684802
1655.1617431640625 0.9990753497287426 0.000225999532880117
1655.1825561523438 0.9858875622238455 0.00022498347344277906
1655.2034301757812 1.0011922173324679 0.00022411230124979692
1655.2242431640625 1.0135834262022139 0.0002230957625454517
1655.2450561523438 1.0040362090052148 0.00022194568727619576
1655.2659301757812 0.9899755552345206 0.0002200673891533347
1655.2867431640625 0.9934623266278236 0.00021840391249760925
1655.3075561523438 1.0087316727890976 0.0002183497244033691
1655.3284301757812 0.9995927424472464 0.0002168427970541714
1655.3492431640625 1.001869192454114 0.0002151955562087124
1655.3700561523438 0.9956863825080463 0.0002122900990554272
1655.3909301757812 0.9892563896569557 0.0002090934462683608
1655.4117431640625 1.0133961238775866 0.00020643306595205136
1655.4325561523438 0.9896758668377338 0.00020361786399169293
1655.4534301757812 1.0245021901328712 0.00020181551675073006
1655.4742431640625 1.0069060803190384 0.0002011985445382006
1655.4950561523438 0.9751932189075384 0.0001991158249971188
1655.5159301757812 0.9863943434074337 0.00019583615056401808
1655.5367431640625 0.9945898960678131 0.000189225987972496
1655.5575561523438 1.0113619408428054 0.00018278656449267154
1655.5784301757812 1.023426642980674 0.0001783717833987579
1655.5992431640625 0.9891420852418178 0.00017459448145270773
1655.6200561523438 1.0043198896299856 0.00017236414770661318
1655.6409301757812 0.994905818892032 0.00017037885320911466
1655.6617431640625 0.9935984933892757 0.0001689226594438609
1655.6825561523438 1.0031093831381208 0.00016752867201185367
1655.7034301757812 0.9992110830922304 0.00016491458183975785
1655.7242431640625 1.0050332383483274 0.00016289342185951932
1655.7450561523438 0.9956660533341265 0.00016066375280778013
1655.7659301757812 0.9939705661888633 0.00015858207034004582
1655.7867431640625 1.01659299127951 0.0001569276116439608
1655.8075561523438 0.9978827843809177 0.0001547563425166177
1655.8284301757812 0.9914393559452417 0.0001524251436395785
1655.8492431640625 0.9947169528225753 0.00014958851981456867
1655.8700561523438 0.9999925554136821 0.00014691242027441498
1655.8909301757812 1.0087643441864593 0.00014391294324533722
1655.9117431640625 0.9984395371749217 0.00014102440685829408
1655.9325561523438 1.0083801244117394 0.00013793130644937186
1655.9534301757812 1.0013858999169953 0.0001352538549687704
1655.9742431640625 1.0052552422080903 0.00013286461736871174
1655.9950561523438 0.9908644245154242 0.0001303454377642416
1656.0159301757812 1.0116389917982622 0.00012893397825252659
1656.0367431640625 1.0414416782960523 0.0001273982614288768
1656.0575561523438 0.9861690238050069 0.0001293840659213212
1656.0784301757812 0.9217966457389052 0.00013397164534775636
1656.0992431640625 0.8467968636432417 0.00013752398545143168
1656.1200561523438 0.7862579423112244 0.0001426940712396242
1656.1409301757812 0.7837529655304516 0.00018073841909168706
1656.1617431640625 1.287258718167571 0.00021280715105789687
1656.1825561523438 1.2527861207967985 0.00021052921063414594
1656.2034301757812 0.7017735803205541 0.00016719753390461182
1656.2242431640625 0.8452280641621668 0.000134552309840562
1656.2450561523438 0.961036758120025 0.0001268983262253515
1656.2659301757812 0.9828457708010286 0.00012447924940594854
1656.2867431640625 1.006386424509968 0.00012329019027764032
1656.3075561523438 0.9994574846326488 0.0001228368238287126
1656.3284301757812 1.0055542007739453 0.00012260962280025967
1656.3492431640625 0.9944457992260549 0.00012268281916867394
1656.3700561523438 0.9970357986570604 0.00012253862531733754
1656.3909301757812 0.998032289585851 0.00012233697086508195
1656.4117431640625 0.9929500671228906 0.0001222752738918469
1656.4325561523438 0.9731579265354522 0.000122628375849988
1656.4534301757812 0.965951051889302 0.00012300498383305554
1656.4743041992188 0.9782663437466733 0.0001228579835837684
1656.4951171875 0.9767091399667603 0.00012247376305714075
1656.5159301757812 0.9838239877907217 0.00012203265416924091
1656.5368041992188 0.9982877226628687 0.00012125701280299131
1656.5576171875 0.995005683964309 0.00011681951261889207
1656.5784301757812 0.9949638203323816 0.00011270765857591333
1656.5993041992188 1.0079334482232656 0.00010887887773745476
1656.6201171875 1.0155042351434982 0.00010551941860988732
1656.6409301757812 1.010889360800659 0.0001036519519952901
1656.6618041992188 0.9873241805999611 0.00010249184329180125
1656.6826171875 0.9880038131967465 0.00010133266336075955
1656.7034301757812 0.998875631300538 0.00010042122059710305
1656.7243041992188 1.00730663402997 9.945043369905592e-05
1656.7451171875 1.0070319470925508 9.845595824354317e-05
1656.7659301757812 0.9988945754730629 9.792142548314637e-05
1656.7868041992188 0.9956631396465591 9.777891725324977e-05
1656.8076171875 0.9991372913003344 9.775786313450408e-05
1656.8284301757812 1.0028141178519854 9.763517295436513e-05
1656.8493041992188 1.0040842649844528 9.783314703947312e-05
1656.8701171875 1.002183571820569 9.708656455996063e-05
1656.8909301757812 0.994729143912849 9.5964940876665e-05
1656.9118041992188 0.9864458064781297 9.437140544168775e-05
1656.9326171875 0.9738576119304747 9.307226159280915e-05
1656.9534301757812 0.9891222334026496 9.093035295176391e-05
1656.9743041992188 1.0081970425097417 8.662990443623394e-05
1656.9951171875 1.011328479034547 8.271723341537069e-05
1657.0159301757812 1.0095804854126567 8.090966460063866e-05
1657.0368041992188 1.0016969754752985 7.993301703243903e-05
1657.0576171875 0.9944053178244674 7.959189439747167e-05
1657.0784301757812 0.9960476292743551 7.964666132378948e-05
1657.0993041992188 0.9945026067074716 7.971530650166731e-05
1657.1201171875 1.0020933959687164 7.972812145571152e-05
1657.1409301757812 1.002659493395524 7.985512611515911e-05
1657.1618041992188 1.0027732600545696 8.000078571880732e-05
1657.1826171875 0.9989786849574652 8.025690219491686e-05
1657.2034301757812 1.0038424412326041 8.079363079326884e-05
1657.2243041992188 0.9921453918905685 8.131440669791193e-05
1657.2451171875 0.9977868768518515 8.100247711484754e-05
1657.2659301757812 1.0014080481186016 8.039546399876865e-05
1657.2868041992188 1.002086136303863 7.956013303110422e-05
1657.3076171875 1.002881627350794 7.88436161547024e-05
1657.3284301757812 0.9980021940910424 7.83938170812234e-05
1657.3701171875 1.0005165147737975 7.780166993472699e-05
1657.3909301757812 1.0005138950344517 7.770967218399805e-05
1657.4118041992188 1.002709202178508 7.750899654302538e-05
1657.4326171875 0.9910738610412079 7.75892471831377e-05
1657.4534301757812 1.0042662526915018 7.769633468899118e-05
1657.4743041992188 1.0016507889633044 7.787656483717149e-05
1657.4951171875 1.0045317295873204 7.795974742462454e-05
1657.5159301757812 0.9898789467454348 7.826784850392276e-05
1657.5368041992188 1.0026508888446755 7.852920703827806e-05
1657.5576171875 1.00020436933523 7.909485999918661e-05
1657.5784301757812 1.0096191832618033 7.937245520324716e-05
1657.5993041992188 0.9921649316680748 7.953337929398615e-05
1657.6201171875 1.0004001513374063 7.977967980696487e-05
1657.6409301757812 0.9932570991855503 8.010568870807837e-05
1657.6618041992188 1.009834557366822 8.002789839882335e-05
1657.6826171875 1.0027180374550335 8.012171375272085e-05
1657.7034301757812 0.9867080539610915 7.984838984509494e-05
1657.7243041992188 1.0053760604617015 7.97385751264088e-05
1657.7451171875 1.005830215164779 7.97212390503651e-05
1657.7659301757812 0.9935491168689055 7.980505126852755e-05
1657.7868041992188 1.0082679076793852 7.957729175039751e-05
1657.8076171875 0.9951230604446842 7.943611337439885e-05
1657.8284301757812 0.9903036598536249 7.953739320766555e-05
1657.8493041992188 1.0079844733405419 7.935074807536022e-05
1657.8701171875 1.0035674300622242 7.925226742272899e-05
1657.8909301757812 1.0003878347455584 7.915294360835217e-05
1657.9118041992188 0.9968084973691355 7.885634820579575e-05
1657.9326171875 0.9994147960754941 7.868023529157767e-05
1657.9534301757812 0.99430762334384 7.845897027278569e-05
1657.9743041992188 1.0058591031407473 7.828330517061722e-05
1657.9951171875 0.9991133761334072 7.811930114841805e-05
1658.0159301757812 0.9960373469204034 7.805507463736576e-05
1658.0368041992188 1.0032952666845107 7.80872768576531e-05
1658.0576171875 0.994065684700113 7.796699318166928e-05
1658.0784301757812 0.9970489999818578 7.79144893508214e-05
1658.0993041992188 0.9974182816987012 7.797155806620246e-05
1658.1201171875 0.9949662938159677 7.796278214918446e-05
1658.1409912109375 1.001056171556356 7.805781219897907e-05
1658.1618041992188 0.9989418104196872 7.816915971694182e-05
1658.1826782226562 1.0001079304708436 7.833552159357228e-05
1658.2034912109375 1.0011626574791623 7.855239809178495e-05
1658.2243041992188 1.000305827957482 7.865708359886465e-05
1658.2451782226562 1.0013202779278811 7.87710981397458e-05
1658.2659912109375 0.9902906078830958 7.876509445518602e-05
1658.2868041992188 1.0015877923025225 7.878867444521736e-05
1658.3076782226562 1.009763497552311 7.860636620901645e-05
1658.3284912109375 0.9933702500592155 7.844141915162072e-05
1658.3493041992188 1.0056666871126998 7.822586868788546e-05
1658.3701782226562 0.9931987302476941 7.811014786288014e-05
1658.3909912109375 1.0030280489908499 7.822153595465194e-05
1658.4118041992188 1.0012280687664965 7.827804242285888e-05
1658.4326782226562 1.0004005690799207 7.826759980359477e-05
1658.4534912109375 0.9973461314853503 7.839934627664074e-05
1658.4743041992188 0.9991168227467051 7.853940997023597e-05
1658.4951782226562 1.0009769181641286 7.856935081715663e-05
1658.5159912109375 1.0004480583090818 7.859136956344268e-05
1658.5368041992188 1.0004115795373416 7.853516903939084e-05
1658.5576782226562 0.9933949615678352 7.851892312818051e-05
1658.5784912109375 1.0063202712345125 7.846241005009577e-05
1658.5993041992188 1.000332766880191 7.85304064353535e-05
1658.6201782226562 1.0009456444287326 7.85177349648873e-05
1658.6409912109375 0.9994254957302958 7.856621600534101e-05
1658.6618041992188 1.0010335035549718 7.857222338961217e-05
1658.6826782226562 0.9981377691993863 7.875663990315672e-05
1658.7034912109375 1.0005135692571214 7.873654795527618e-05
1658.7243041992188 0.9989833370943406 7.874225077641748e-05
1658.7451782226562 1.000158487087617 7.880542023826715e-05
1658.7659912109375 0.9992179842952228 7.877859407052084e-05
1658.7868041992188 1.0017691993618223 7.881113995712731e-05
1658.8076782226562 0.9997846353635457 7.883123160416445e-05
1658.8284912109375 0.9981684377537794 7.878479608197657e-05
1658.8493041992188 1.000612089985958 7.892172589199685e-05
1658.8701782226562 0.9982706746808527 7.895027599361894e-05
1658.8909912109375 1.0036575439278825 7.90648450573737e-05
1658.9118041992188 1.0004183647897513 7.908559640662797e-05
1658.9326782226562 0.9992782602833232 7.924449848870439e-05
1658.9534912109375 1.0005111820289494 7.944711571679383e-05
1658.9743041992188 0.9985243290586864 7.96542333307676e-05
1658.9951782226562 1.0011274758594568 7.985042130693293e-05
1659.0159912109375 0.9992442588318601 7.998740239388959e-05
1659.0368041992188 1.000413490584466 8.01132353381203e-05
1659.0576782226562 0.9992052979814768 8.028539512983919e-05
1659.0784912109375 0.9996474081127367 8.037991572271551e-05
1659.0993041992188 0.9995856319800251 8.043586839546307e-05
1659.1201782226562 1.0016406075803663 8.050435070865312e-05
1659.1409912109375 0.9974619516865824 8.045578710839199e-05
1659.1618041992188 1.0007807083604334 8.052388976805965e-05
1659.1826782226562 1.0001385511080232 8.048711926023938e-05
1659.2034912109375 0.9978732300751633 8.05939364268156e-05
1659.2243041992188 1.0042624785396417 8.065629170708998e-05
1659.2451782226562 0.9980707940202882 8.071645130655389e-05
1659.2659912109375 1.003794666518186 8.085577039478652e-05
1659.2868041992188 0.9957148126000821 8.103741023340515e-05
1659.3076782226562 1.002667187098418 8.131117258362551e-05
1659.3284912109375 0.9981817705576114 8.163215939993481e-05
1659.3493041992188 1.0015480173560432 8.180842843271979e-05
1659.3701782226562 1.000450953084541 8.21585222070105e-05
1659.3909912109375 0.9996843395414736 8.240830238503529e-05
1659.4118041992188 0.9986908056396095 8.266624514284905e-05
1659.4326782226562 0.9994051513441532 8.279255689789683e-05
1659.4534912109375 1.0006875788262106 8.303190701752809e-05
1659.4743041992188 0.9979499039390661 8.297401621618834e-05
1659.4951782226562 1.0014603745748714 8.300250381306594e-05
1659.5159912109375 0.9997252805434103 8.286497416078538e-05
1659.5368041992188 0.9986425292304142 8.275489151940953e-05
1659.5576782226562 1.0014922689167733 8.26881309543251e-05
1659.5784912109375 0.9992919196633 8.256841011836822e-05
1659.5993041992188 1.0027057749155233 8.24637164268084e-05
1659.6201782226562 0.9976634440620604 8.24804458474408e-05
1659.6409912109375 1.001803815192368 8.248448943366636e-05
1659.6618041992188 1.0004789203281896 8.256925044438949e-05
1659.6826782226562 1.0021589332068181 8.258274431442336e-05
1659.7034912109375 0.9975319692032888 8.25871833987445e-05
1659.7243041992188 0.9953371236113533 8.256910325705413e-05
1659.7451782226562 1.0002132563079884 8.259641540539207e-05
1659.7659912109375 0.9926015028234334 8.266245297234067e-05
1659.7868041992188 0.9932782076201624 8.267093987700778e-05
1659.8076782226562 0.9966717592526597 8.280480000576765e-05
1659.8284912109375 0.9968436518907113 8.289346219641388e-05
1659.8493041992188 0.9990676519366202 8.320139854596045e-05
1659.8701782226562 0.9987152953399668 8.321919024187399e-05
1659.8909912109375 1.0017009408819812 8.344020535589117e-05
1659.911865234375 1.0018634551810501 8.371408741421899e-05
1659.9326782226562 0.9996356740796122 8.410445493881589e-05
1659.9535522460938 1.0021413393778058 8.443338950802265e-05
1659.974365234375 0.9990082889501146 8.491379725509392e-05
1659.9951782226562 1.001247010998438 8.553645856154841e-05
1660.0160522460938 1.000181309418991 8.614928012341626e-05
1660.036865234375 0.9980318054782006 8.682418197942671e-05
1660.0576782226562 1.0004179886589972 8.75151506463753e-05
1660.0785522460938 0.9989471856067285 8.807784507793973e-05
1660.099365234375 1.0000767919977915 8.860239340737481e-05
1660.1201782226562 1.0004817663463588 8.89815595118748e-05
1660.1410522460938 0.9996207789389032 8.926201014196664e-05
1660.161865234375 0.9976950238587661 8.948691345482727e-05
1660.1826782226562 1.0007541014764048 8.964689406781715e-05
1660.2035522460938 1.0005531316794574 8.970837952277366e-05
1660.224365234375 0.9997510717853298 8.976097884021892e-05
1660.2451782226562 0.9999460344280799 8.98844190942445e-05
1660.2660522460938 0.9997254631695183 9.008440289441954e-05
1660.286865234375 1.0023397116010941 9.033355501064635e-05
1660.3076782226562 1.0014575369955934 9.080077034206324e-05
1660.3285522460938 0.999670988357156 9.127106761278135e-05
1660.349365234375 1.0010166103153442 9.193096892673681e-05
1660.3701782226562 0.9982801038537664 9.260387581092569e-05
1660.3910522460938 1.0001142931820852 9.326142268870496e-05
1660.411865234375 0.9997626515809104 9.378691533647339e-05
1660.4326782226562 0.9993107566203852 9.428213558208723e-05
1660.4535522460938 0.998899908108358 9.456697486386412e-05
1660.474365234375 1.0001346661160337 9.474199851090069e-05
1660.4951782226562 1.0014399680534087 9.476704021813672e-05
1660.5160522460938 0.9986760049562527 9.46340571163146e-05
1660.536865234375 0.9981846221339123 9.4205816770943e-05
1660.5576782226562 0.9998699492875649 9.379310361999224e-05
1660.5785522460938 0.9986077372617475 9.33310151092178e-05
1660.599365234375 1.001214990366528 9.284970577340603e-05
1660.6201782226562 1.0006168343399802 9.243936437231758e-05
1660.6410522460938 1.002791451257844 9.225439304723538e-05
1660.661865234375 1.0013405811877458 9.228199082951913e-05
1660.6826782226562 1.000488021921895 9.237288030070095e-05
1660.7035522460938 0.9992777302445839 9.271987532204333e-05
1660.7451782226562 0.9989483235784442 9.295082484117348e-05
1660.7660522460938 0.9995156265114777 9.329402879518025e-05
1660.786865234375 0.9975246563985752 9.365989251470263e-05
1660.8076782226562 1.0002327502366568 9.392948678278269e-05
1660.8285522460938 1.0014742421091047 9.42406876173872e-05
1660.849365234375 1.000254802096533 9.461573393466225e-05
1660.8701782226562 0.9964811288922648 9.499219372765415e-05
1660.8910522460938 1.0035010611504604 9.55373436659076e-05
1660.911865234375 1.0001464304411603 9.624497915213814e-05
1660.9326782226562 1.0002990833951761 9.720951175157507e-05
1660.9535522460938 1.0016669310482351 9.82153928038805e-05
1660.974365234375 1.000837751572397 9.94988876655879e-05
1660.9951782226562 1.0000709865085118 0.0001010890611256207
1661.0160522460938 1.0002173714587252 0.00010253938925864856
1661.036865234375 0.9965440017488861 0.00010425437334404567
1661.0576782226562 0.9990589539589062 0.00010566008893700479
1661.0785522460938 1.00081110137798 0.00010711495938606115
1661.099365234375 1.000233441101998 0.00010848812028009923
1661.1201782226562 0.9984959294886466 0.00010961680269228624
1661.1410522460938 1.001959062686444 0.00011064525033512463
1661.161865234375 0.9997786890143381 0.0001116949030593493
1661.1826782226562 0.9990845256092268 0.00011257500630542686
1661.2035522460938 0.9971879726063161 0.00011339613751258138
1661.224365234375 0.9995671998495971 0.00011420240972795464
1661.2451782226562 0.9994673218172937 0.00011523079867426497
1661.2660522460938 1.0073533097729395 0.00011645456182697502
1661.286865234375 1.0051539800429576 0.00011791594597029346
1661.3076782226562 0.9996034602233637 0.00011955120766333857
1661.3285522460938 0.9987083329036588 0.00012132826574927929
1661.349365234375 0.9970729799666747 0.0001232970528440328
1661.3701782226562 0.9857386729262461 0.00012469476973136256
1661.3910522460938 0.9901777464868537 0.0001260377626076841
1661.411865234375 0.9844227718073475 0.0001273908687317943
1661.4326782226562 0.9773660400449385 0.0001289842951543056
1661.4535522460938 0.9872160832890722 0.00013069984419477714
1661.474365234375 0.9917209091126331 0.0001322591750223999
1661.4951782226562 1.0011993110108262 0.00013404342342459284
1661.5160522460938 1.004032276598734 0.000136006901169127
1661.536865234375 1.0044697279069548 0.00013482900064871382
1661.5576782226562 0.9898283716720994 0.0001340563458914736
1661.5785522460938 0.9953408955090431 0.00013357888072677637
1661.599365234375 1.0005845298886105 0.00013335662039294316
1661.6201782226562 1.0018205483670666 0.0001334633895626425
1661.6410522460938 0.9986084691943578 0.00013353904450813978
1661.661865234375 0.998851028839634 0.00013420301863075246
1661.6826782226562 1.0058799089669206 0.000135294543681397
1661.7035522460938 1.0025933430107008 0.0001372327428487057
1661.724365234375 1.0021417009920364 0.00013936591224735764
1661.7451782226562 0.9923510439476335 0.00014155533338850544
1661.7660522460938 0.9985862731876187 0.00014444191470098483
1661.786865234375 0.9970192327669928 0.00014724324695068118
1661.8076782226562 1.0053206494475904 0.000149974920016333
1661.8285522460938 1.003567493810712 0.00015266142854770395
1661.8494262695312 0.9860246432105007 0.00015567089249370294
1661.8702392578125 1.0055891770887724 0.00015925707395727842
1661.8910522460938 1.004727725247951 0.0001627048245290581
1661.9119262695312 1.00434806930558 0.00016747684067854607
1661.9327392578125 0.9950638565930433 0.00017271784509844087
1661.9535522460938 0.9991261982868422 0.0001790392855123949
1661.9744262695312 1.0064008560029907 0.00018653318565750918
1661.9952392578125 0.9966625411918737 0.0001949162265845371
1662.0160522460938 1.0044931063355125 0.0002043912447505195
1662.0369262695312 0.9946173427243657 0.00021449077682658774
1662.0577392578125 1.0039940082678032 0.0002251087707831974
1662.0785522460938 0.9930049789045536 0.00023597137209899826
1662.0994262695312 0.9966412056257 0.0002459896285389602
1662.1202392578125 1.0005646756682394 0.00025563604972629497
1662.1410522460938 1.0051224289212632 0.0002647233655120735
1662.1619262695312 0.9942986591761866 0.0002723235257620451
1662.1827392578125 1.0032872158392085 0.00027791123342284083
1662.2035522460938 0.9963778887727275 0.00028325554119502483
1662.2244262695312 0.9863314914161323 0.00028777553186750814
1662.2452392578125 1.0162128968892994 0.0002922830679036688
1662.2660522460938 1.0049566308655768 0.00029737433342073415
1662.2869262695312 1.0004515570553385 0.00030365427200477275
1662.3077392578125 1.0043331662156005 0.00031004170935118033
1662.3285522460938 0.9899109349930676 0.0003177128231965427
1662.3494262695312 1.0008858353581176 0.00032730737848273624
1662.3702392578125 1.0036139829976276 0.0003375004484344554
1662.3910522460938 1.0046650677045947 0.00034651007096784506
1662.4119262695312 1.0012286357616014 0.0003563480382936696
1662.4327392578125 0.9992706992841086 0.0003669611116647229
1662.4535522460938 0.9893784428122026 0.00037502964083986927
1662.4744262695312 1.0136645777907058 0.0003782680631597564
1662.4952392578125 0.9846296930627052 0.00037985525807497937
1662.5160522460938 0.9758226956488302 0.0003760038342231141
1662.5369262695312 1.023324819174169 0.00037025048641912045
1662.5577392578125 1.0036903354898095 0.00036303858885084904
1662.5785522460938 0.9926154798390526 0.00035632198846869496
1662.5994262695312 1.006890250402429 0.0003486346166338064
1662.6202392578125 0.9952290154113065 0.00034329802968599814
1662.6410522460938 1.0052490126543188 0.0003415926703505973
1662.6619262695312 1.0046323186184778 0.00034000712640845063
1662.6827392578125 0.9973771750024018 0.00033951819878452505
1662.7035522460938 1.0073254922421375 0.00034275932064030455
1662.7244262695312 0.9947739167083934 0.00034591877437578227
1662.7452392578125 0.9968597096566791 0.0003495104899021466
1662.7660522460938 1.0068324378839333 0.0003530020308963901
1662.7869262695312 0.9821505691211116 0.00035729116260915686
1662.8077392578125 1.0102619962937884 0.00036023127733496063
1662.8285522460938 1.0047905526099323 0.0003626217628372042
1662.8494262695312 0.9911882407777377 0.0003639979779325969
1662.8702392578125 0.9922370650331905 0.0003666882241015868
1662.8910522460938 1.0105200888377512 0.00037006661458823204
1662.9119262695312 1.0027638520695545 0.0003745825843523732
1662.9327392578125 1.0092399844412228 0.00038139834068596265
1662.9535522460938 0.9945469639264268 0.0003886084475573214
1662.9744262695312 0.9964136105007075 0.00039777612692721805
1662.9952392578125 1.0089844998775117 0.00040772952561923104
1663.0160522460938 0.9932141808107731 0.0004201947551874582
1663.0369262695312 0.9798297069654535 0.00042851076308856353
1663.0577392578125 1.0173937365664616 0.0004362589823112221
1663.0785522460938 0.9981712525081154 0.0004447390895048412
1663.0994262695312 1.007524636023676 0.000453581928377905
1663.1202392578125 0.9803760152698795 0.00046293033663915477
1663.1410522460938 1.016628847938539 0.00047254403778680166
1663.1619262695312 1.0085047136989536 0.00048279645249831325
1663.1827392578125 1.0123052990049568 0.0004943044217048997
1663.2035522460938 0.9870794029992755 0.0004943995204228694
1663.2244262695312 1.0147374095350266 0.0004961702672986899
1663.2452392578125 0.9827774841479351 0.0004999422117725016
1663.2660522460938 0.9867032447382158 0.000505492640370497
1663.2869262695312 0.9882790334868176 0.0005121309953962717
1663.3077392578125 1.027928205007261 0.0005231244303581764
1663.3285522460938 0.9981207494361438 0.0005327829110502938
1663.3494262695312 1.024160338808599 0.0005420993665496168
1663.3702392578125 0.9678427445421657 0.0005591883875438097
1663.3910522460938 0.9753540749245909 0.0005730724773344867
1663.4119262695312 1.0617820284542572 0.0005913676002588643
1663.4327392578125 0.9597454430364003 0.0006021942974643815
1663.4535522460938 0.9944179362572617 0.0006142312226962781
1663.4744262695312 1.0288721867417445 0.0006159866521646636
1663.4952392578125 0.965748016672883 0.0006170457009170481
1663.5160522460938 1.0162804573317008 0.0006201682944927364
1663.5369262695312 0.9801551664598703 0.0006096462875534473
1663.5577392578125 1.0275913980937148 0.000604370499918134
1663.5785522460938 1.0103338388380452 0.0005950037145580683
1663.5994262695312 0.9532000538242668 0.0005810593962911656
1663.6202392578125 1.016595308726767 0.0005732980850780352
1663.6410522460938 1.013410480082936 0.0005690583009663031
1663.6619262695312 1.019869641526103 0.0005618831974859873
1663.6827392578125 0.9923559867526094 0.0005568235684914238
1663.7035522460938 0.9733076293113326 0.0005466592327111837
1663.7244262695312 0.9796855094443553 0.0005461760848760098
1663.7452392578125 1.0404040117907924 0.0005427609730961282
1663.7660522460938 0.9882663530108781 0.0005445431392101318
1663.7869262695312 1.0388027661186308 0.0005469518570661376
1663.8077392578125 0.978910793219726 0.0005529899515608619
1663.8285522460938 1.0013290328325752 0.0005550875085151575
1663.8494262695312 0.9607681345766408 0.000558266250382239
1663.8702392578125 0.9915825431085007 0.0005584267779777563
1663.8910522460938 1.018878177296552 0.0005621543823060617
1663.9119262695312 1.0394657570735057 0.0005573500503652018
1663.9327392578125 0.9958736447337554 0.0005599663934145777
1663.95361328125 0.9697573923869094 0.0005658826926205511
1663.9744262695312 1.0096242554780472 0.0005735925400183647
1663.9953002929688 1.0248287223135413 0.000587765863771567
1664.01611328125 0.9769867103615648 0.0005833349384854587
1664.0369262695312 0.9660159862114447 0.0005784835325119378
1664.0578002929688 1.0008252286037564 0.0005742586052006737
1664.07861328125 0.9827169155961213 0.0005787680789059482
1664.1203002929688 1.1152074364888973 0.0005807952683801784
1664.14111328125 0.9554465329496306 0.0005877115870814791
1664.1619262695312 0.993498200452225 0.0006041039181936207
1664.1828002929688 0.9765523511180996 0.0006205093037636452
1664.20361328125 1.0057147626131535 0.0006356126044751489
1664.2244262695312 0.9927820826615888 0.0006526777706332431
1664.2453002929688 0.9793100301893233 0.00064610074352909
1664.26611328125 1.0378878152711548 0.0006495214291369158
1664.2869262695312 0.9817482247369691 0.0006426180903140841
1664.3078002929688 0.9891249541732255 0.0006416449827173589
1664.32861328125 1.0268788252705228 0.0006559856514956901
1664.3494262695312 1.0048408771202926 0.0006617522199775113
1664.3703002929688 1.0402805935500536 0.0006705750683648269
1664.39111328125 0.9368587591625035 0.0006724269508257234
1664.4119262695312 0.917697891951457 0.0006908332188955121
1664.4328002929688 1.1301833386341753 0.0007075200822557108
1664.45361328125 1.0131273724608385 0.0007228703954944073
1664.4744262695312 1.005801705815413 0.0007309861885936296
1664.4953002929688 0.9070016731681397 0.0007269787242396122
1664.51611328125 0.9976383996361629 0.0007295308585861936
1664.5369262695312 1.2398797288205219 0.000734133257581529
1664.5578002929688 1.0057768573164987 0.0007393677573952382
1664.57861328125 1.0578967447652912 0.0007334997477892127
1664.5994262695312 1.0221250349599904 0.0007259517186300955
1664.6203002929688 0.9939570667334581 0.0007145181503741612
1664.64111328125 0.969394774144671 0.0006998271066511514
1664.6619262695312 0.9383843479082837 0.0006843020229514359
1664.6828002929688 1.0503848397243645 0.0006648906190711906
1664.70361328125 0.8826579936796061 0.0006682913891673964
1664.7244262695312 1.0016823688780605 0.0006719989864671775
1664.7453002929688 0.9991324053605923 0.0006764704786337265
1664.76611328125 0.9842471398268708 0.0006802244558347853
1664.7869262695312 1.0417810623157886 0.000684447637571948
1664.8078002929688 0.9734627013283463 0.0006890798054639363
1664.82861328125 0.960237866762046 0.0006928837263242472
1664.8494262695312 1.0328686536082972 0.0006973982798201784
1664.8703002929688 0.935155908697254 0.0007262271830633955
1664.89111328125 1.02161061846059 0.0007508578118312975
1664.9119262695312 1.0296204696426652 0.0007692146604055607
1664.9328002929688 0.9517560676309607 0.0007812106627314063
1664.95361328125 1.0334459702789365 0.0007847082133340443
1664.9744262695312 0.9730540848399132 0.0007637200684385098
1664.9953002929688 1.0030187578327774 0.0007706123952032176
1665.01611328125 0.9956003113917729 0.000749973321725106
1665.0369262695312 1.0115824156241635 0.0007368423862011284
1665.0578002929688 1.052621660944798 0.0007401406690462261
1665.07861328125 0.906618920591072 0.0007224874867836055
1665.0994262695312 1.096606992054069 0.0007315275717285613
1665.1203002929688 0.9350637822747252 0.0007287507786843769
1665.14111328125 1.0011380283781854 0.0007378278138969379
1665.1619262695312 1.090421717295055 0.0007440713276382674
1665.1828002929688 0.8822668550403244 0.0007259998113080642
1665.20361328125 1.0851133973197595 0.0007378564588173236
1665.2244262695312 0.926771631162269 0.000712024819195751
1665.2453002929688 1.021307127653771 0.0006937846566185662
1665.26611328125 1.0289980502679095 0.0006695743915903399
1665.2869262695312 0.9146288668386411 0.0006425885887865319
1665.3703002929688 1.083298859283062 0.000633115290705511
1665.39111328125 1.0153467786926704 0.0006187287046690345
1665.4119262695312 0.9999574361860648 0.0006163989988134071
1665.4328002929688 0.9650256588706767 0.0006133000806882784
1665.45361328125 1.0043227772149712 0.0006106377360347371
1665.4744262695312 0.9887619509436317 0.0006149378312416969
1665.4953002929688 1.0207719142964624 0.000607692412071527
1665.51611328125 0.9801900704186339 0.0006012019517484617
1665.5369262695312 1.0058315107534967 0.0005963607550669407
1665.5578002929688 1.0241162576763745 0.0005938718733314016
1665.57861328125 0.987738981285392 0.0005891939976090277
1665.5994262695312 0.9917898392837475 0.0005852575952936092
1665.6203002929688 0.9895674287319189 0.0005796805352408069
1665.64111328125 1.009553243409691 0.0005787395322262984
1665.6619262695312 1.0108882981630067 0.0005743409429010179
1665.6828002929688 1.0067691135805512 0.0005692256584037197
1665.70361328125 0.9877883566498875 0.0005628268894987109
1665.7244262695312 0.9860446545353518 0.0005563312094713942
1665.7453002929688 1.004912515553441 0.0005499834728546412
1665.76611328125 0.9931441552749558 0.0005423443638895607
1665.7869262695312 1.0197587422387973 0.0005345619005719904
1665.8078002929688 1.0024562273756468 0.0005301137789754431
1665.82861328125 0.9972401316983532 0.0005252383317700383
1665.8494262695312 1.0084856412420444 0.0005234473332435709
1665.8703002929688 0.9783378966888031 0.0005176005675987302
1665.89111328125 0.9951404365879877 0.0005160458174580869
1665.9119262695312 1.0164343085265162 0.0005074849885942637
1665.9328002929688 0.988036451887175 0.0005015163128212648
1665.95361328125 1.017043561738408 0.000493895046017397
1665.9744262695312 0.9781387953960616 0.00048672463008791236
1665.9953002929688 1.0255491091741638 0.00048141241841034074
1666.01611328125 0.9806534653091775 0.0004773909915493431
1666.0369262695312 1.0087079626196331 0.0004706036912701548
1666.0578002929688 0.9968761661013722 0.00046850723627642475
1666.07861328125 1.0006527585757667 0.0004619840998739843
1666.0994262695312 1.0001496311425282 0.000459340299297233
1666.1203002929688 0.9998559752252425 0.00045403003183961966
1666.14111328125 0.9920902539679991 0.00045278715866002014
1666.1619262695312 1.0264795698792242 0.00044896718621559566
1666.1828002929688 0.9781436797918359 0.00044518632303549525
1666.20361328125 0.9979122575324042 0.0004416755363473734
1666.2244262695312 1.0003180169004708 0.000437891622950037
1666.2453002929688 1.0083224719126445 0.0004356852909039946
1666.26611328125 1.0001802191397902 0.00043165030712145826
1666.2869262695312 0.998018719855711 0.00042733683355635366
1666.3078002929688 1.001540190412737 0.00042365588686377724
1666.32861328125 0.982215969438356 0.0004182770292608606
1666.3494873046875 1.012270382509607 0.00041343054135629107
1666.3703002929688 0.9720610667976441 0.0004091848978316344
1666.3911743164062 1.0195752506065676 0.00040534033255739847
1666.4119873046875 0.9964432853299534 0.0004010998294321392
1666.4328002929688 1.0116012592548427 0.00039731620698834415
1666.4536743164062 1.0209219765512088 0.00039341648609584777
1666.4744873046875 0.9747126239708434 0.0003901349602677573
1666.4953002929688 1.0138771907236235 0.00038605056751854803
1666.5161743164062 0.9798753685834263 0.0003828229245553723
1666.5369873046875 0.9894436793458615 0.00037972740404641113
1666.5578002929688 1.0060998561931083 0.0003766080442448815
1666.5786743164062 1.018245279338539 0.00037385255503673883
1666.5994873046875 1.0083218127617806 0.000370694127088023
1666.6203002929688 0.9864721934722053 0.0003679462757994212
1666.6411743164062 0.9929062701064174 0.00036471557393501284
1666.6619873046875 1.0062134682590809 0.0003640972140013261
1666.6828002929688 0.990612558207796 0.0003604971330306831
1666.7036743164062 1.0032104574844605 0.00035821868256134115
1666.7244873046875 1.0195452695108416 0.00035350641767385835
1666.7453002929688 0.9780769196983816 0.0003521236639443958
1666.7661743164062 1.0204368182831143 0.0003483248335836763
1666.7869873046875 0.9748733341647399 0.0003450154592924554
1666.8078002929688 1.0143074689500726 0.00034306605607866255
1666.8286743164062 0.9869149588752864 0.00033988106046866295
1666.8494873046875 1.0235460281787248 0.0003355588469328283
1666.8703002929688 0.9884569908068491 0.0003336378996494223
1666.8911743164062 0.9881367935993367 0.00032979806845641666
1666.9119873046875 1.0156457790357438 0.000328655211334181
1666.9328002929688 0.9989647916738671 0.00032602687498191064
1666.9536743164062 1.004238027055478 0.000325704909866224
1666.9744873046875 0.9931659885909622 0.0003216790988511123
1666.9953002929688 0.9925383824158944 0.00031848193578756567
1667.0161743164062 1.0021191556768443 0.00031525375564213544
1667.0369873046875 0.989148773440333 0.0003112795378376681
1667.0578002929688 1.0209432430568186 0.0003081430145885471
1667.0786743164062 1.00073713627493 0.0003048093508706706
1667.0994873046875 1.003872793051531 0.00030280774807649673
1667.1203002929688 0.9884280157374405 0.0003004177106847709
1667.1411743164062 0.9975360778975526 0.0002988470501866195
1667.1619873046875 1.0020502556134934 0.0002964627945611034
1667.1828002929688 1.0019570661167227 0.0002930094357861803
1667.2036743164062 0.9967959979073278 0.0002889584970953675
1667.2244873046875 0.9935282396206708 0.0002854812002422994
1667.2453002929688 1.0204420102470668 0.00028190483705742893
1667.2661743164062 0.9822855226058541 0.0002789870978588801
1667.2869873046875 1.0127869275130938 0.000276156890937163
1667.3078002929688 0.9897977077815323 0.0002731546096762583
1667.3286743164062 1.0053593018264522 0.0002704357203453954
1667.3494873046875 0.9995486274753382 0.00026796117645015266
1667.3703002929688 0.9943755969395274 0.00026464000431447956
1667.3911743164062 1.006012908930211 0.0002628715898896336
1667.4119873046875 0.999390574555572 0.00025976978499026346
1667.4328002929688 1.0034529142492297 0.00025810577962308577
1667.4536743164062 0.9960817711362824 0.000255136076322697
1667.4744873046875 0.9964695450583192 0.00025209147692248216
1667.4953002929688 1.0011809242020857 0.0002497459756147169
1667.5161743164062 0.9974537762388694 0.0002474533957797957
1667.5369873046875 1.0090834681041514 0.00024395757121757186
1667.5578002929688 1.0008296101220866 0.0002415271739068948
1667.5786743164062 0.9890384425165173 0.00023880144151407527
1667.5994873046875 1.000861581935449 0.00023625423291795083
1667.6203002929688 1.0107889138935728 0.00023411671404877392
1667.6411743164062 0.988778596251093 0.00023184133875231016
1667.6619873046875 1.0073927895496197 0.00022966901133508866
1667.6828002929688 0.9976229843005208 0.0002277791980761856
1668.6411743164062 1.0042565518274431 0.00013786962380097083
1668.6619873046875 0.997562740572253 0.00013480470305968025
1668.6828002929688 1.0009316560617258 0.00013191306221753467
1668.7036743164062 0.9973087006756552 0.00012914325955078169
1668.7244873046875 0.9957440152944743 0.00012655188813334129
1668.7453002929688 0.998263464707185 0.00012400686214997854
1668.7661743164062 0.9965517856485921 0.00012147386455005962
1668.7869873046875 1.0052344911495181 0.00011929024199196437
1668.8078002929688 0.99966852726725 0.0001171786965887101
1668.8286743164062 1.0006704830540276 0.00011532386758077557
1668.8494873046875 0.9987501427835598 0.00011384479388110506
1668.8703002929688 1.000003670496149 0.0001130104555944766
1668.8911743164062 1.0045056051796404 0.0001124066041890235
1668.9119873046875 1.0017994102333987 0.00011187994939429452
1668.9328002929688 1.0012526247791982 0.00011152350371537868
1668.9536743164062 0.9936959311143655 0.00011137540504643375
1668.9744873046875 1.0049433296229038 0.00011123712416461191
1668.9953002929688 0.9925195132453835 0.000110957157207704
1669.0161743164062 1.0023935952974525 0.00011070422102624321
1669.0369873046875 0.9955849832727162 0.0001107175652320032
1669.0578002929688 1.0064345110702348 0.00011041578516169643
1669.0786743164062 1.0003765982505741 0.00011020645817896238
1669.0994873046875 0.999673962644559 0.00011000658234699382
1669.1203002929688 0.9962486504802874 0.00011021271070737585
1669.1411743164062 1.0034945896857055 0.00011002577208073354
1669.1619873046875 1.003942842884011 0.00011012755770720255
1669.1828002929688 0.9915810834477313 0.00011018433724977322
1669.2036743164062 1.0012170167009424 0.0001103854148236015
1669.2244873046875 1.0043475678302913 0.00011026476681652286
1669.2453002929688 0.9942857096573634 0.00011018661965200281
1669.2661743164062 1.0022339158833722 0.00011030986590830103
1669.2869873046875 1.0031115643421802 0.00011023669463082337
1669.3078002929688 1.0032650678224209 0.0001106073560092134
1669.3286743164062 0.9964654517512083 0.00011072327239273236
1669.3494873046875 0.9927996211268564 0.00011070371824128311
1669.3703002929688 1.0065225534145084 0.00011124279110090544
1669.3911743164062 0.9950039745789736 0.0001115558402501801
1669.4119873046875 1.005045246223395 0.00011211426858750303
1669.4328002929688 1.0033887767360834 0.0001123909386209731
1669.4536743164062 0.9938914092664768 0.00011314597458164427
1669.4744873046875 1.0043657977064304 0.00011415599970832316
1669.4953002929688 0.9956652828713481 0.00011524258165967329
1669.5161743164062 1.0058921011505775 0.0001161999040050937
1669.5369873046875 0.9957579817703252 0.00011720996166765668
1669.5578002929688 0.9990483512325871 0.00011808188409713712
1669.5786743164062 0.998329335274781 0.00011867414688576032
1669.5994873046875 1.0044781381089098 0.00011909999791853214
1669.6203002929688 0.9929791223155818 0.00011948740435821412
1669.6411743164062 1.0050980648138426 0.00011978809732657331
1669.6619873046875 0.9992195496364382 0.00011995288198473159
1669.6828002929688 1.0101508072415963 0.00012002937004344875
1669.7036743164062 1.0066434429921656 0.0001199825978710017
1669.7244873046875 0.9978854637337938 0.00012011968548106672
1669.7453002929688 1.0202280802015982 0.00012035273221296451
1669.7661743164062 1.0100786197941494 0.000120732379007722
1669.7869873046875 1.003841560078705 0.00012110362665087062
1669.8078002929688 1.0053319416904443 0.00012164305071972395
1669.8286743164062 0.9956823522825988 0.00012229591789544094
1669.8494873046875 1.0099128040340932 0.00012306327175781116
1669.8703002929688 0.9999494586628386 0.00012365813003443647
1669.8911743164062 0.990640133073221 0.00012379016253993123
1669.9119873046875 1.000104482757694 0.00012360323416651923
1669.9328002929688 1.001277996486889 0.00012304652722527296
1669.9536743164062 1.005759581949943 0.0001220478903406395
1669.9744873046875 0.9891621663371432 0.00012110077571182335
1669.9953002929688 1.0017367415873808 0.00011997707354865116
1670.0161743164062 1.0062311754731543 0.00011958036517673276
1670.0369873046875 1.0066941934358111 0.00011910307555619204
1670.0578002929688 0.9903441443253299 0.00011905405341465267
1670.0786743164062 1.0048980990033314 0.00011909346110377224
1670.0994873046875 0.9939320981731864 0.00011959505867872214
1670.1203002929688 1.0105774831847785 0.00011995190039968865
1670.1411743164062 0.9886498837053821 0.00012027933280520145
1670.1619873046875 1.001289655126629 0.00012067753359114751
1670.1828002929688 1.0019545417357234 0.00012108412685136193
1670.2036743164062 1.0042454461081565 0.00012078294137945743
1670.2244873046875 0.998866325453481 0.00012104055866506415
1670.2453002929688 0.9912643713179565 0.00012088635103429577
1670.2661743164062 1.0082101724061487 0.00012090995657115847
1670.2869873046875 1.0044697289383684 0.00012068176695714892
1670.3078002929688 0.9901198059254085 0.00012029874245400545
1670.3286743164062 0.9990085938201135 0.00012009567290515882
1670.3494873046875 1.0002344267554069 0.00011982029850935379
1670.3703002929688 1.0059400142855728 0.0001197630765917187
1670.3911743164062 1.0045500287300522 0.00011990287764016461
1670.4119873046875 0.9911810355444768 0.00011992508290827458
1670.4328002929688 1.0010751452334745 0.00012032520461278682
1670.4536743164062 1.001447741862841 0.00012095228256871363
1670.4744873046875 0.99802297185963 0.00012178869323869424
1670.4953002929688 1.0064922521397544 0.00012281853000423233
1670.5161743164062 0.9964661883387729 0.0001241088128564054
1670.5369873046875 1.000403581723335 0.00012570086931914937
1670.5578002929688 1.0004831299376775 0.00012710482352689282
1670.5786743164062 0.9994724613604269 0.0001283719511971834
1670.5994873046875 0.9987918121108812 0.00012961569828994442
1670.6203002929688 1.002744311983058 0.00013052612751308915
1670.6411743164062 0.9933862890528298 0.00013101062875677533
1670.6619873046875 1.0019125938866673 0.00013124149611355333
1670.6828002929688 1.000781208494395 0.0001311192922856921
1670.7036743164062 0.9967604800031461 0.00013120695698509266
1670.7244873046875 1.0060721610205094 0.00013106723345610708
1670.7453002929688 0.9976611338129802 0.00013112962475745997
1670.7661743164062 1.0016643178681586 0.00013162321195738658
1670.7869873046875 1.001210200732887 0.00013224996711816891
1670.8078002929688 0.9994088459103375 0.0001329824170985006
1670.8286743164062 1.0003318492692717 0.0001339101379326925
1670.8494873046875 0.9990540616153585 0.00013459356293812034
1670.8703002929688 0.9993841236215332 0.00013529004384954643
1670.8911743164062 1.001214329968685 0.00013536089206957948
1670.9119873046875 0.9985657100364086 0.00013527677783079628
1670.9328002929688 0.9986641518907297 0.00013434076553292453
1670.9536743164062 0.9966092671626752 0.00013311222074474107
1670.9744873046875 1.0005472003321152 0.0001316645102273732
1670.9953002929688 0.9948240497091814 0.00013038199685942744
1671.0161743164062 1.0129303993993537 0.0001292109740158041
1671.0369873046875 0.999273833825616 0.0001284069159750679
1671.0578002929688 0.9998183335591158 0.00012808550361030564
1671.0786743164062 0.9952780507785748 0.00012820150971416363
1671.0994873046875 1.0025488740371602 0.00012864878723247594
1671.1203002929688 0.9991706606397581 0.00012963342694185737
1671.1411743164062 1.003602706775695 0.00013028251645670334
1671.1619873046875 1.0005983290532425 0.00013111628558403715
1671.1828002929688 0.9970400897835655 0.00013153904321913475
1671.2036743164062 0.9953659262227963 0.00013211782439514003
1671.2244873046875 1.003122287975288 0.00013184757905063384
1671.2453002929688 0.9996183325307002 0.0001316032307827632
1671.2661743164062 0.9989772483606515 0.00013102092018894992
1671.2869873046875 1.0013313627346578 0.00013044278079122574
1671.3078002929688 1.0064164477493769 0.00012942615595830587
1671.3286743164062 0.9948852458283537 0.00012840727829337704
1671.3494873046875 1.0089572436686727 0.0001279066787278843
1671.3703002929688 1.0072686011711058 0.0001275375780268164
1671.3911743164062 1.0072102378375 0.0001270221639826881
1671.4119873046875 1.0090532710794333 0.00012690348414472912
1671.432861328125 0.9986049743094282 0.00012659493770804248
1671.4536743164062 0.9996239046284217 0.00012638284899936988
1671.4745483398438 0.9965707227551066 0.0001262223507480404
1671.495361328125 1.0023985817939536 0.00012622926842470193
1671.5161743164062 0.996909896803018 0.00012784952558327019
1671.5370483398438 1.0044752589996873 0.00012945300804645675
1671.557861328125 0.9927678693959956 0.0001307065244584582
1671.5786743164062 1.003629513191771 0.0001314067172265865
1671.5995483398438 0.9945853460563278 0.0001319781164599218
1671.620361328125 1.002241132253079 0.00013205295008405146
1671.6411743164062 0.9965893816168674 0.0001317579559525998
1671.6620483398438 1.0053875722645722 0.00013114158310943068
1671.682861328125 0.9947416964166973 0.00013071228507632234
1671.7036743164062 1.0034027581195144 0.00013026224668753693
1671.7245483398438 1.0025038046610795 0.000130359902449595
1671.745361328125 1.0028878959236025 0.00013068436232573067
1671.7661743164062 0.9977041566969213 0.0001314108515060896
1671.7870483398438 1.000651393290058 0.00013218911451889055
1671.807861328125 0.9961833870653524 0.00013340187012566667
1671.8286743164062 1.0034770636384136 0.00013443635534472843
1671.8495483398438 1.0004678541828453 0.00013515165075424386
1671.870361328125 0.9986536939648897 0.00013565588698874757
1671.8911743164062 0.9984044391006028 0.00013576004553457542
1671.9120483398438 0.9980664602676125 0.0001352617845743203
1671.932861328125 0.9997978613877488 0.00013469222823697712
1671.9536743164062 0.9986967144893522 0.000133690362748316
1671.9745483398438 1.0051456510613015 0.0001324427823510516
1671.995361328125 1.0017127167062851 0.00013099231627727566
1672.0161743164062 0.9960209043945889 0.0001296562092406794
1672.0370483398438 0.9949683263094928 0.00012837162453845094
1672.0786743164062 0.9994232661864044 0.00012680675947807654
1672.0995483398438 1.009188158738288 0.00012643645292776315
1672.120361328125 1.002268322155026 0.00012609133316590483
1672.1411743164062 0.9988516587154639 0.00012566680194310873
1672.1620483398438 1.0019695083276423 0.00012579442622114313
1672.182861328125 0.9841680259043517 0.00012595066040400654
1672.2036743164062 1.0115080274871686 0.00012621370732522386
1672.2245483398438 1.007568541481311 0.00012604544196040415
1672.245361328125 0.9907388477148651 0.00012550871633174076
1672.2661743164062 0.9975014052851893 0.0001247338023759746
1672.2870483398438 0.994815694274698 0.00012379555349889958
1672.307861328125 1.0053593105325793 0.00012290165688008336
1672.3286743164062 1.0055432402629818 0.00012188215508979421
1672.3495483398438 0.9944979417913062 0.00012079039943121366
1672.370361328125 1.0000361840112508 0.00012027299123363733
1672.3911743164062 1.0060198628038173 0.00011994701027796783
1672.4120483398438 0.9995132795130208 0.00012042629521137691
1672.432861328125 1.0020317457392154 0.00012032280307802722
1672.4536743164062 0.9968584961081821 0.00012050082017190271
1672.4745483398438 0.9913327376672841 0.00012085992357384737
1672.495361328125 0.9943458981294909 0.0001210723762847209
1672.5161743164062 1.0210490833793768 0.00012167613844345092
1672.5370483398438 0.9965144053775256 0.00012231138612770842
1672.557861328125 0.9984834297781505 0.00012260246860492613
1672.5786743164062 0.9998641191322736 0.0001236276363733627
1672.5995483398438 0.9899593731048363 0.000123962023173415
1672.620361328125 1.0081418929107397 0.00012420542935901376
1672.6411743164062 0.9987483090823107 0.00012378594122856225
1672.6620483398438 0.9837281829380111 0.00012359347336352697
1672.682861328125 1.0212345709421067 0.0001232926776287688
1672.7036743164062 0.9995185367801421 0.00012306019289287429
1672.7245483398438 0.9979075055625923 0.00012310027970545824
1672.745361328125 0.997075452034002 0.00012299773103502517
1672.7661743164062 0.9980808785718134 0.00012313033555983182
1672.7870483398438 0.9982051690334142 0.00012404631493662425
1672.807861328125 1.002485016316849 0.00012396993200369214
1672.8286743164062 1.005477657372655 0.00012480857438079392
1672.8495483398438 1.0009187461662852 0.00012532140414715751
1672.870361328125 0.9981586687686146 0.00012558379151007997
1672.8911743164062 0.9993979197065512 0.0001259286599444248
1672.9120483398438 0.9845070364130342 0.00012583986196860087
1672.932861328125 1.0128688053106565 0.00012546832455824738
1672.9536743164062 0.9989503428713579 0.0001249870459060805
1672.9745483398438 0.9935761874359935 0.00012397998774965635
1672.995361328125 1.004751389875732 0.00012287310834520346
1673.0161743164062 0.9955268068518526 0.0001222347300074496
1673.0370483398438 0.9893674112821311 0.00012156166065864134
1673.057861328125 1.008410166312068 0.00012102154961795666
1673.0786743164062 0.9993745901783605 0.00012038443026392292
1673.0995483398438 1.0012849606584264 0.00011984161631594878
1673.120361328125 1.001430832193595 0.0001195346802682253
1673.1411743164062 0.9929475182697743 0.0001191084973762475
1673.1620483398438 1.0004079779956279 0.00011889275787055014
1673.182861328125 0.9968827009252252 0.0001190662664666713
1673.2036743164062 1.0046814993322608 0.00011924419423718893
1673.2245483398438 0.9982078072577671 0.00011919352908847053
1673.245361328125 1.0039714175267678 0.00011910355867031185
1673.2661743164062 0.9941369114752113 0.00011897793646170752
1673.2870483398438 1.0017062691136664 0.00011844366085089288
1673.307861328125 0.9926623873088641 0.00011810683404826892
1673.3286743164062 1.0060583008804642 0.00011736585321167335
1673.3495483398438 1.0039046312119762 0.00011679465682377021
1673.370361328125 0.998273473218345 0.0001161417188192681
1673.3911743164062 0.9960349680895291 0.00011601018665746257
1673.4120483398438 1.0054282781279968 0.00011579615489819644
1673.432861328125 1.0020539175414305 0.00011581273969002476
1673.4536743164062 0.991713612138419 0.00011589227399694851
1673.4745483398438 1.0016759350395137 0.00011600608807497825
1673.495361328125 1.0022680941180995 0.00011604639406886159
1673.5161743164062 0.9994770985313508 0.00011643621581194504
1673.5370483398438 0.9987158429062066 0.00011666442630767297
1673.557861328125 1.0020083831224333 0.0001171314505356162
1673.5786743164062 1.0034570175226611 0.0001178552915811247
1673.5995483398438 0.9979734919868202 0.00011838877577753209
1673.620361328125 0.9990598430653169 0.0001187493158504065
1673.6411743164062 0.9947012433624204 0.00011906005977291339
1673.6620483398438 1.003038869163094 0.0001192899307629882
1673.682861328125 0.9996892463030607 0.0001194431730956104
1673.7036743164062 1.0030675728903484 0.00011944256483432134
1673.7245483398438 0.9999597459903312 0.00011955481615501727
1673.745361328125 0.9992116166124341 0.00011954146745586025
1673.7661743164062 0.9979759336412242 0.00011976896244671293
1673.7870483398438 1.0010592758819454 0.0001198102592670648
1673.807861328125 0.9995172193384136 0.00012000005109587295
1673.8286743164062 1.0027788061416139 0.0001200787671893706
1673.8495483398438 1.0000387805205446 0.00012009216551542805
1673.870361328125 0.9973909453509013 0.00012013403344831393
1673.8911743164062 0.9978157915134245 0.00012008198494692792
1673.9120483398438 1.0032258657506379 0.00011970381883623149
1673.932861328125 1.0008834773164148 0.00011930803711234827
1673.9536743164062 0.9960374097488289 0.00011881781652629909
1673.9745483398438 1.0016900168323182 0.00011821838122930202
1673.995361328125 1.001536229588539 0.00011756907093411935
1674.0161743164062 0.9992942831575615 0.00011721568018732618
1674.0370483398438 0.9993284197464594 0.00011674123447182691
1674.057861328125 1.0013376363617754 0.00011640544589164523
1674.0786743164062 1.001588169467505 0.00011624839563109307
1674.0995483398438 0.99590631170375 0.0001160437145931841
1674.120361328125 1.0019681902108672 0.00011584375502849899
1674.1411743164062 0.9995236327506257 0.00011588015063219817
1674.1620483398438 1.0026497692892342 0.00011592627924192391
1674.182861328125 0.9975884564990949 0.00011596638305234735
1674.2036743164062 1.0012972999010217 0.00011591939819779994
1674.2245483398438 0.9969038557071227 0.00011589951676299861
1674.245361328125 1.0003601069175816 0.00011579351695221544
1674.2661743164062 1.0016954506168543 0.0001154666925298417
1674.2870483398438 0.9982283323592 0.00011517590275680691
1674.307861328125 1.0021836780605664 0.0001149270174228873
1674.3286743164062 0.9997027825486394 0.00011473640780674408
1674.3495483398438 1.00368408343681 0.0001146595461168825
1674.370361328125 0.9971400948385191 0.00011460426209679461
1674.3911743164062 0.9991855033912659 0.00011443105722811247
1674.4120483398438 0.9974252676820475 0.00011439953758024204
1674.432861328125 1.0008032108016591 0.00011444248734850011
1674.4536743164062 1.0019391644527345 0.00011444989845527093
1674.4745483398438 0.9994779850460118 0.00011450509891997642
1674.495361328125 1.0006277117802782 0.00011443233283894157
1674.5161743164062 0.9990313028025462 0.00011466037331543824
1674.5370483398438 1.000476833458782 0.00011490469223722511
1674.557861328125 1.0005119916557088 0.0001151828390760157
1674.5786743164062 1.0011765499020167 0.00011540529170185199
1674.5995483398438 0.9959193698860355 0.00011571695892784554
1674.620361328125 1.0025379447791691 0.00011594555756303456
1674.6411743164062 0.9999332606722443 0.00011612433981695816
1674.6620483398438 0.9998268444760685 0.00011611055077215928
1674.682861328125 0.9940441228848154 0.00011619237322661769
1674.7036743164062 0.9968487075860061 0.00011618722402889449
1674.7245483398438 0.9947826463268731 0.00011622117480609517
1674.745361328125 0.9976931581462 0.00011618117144378764
1674.7661743164062 1.0021952126975948 0.00011617220049342094
1674.7870483398438 0.9999960951683485 0.00011615249572793416
1674.807861328125 1.0002392888148988 0.00011643566950537324
1674.8286743164062 1.0004654327263844 0.000116288392917158
1674.8495483398438 0.9999578055369664 0.00011613592031044279
1674.870361328125 0.9983557891728659 0.00011620835889281783
1674.8911743164062 0.9993054543191456 0.00011593563059290544
1674.9120483398438 0.9994785933908145 0.00011584659202529091
1674.932861328125 1.0040390632437781 0.00011566090115571041
1674.9536743164062 1.0000011451394242 0.0001155229150521488
1674.9745483398438 0.9994469555239813 0.00011536870640196679
1674.995361328125 0.9964898148812635 0.00011525464520799655
1675.0161743164062 1.001642003636267 0.00011519960429761842
1675.0370483398438 1.0003153429624028 0.00011526455531874798
1675.057861328125 1.00136234777466 0.00011528040796542072
1675.0786743164062 1.001169964615774 0.00011514353094913247
1675.0995483398438 0.997387934202157 0.00011518934866091279
1675.120361328125 0.9986550212095892 0.00011515499842234925
1675.1411743164062 0.9998606278416245 0.00011509416354671102
1675.1620483398438 1.0018447103194092 0.00011514658811204746
1675.182861328125 0.9987970905790944 0.0001150935496458045
1675.2036743164062 1.0022718443487735 0.00011508701215696561
1675.2245483398438 0.9986811003664089 0.00011519233489831737
1675.245361328125 0.9996256404829749 0.00011524782723666645
1675.2661743164062 1.0020853373898075 0.00011541484287876985
1675.2870483398438 0.9980139175224764 0.00011546951204844331
1675.307861328125 0.9993403441232395 0.00011564438264142394
1675.3286743164062 1.0030655221775249 0.00011566167016371427
1675.3495483398438 0.9956309942983849 0.00011563145096392169
1675.370361328125 1.0032630505000912 0.00011591963969648129
1675.3911743164062 0.9996110062497605 0.00011623654410249123
1675.4120483398438 1.0030228715245444 0.00011647310149114982
1675.4536743164062 1.0027143984985836 0.00011676142758189139
1675.4745483398438 0.9883415831151882 0.00011672439642816935
1675.495361328125 1.0010141980061833 0.0001168781736253249
1675.5161743164062 1.003249296161756 0.0001166942949990694
1675.5370483398438 0.9989888901773418 0.00011674802465288215
1675.557861328125 1.0036955929225568 0.00011651043429299712
1675.5786743164062 0.9999767639917786 0.00011643574164860453
1675.5995483398438 1.0010681469933909 0.00011654391302013637
1675.620361328125 0.9946515965077427 0.00011664956014354234
1675.6411743164062 1.0022475563407094 0.00011652259117322143
1675.6620483398438 0.9993880815848405 0.00011649013276861062
1675.682861328125 1.0014981284828095 0.00011628356171097072
1675.7036743164062 1.0008928460934603 0.00011621329297599221
1675.7245483398438 0.9978841712969169 0.00011598551012499535
1675.745361328125 0.9996283891555859 0.00011615437796349487
1675.7661743164062 1.0037706949773053 0.00011614586499410848
1675.7870483398438 0.9982825819358258 0.00011616411909572882
1675.807861328125 0.9996269262946088 0.00011627597853462866
1675.8286743164062 0.9972655217663179 0.00011636019885660188
1675.8495483398438 1.0001009338802531 0.0001164001552726842
1675.870361328125 1.0009740563473384 0.0001164514251577179
1675.8911743164062 1.0034924697813246 0.00011652586099358982
1675.9120483398438 0.9977323167685581 0.00011671339454559873
1675.932861328125 1.000136483944347 0.00011675564961578382
1675.9536743164062 0.9995170274854625 0.00011709001051481525
1675.9745483398438 0.9989012741664195 0.00011733948733539437
1675.995361328125 1.00286529466444 0.00011765971104477186
1676.0161743164062 1.0011173915913625 0.00011801434325060455
1676.0370483398438 0.9970206963684837 0.0001184155986363612
1676.057861328125 1.0004902413658292 0.00011895808482771432
1676.0786743164062 0.9995668122930086 0.00011941805785662765
1676.0995483398438 1.0005149851072401 0.00011990825321613573
1676.120361328125 1.0003172273836252 0.00012038051191127855
1676.1411743164062 0.9985666503314643 0.00012078097274709284
1676.1620483398438 1.001248649430675 0.00012121675387010665
1676.182861328125 1.0017367614281392 0.0001216181745929101
1676.2036743164062 0.9965590194446682 0.00012204482270214362
1676.2245483398438 0.9990007659362116 0.00012236168544488277
1676.245361328125 1.001160388336627 0.0001228752206137757
1676.2661743164062 1.0025354561002726 0.0001232125985610829
1676.2870483398438 1.0029222262758037 0.00012379327416248866
1676.307861328125 0.9980373407027876 0.0001240259957159809
1676.3286743164062 0.9988572134927839 0.00012437408370031554
1676.3495483398438 0.9971705014556358 0.0001249659094255444
1676.370361328125 0.9949876639875295 0.0001257663082563781
1676.3911743164062 0.9943089381758913 0.00012652167572213153
1676.4120483398438 0.9937001081046969 0.00012726454097463372
1676.432861328125 0.9923053682297394 0.00012800677777295672
1676.4536743164062 0.9897055154206342 0.00012884840000604837
1676.4745483398438 1.0024414889552842 0.00012979530284297844
1676.495361328125 0.9992009151149301 0.00013001594352426732
1676.5161743164062 1.0009422829118102 0.00013043378355831188
1676.5370483398438 0.9941081742140652 0.00013045243046136523
1676.557861328125 1.0009792291375998 0.00013052081270905158
1676.5786743164062 0.9970264054019776 0.00013068855939493606
1676.5995483398438 1.0015137673329806 0.0001303294011518511
1676.620361328125 1.0019460643169549 0.00013026977742734217
1676.6411743164062 0.9993607359169808 0.00013012195544162815
1676.6620483398438 1.000286222652606 0.00013020161301913376
1676.682861328125 1.0023456188366717 0.0001301895080612387
1676.7036743164062 0.9994997687885869 0.00013053914979520702
1676.7245483398438 0.9996424662657597 0.00013090289383144347
1676.745361328125 0.9991720639128556 0.0001311520162773661
1676.7661743164062 0.9991118482871038 0.00013139469015559815
1676.7870483398438 1.0005270415136414 0.0001316963366028144
1676.807861328125 0.9994838465353966 0.0001317787561540869
1676.8286743164062 1.0009101434936654 0.00013190323948919692
1676.8495483398438 0.9980190587569342 0.00013190174895322002
1676.870361328125 0.9989970915568238 0.00013183297353539173
1676.8911743164062 1.0026054964643767 0.00013182605294248648
1676.9120483398438 0.9991048164541776 0.00013205954461425202
1676.932861328125 1.0031743053932614 0.00013226013094404788
1676.9536743164062 0.999447934433002 0.00013271069460832455
1676.9745483398438 0.9995036770732723 0.0001330755341314405
1676.995361328125 0.9988092503287066 0.00013360880565519012
1677.0161743164062 0.9997391557509027 0.00013396258659806383
1677.0370483398438 1.0000013318623509 0.00013439309187300786
1677.057861328125 0.9991386520126587 0.00013472668099622658
1677.0786743164062 1.0006903571725063 0.0001351212260692141
1677.0995483398438 1.0025519679370065 0.00013550973011683837
1677.120361328125 0.9985496201094196 0.00013569729911465538
1677.1411743164062 1.0000413321460537 0.0001358644292216129
1677.1620483398438 0.9965229986877907 0.0001361094316732601
1677.182861328125 1.0002016576395523 0.00013608178480720078
1677.2036743164062 1.00180938993984 0.00013615453029273687
1677.2245483398438 1.000078173716351 0.00013610757902910174
1677.245361328125 1.001976039369196 0.00013623830741846065
1677.2661743164062 1.0005646754603892 0.00013643406142380758
1677.2870483398438 0.9968907499245033 0.00013687459778581964
1677.307861328125 1.0006281874104965 0.00013721419760896178
1677.3286743164062 1.0009547810085653 0.0001377434444654122
1677.3495483398438 1.0015610821847691 0.00013830339267150598
1677.370361328125 0.9982352443983995 0.00013894463769223767
1677.3911743164062 1.0034714051191407 0.0001392050847774413
1677.4120483398438 0.9977892833585985 0.00013984112714385662
1677.432861328125 0.9953043516647238 0.00013996357164530485
1677.4536743164062 1.0016336822758107 0.0001402015106081919
1677.4745483398438 1.0024280375091832 0.00014009966795364297
1677.495361328125 0.9978694758706937 0.00013987102701893547
1677.5161743164062 1.0011980972873675 0.00013955064034378448
1677.5370483398438 0.9973399096960506 0.00013914969961977886
1677.557861328125 1.0031453598683586 0.0001389409840992272
1677.5786743164062 1.0002071946130393 0.0001387888421779968
1677.5995483398438 0.9976461682939312 0.00013865123181618455
1677.620361328125 1.0030753326361748 0.00013830661718653635
1677.6411743164062 1.0000210137592465 0.0001381847700252999
1677.6620483398438 0.9973116068209463 0.00013835324141730644
1677.682861328125 0.999676893553188 0.00013834906971341127
1677.7036743164062 1.0033752999699876 0.0001383162993591468
1677.7245483398438 0.9999222498025366 0.00013865775100826272
1677.745361328125 0.9980605224136241 0.000138631346919217
1677.7661743164062 0.9994095042967983 0.00013866110120530005
1677.7870483398438 1.0017562752727036 0.00013901641820102394
1677.807861328125 0.9980351741513337 0.00013923085217294552
1677.8286743164062 1.0029956093761072 0.00013939111572194735
1677.8495483398438 0.9999100302575412 0.00013945183518078986
1677.870361328125 0.9948674377031235 0.0001396658311532497
1677.8911743164062 1.0018660021879497 0.00013981396426424766
1677.9120483398438 1.0002852070650294 0.0001397031992625493
1677.932861328125 1.0060795987701692 0.0001399847448864515
1677.9536743164062 0.9983312492570805 0.0001400114267219234
1677.9745483398438 0.9979338898122593 0.0001402109985647558
1677.995361328125 0.9988726249116001 0.00014023714489964207
1678.0161743164062 0.9950254189210261 0.00014035826198001333
1678.0370483398438 0.9965440882171217 0.00014048802810781932
1678.057861328125 0.994340412896294 0.0001407276195582442
1678.0786743164062 0.9939019987831997 0.0001408639831555173
1678.0995483398438 0.9897854709809384 0.00014111581387540908
1678.120361328125 0.9954840245324483 0.00014132365058583155
1678.1411743164062 0.9985648822400846 0.00014150596851972776
1678.1619873046875 1.0007914347753895 0.00014156182667918497
1678.1828002929688 0.9994025870163163 0.00014160694640013235
1678.2036743164062 1.0055435068248342 0.0001417500475757296
1678.2244873046875 0.9971699803576844 0.00014185706419459222
1678.2453002929688 0.9971976268566694 0.0001420316059401975
1678.2661743164062 1.001632047699667 0.00014240483723258155
1678.2869873046875 1.0007400942649265 0.00014252487033584676
1678.3078002929688 1.0002425719636887 0.00014271533345456885
1678.3286743164062 1.000444301258406 0.00014283878819023994
1678.3494873046875 0.9989127271412618 0.0001430016927632165
1678.3703002929688 0.9981362470746089 0.0001430844818856685
1678.3911743164062 1.0008959284012635 0.00014329016653290974
1678.4119873046875 1.0003800601067887 0.0001434023039391253
1678.4328002929688 1.002972377011103 0.00014338937046924036
1678.4536743164062 0.9984403942104486 0.00014349651597200775
1678.4744873046875 0.9975061140569386 0.00014359675458237818
1678.4953002929688 1.001660458039629 0.00014401619707273073
1678.5161743164062 1.0011786913522267 0.00014397189798280935
1678.5369873046875 0.999901472318753 0.00014395209880016023
1678.5578002929688 0.9981980814768106 0.00014409192936274925
1678.5786743164062 0.998621697825868 0.00014387645904909426
1678.5994873046875 1.0019529205192754 0.0001436853234942711
1678.6203002929688 0.9992676547608506 0.0001434558126553449
1678.6411743164062 1.0001243905465103 0.0001434381529727377
1678.6619873046875 1.0021992806402953 0.00014331940310792428
1678.6828002929688 0.9993344147395302 0.00014299896848853132
1678.7036743164062 0.9979117080448038 0.00014284294714155815
1678.7244873046875 0.9985946139302729 0.0001427644343813086
1678.7453002929688 1.002546534736691 0.00014276053634963953
1678.7661743164062 0.9995794054146695 0.0001430534586037435
1678.7869873046875 1.00419576077047 0.0001432501131556219
1678.8286743164062 1.0010290458516693 0.0001437019488723889
1678.8494873046875 0.995591541450441 0.00014424044304855188
1678.8703002929688 0.998507720828965 0.00014452335144666663
1678.8911743164062 1.0017823684150717 0.00014436853055834668
1678.9119873046875 0.9962214130072283 0.00014444103993190734
1678.9328002929688 0.9978001101347589 0.0001439985065096888
1678.9536743164062 1.0051600045117555 0.0001436421566850821
1678.9744873046875 0.999953911203818 0.00014368560019980468
1678.9953002929688 1.0016950287133888 0.00014368699406190058
1679.0161743164062 1.0030140022593197 0.00014383817734452595
1679.0369873046875 0.998939822104031 0.00014439589370400695
1679.0578002929688 0.9963932291991143 0.00014462498493493568
1679.0786743164062 0.9945126768194509 0.0001446365527582196
1679.0994873046875 1.001553082647006 0.000145025046383754
1679.1203002929688 1.0043560808149776 0.00014521887882783577
1679.1411743164062 1.005095500756634 0.00014545230201779325
1679.1619873046875 0.9977920426727158 0.00014558310265088374
1679.1828002929688 0.9946768748849066 0.00014644299031314336
1679.2036743164062 1.000519072092711 0.00014694988158089743
1679.2244873046875 1.0038575057064014 0.00014741660588370102
1679.2453002929688 1.0011212986238192 0.0001479836046000762
1679.2661743164062 0.9876646977310317 0.00014817329472557322
1679.2869873046875 1.0108598267834215 0.00014835253491073157
1679.3078002929688 1.002627368332638 0.00014881161734635944
1679.3286743164062 0.9933658697280418 0.00014914578437902497
1679.3494873046875 1.001778477077737 0.0001495343746121567
1679.3703002929688 1.0015265441921866 0.00014978828904117281
1679.3911743164062 1.0017941640649157 0.00015047853847055938
1679.4119873046875 0.9971788781798481 0.000150528795600429
1679.4328002929688 0.9930069474981236 0.00015051244387062743
1679.4536743164062 1.0059123728793817 0.00015113353152344772
1679.4744873046875 1.00467459871135 0.00015164810952376204
1679.4953002929688 1.0015851054239544 0.00015181196191587187
1679.5161743164062 1.001942344585286 0.00015215159623399997
1679.5369873046875 0.9839337741171773 0.0001520327640372978
1679.5578002929688 1.0026526609449538 0.00015193860000158805
1679.5786743164062 1.0078685156064067 0.0001518702439637279
1679.5994873046875 0.9931691226321252 0.00015170163128800304
1679.6203002929688 1.0085468050594086 0.00015106571469390847
1679.6411743164062 0.9959753419291606 0.00015055018487764542
1679.6619873046875 1.0039070610040897 0.00015054449603708645
1679.6828002929688 0.9952026587079214 0.00015025031805341858
1679.7036743164062 0.9993852550019031 0.00015023116059174917
1679.7244873046875 1.0008890324926147 0.00015020661820420867
1679.7453002929688 1.0039075059750555 0.00015012044297119627
1679.7661743164062 1.0006775197438067 0.00015018186657231214
1679.7869873046875 1.001442516019799 0.00014999541936383287
1679.8078002929688 1.0035089109077306 0.00015020321538346422
1679.8286743164062 0.9984458448490527 0.00014981036625633652
1679.8494873046875 0.9912977423875375 0.0001496035761417968
1679.8703002929688 1.0013849750393775 0.00014960545493927815
1679.8911743164062 1.0037693863796142 0.00014928111788489553
1679.9119873046875 1.0055849455739652 0.00014929214214565354
1679.9328002929688 1.003097127164728 0.00014892849995313715
1679.9536743164062 0.99208699700255 0.00014890294719977667
1679.9744873046875 0.997946469706872 0.00014907489456075754
1679.9953002929688 1.0012819924062941 0.0001492891404220725
1680.0161743164062 1.0041872328269448 0.00014915410030251518
1680.0369873046875 0.9967498711470624 0.00014896614321678885
1680.0578002929688 0.9998874445303786 0.00014858823686918213
1680.0786743164062 1.000630996368689 0.00014867527884174816
1680.0994873046875 1.002098616577286 0.00014896991424477116
1680.1203002929688 0.9989888184834913 0.00014879516047853705
1680.1411743164062 1.0015945708418066 0.00014854086829006638
1680.1619873046875 0.9955879496613742 0.00014847380913189217
1680.1828002929688 0.9969451176641936 0.0001483507829345848
1680.2036743164062 1.0069540513852273 0.00014825051641134755
1680.2244873046875 0.999613027509902 0.00014825479893610343
1680.2453002929688 1.0004802100845789 0.00014809531525004734
1680.2661743164062 0.9961597486056122 0.00014782283852946825
1680.2869873046875 1.0013097310316956 0.00014791780432810408
1680.3078002929688 1.002496762156678 0.00014793376466267944
1680.3286743164062 0.9975399617857967 0.00014786748312166264
1680.3494873046875 1.000843012695668 0.00014782004153537332
1680.3703002929688 0.9974523478512988 0.00014766430212954392
1680.3911743164062 1.0060948023530447 0.00014770195823160306
1680.4119873046875 0.9937620200218371 0.00014783499793381144
1680.4328002929688 1.002692471164302 0.00014751236893251334
1680.4536743164062 1.0007324759255345 0.00014741729127242044
1680.4744873046875 0.9975371983504986 0.00014730679044395843
1680.4953002929688 0.9996369520618388 0.00014732917048969644
1680.5161743164062 1.0031407252622344 0.00014727329100285163
1680.5369873046875 1.0018175753421321 0.00014720808078481256
1680.5578002929688 0.9985572115545175 0.0001470637141128689
1680.5786743164062 0.9948321396421195 0.0001467453934654815
1680.5994873046875 0.9986158036653245 0.00014674986605281667
1680.6203002929688 1.0049158868819674 0.00014671771485507554
1680.6411743164062 1.0050879390675238 0.00014675961550905594
1680.6619873046875 0.9953768344204506 0.0001465550646583571
1680.6828002929688 0.9989512566190202 0.00014681155028541362
1680.7036743164062 1.0001114364514296 0.00014677486362358835
1680.7244873046875 0.9991051806210558 0.00014719640973653514
1680.7453002929688 1.0048455208189009 0.00014708049996054888
1680.7661743164062 0.9954628833717811 0.00014711471635305045
1680.7869873046875 1.0020060675761382 0.00014710681106228977
1680.8078002929688 0.996397263582903 0.00014678867285619748
1680.8286743164062 1.0015567856945633 0.00014660950424227407
1680.8494873046875 1.000193733268614 0.00014645465011100552
1680.8703002929688 1.002226653992882 0.00014631992514040843
1680.8911743164062 0.9978111506837063 0.000146294372171633
1680.9119873046875 1.0033600418163877 0.00014614317493163463
1680.9328002929688 0.9986090587458499 0.00014625356412486504
1680.9536743164062 0.9993352281264039 0.00014605979486013524
1680.9744873046875 0.9965438254873669 0.00014586796405324022
1680.9953002929688 0.9991179397148605 0.0001456502222379521
1681.0161743164062 1.004191752760493 0.00014580011736574358
1681.0369873046875 1.003814620962703 0.00014557039033239328
1681.0578002929688 0.9977088071374526 0.0001454495566223988
1681.0786743164062 0.9966955493990496 0.00014558854424047654
1681.0994873046875 0.9990861098739512 0.00014572130858431833
1681.1203002929688 1.0054162090418932 0.0001457316705972559
1681.1411743164062 0.9977652184892017 0.0001457069297043068
1681.1619873046875 0.9951586406106665 0.00014552194147389954
1681.1828002929688 1.004649586195931 0.00014541569991335704
1681.2036743164062 0.998600481515023 0.0001454555112242994
1681.2244873046875 1.00061374831741 0.00014532631105876637
1681.2453002929688 1.0007045653523483 0.00014548502445602425
1681.2661743164062 1.0020077957708715 0.0001454993715885611
1681.2869873046875 1.0024718648193693 0.0001457682105063286
1681.3078002929688 0.9965002111649955 0.0001460859472057303
1681.3286743164062 1.0033185569604333 0.00014591419444043318
1681.3494873046875 0.9972323404820327 0.00014552455280820236
1681.3703002929688 0.9901149195084091 0.00014534095268254387
1681.3911743164062 0.987821804987372 0.00014531241265558592
1681.4119873046875 0.9874754801738744 0.00014523659136639547
1681.4328002929688 0.9848487447035651 0.00014519353931080807
1681.4536743164062 0.9897649429671633 0.0001452767113191246
1681.4744873046875 0.9979763398484822 0.00014547259747128323
1681.4953002929688 1.0011587387354044 0.0001450157555672264
1681.5161743164062 1.0029791850386536 0.0001449716086883712
1681.5369873046875 1.0026186218288216 0.0001446358733557506
1681.5578002929688 0.9946113685784848 0.0001444066266240376
1681.5786743164062 1.000591047805924 0.00014434385674720786
1681.5994873046875 0.9983663729133326 0.00014428680637563245
1681.6203002929688 0.9995939695009529 0.0001442443847355385
1681.6411743164062 1.0030757879297796 0.00014419610737092224
1681.6619873046875 1.0040813291857416 0.00014400753384941393
1681.6828002929688 0.9949890440592777 0.0001440476844289514
1681.7036743164062 0.9956675004615526 0.0001438015838241614
1681.7244873046875 1.0022542119065139 0.00014392111581861995
1681.7453002929688 1.0022607644603057 0.00014354919137873746
1681.7661743164062 1.0022046692517965 0.00014360792029087863
1681.7869873046875 1.0011310979252779 0.00014335763323283917
1681.8078002929688 0.9936270938455237 0.00014321528477887987
1681.8286743164062 1.0021181445375098 0.00014321997849736225
1681.8494873046875 1.0003725057114912 0.00014316535537589335
1681.8703002929688 1.0005128851850214 0.00014280139780885808
1681.8911743164062 0.9982213041853142 0.00014260426865692573
1681.9119873046875 1.0025891062725805 0.0001423995248828665
1681.9328002929688 0.9975041819963417 0.00014235505672052868
1681.9536743164062 1.004639233747394 0.00014231404336971523
1681.9744873046875 0.996144346315634 0.00014194356490593676
1681.9953002929688 0.9990276351959668 0.00014195243706577145
1682.0161743164062 1.0029144831039645 0.00014208736563247446
1682.0369873046875 0.9983667943113785 0.0001417637159710218
1682.0578002929688 1.0028218362741956 0.00014151077234415802
1682.0786743164062 0.9927729503430088 0.0001415728583600239
1682.0994873046875 0.9984905363570036 0.0001418176089797254
1682.1203002929688 1.0163188128105225 0.00014179100465305601
1682.1411743164062 0.9971056040598185 0.00014181714976285986
1682.1619873046875 0.9904605422036683 0.000141521021486147
1682.2036743164062 0.9960400871484929 0.00014140705524929144
1682.2244873046875 1.0001339579677533 0.00014120405915887165
1682.2453002929688 1.0053586202201326 0.00014120454045649878
1682.2661743164062 1.0078672309692667 0.00014133774836701412
1682.2869873046875 1.0016661588577913 0.00014143131243626354
1682.3078002929688 1.0035234871997385 0.00014162378585092097
1682.3286743164062 0.995670203115744 0.000141780722469006
1682.3494873046875 0.99732259688625 0.00014196267926012656
