time flux flux_err
1491.6603393554688 0.9998038604460252 0.0001222559296275109
1491.6812133789062 1.0000139940898796 0.00012224005740347658
1491.7020263671875 1.0003874161175854 0.00012220578192618102
1491.7228393554688 1.0000845417364042 0.00012216576288076375
1491.7437133789062 0.9998094638287534 0.00012213078660832467
1491.7645263671875 0.9999487870445555 0.00012212990045718056
1491.7853393554688 0.999815431536139 0.00012210656480623555
1491.8062133789062 1.0001453385764882 0.00012208414846112082
1491.8270263671875 0.9999438711960457 0.0001220669520591112
1491.8478393554688 1.0001513158701905 0.0001220660653577331
1491.8687133789062 1.0001278114720706 0.00012202898585035471
1491.8895263671875 1.0000499275902375 0.00012202159936275244
1491.9103393554688 0.9998330637628705 0.00012202628653070055
1491.9312133789062 0.9996640489611922 0.00012205588062612794
1491.9520263671875 1.0003029450972982 0.00012205095931294484
1491.9728393554688 0.9999714265881146 0.00012204992455673796
1491.9937133789062 1.0000775276134928 0.00012204221947820657
1492.0145263671875 0.9999376035495657 0.00012203835289938554
1492.0353393554688 0.9999363802831287 0.00012204324637258634
1492.0562133789062 1.0000604646296158 0.00012205370218790304
1492.0770263671875 0.9999570087531947 0.00012206372753723502
1492.0978393554688 1.0002873252094782 0.00012203837633449373
1492.1187133789062 0.999647476268405 0.00012203853485413719
1492.1395263671875 0.9998378283898878 0.00012204031441865298
1492.1603393554688 1.0002349621962374 0.00012205679758758209
1492.1812133789062 1.0000515272422383 0.00012208501083507768
1492.2020263671875 1.0003984029563395 0.00012209815237666707
1492.2228393554688 0.999676429849964 0.00012207919365450558
1492.2437133789062 0.9998470934902493 0.00012207956327755067
1492.2645263671875 0.9997648152451006 0.00012205792810919429
1492.2853393554688 1.0000604783514473 0.00012208490154217493
1492.3062133789062 1.0005703826412429 0.00012210009011387216
1492.3270263671875 1.0000389751919776 0.00012208631553961902
1492.3478393554688 0.9996339989833829 0.00012205796552187372
1492.3687133789062 1.0000620342220174 0.00012209334785088144
1492.3895263671875 1.000061645869404 0.00012206908222491316
1492.4103393554688 0.9997899109460728 0.00012209015230301985
1492.4312133789062 0.9997270725434507 0.00012206497830946233
1492.4520263671875 0.9995256243896766 0.00012204078299188008
1492.4728393554688 0.9997058602611507 0.0001220343737782323
1492.4937133789062 0.9999273635437645 0.00012207719376889915
1492.5145263671875 0.9999552036989322 0.00012206439070388473
1492.5353393554688 0.9998485923698799 0.00012210748386810174
1492.5562133789062 1.0002233339304427 0.0001221341985660758
1492.5770263671875 0.9999187245626817 0.0001221034856701787
1492.5978393554688 1.0002822349181126 0.0001221172060907893
1492.6187133789062 1.0001789221933546 0.00012212930599571838
1492.6395263671875 0.9996769665038311 0.00012209646882112982
1492.6603393554688 0.9994075732553257 0.00012208672361438983
1492.6812133789062 1.0003475678470661 0.00012212105962599066
1492.7020263671875 1.0003292200931904 0.00012209439418053253
1492.7228393554688 1.0002501475930776 0.00012211467068825736
1492.7437133789062 0.9999853699753943 0.00012211640759550723
1492.7645263671875 0.999591446476081 0.00012209633301174408
1492.7853393554688 0.999838805347186 0.0001220980506164591
1492.8062133789062 0.9998008626726851 0.00012209980525208444
1492.8270263671875 1.0004254813833355 0.00012208583035150505
1492.8478393554688 1.0003434359293384 0.00012210159571309878
1492.8687133789062 0.999676103926843 0.00012205671515245402
1492.8895263671875 1.00017385982026 0.00012208442866391028
1492.9103393554688 0.9995835588334019 0.0001220491160876871
1492.9312133789062 1.0003599924673496 0.00012212580490848727
1492.9520263671875 0.9997124001261097 0.00012204674121385004
1492.9728393554688 1.0000290362468534 0.00012212718874628038
1492.9937133789062 1.0000624875981043 0.00012203962415225675
1493.0145874023438 1.0000931447041839 0.00012206526705181521
1493.035400390625 1.0000783756584424 0.0001220993755292728
1493.0562133789062 1.0002305130120523 0.00012208679064211489
1493.0770874023438 1.0000164146447392 0.00012210826641982625
1493.097900390625 0.999356486010048 0.00012212139849821345
1493.1187133789062 1.0000420895689792 0.00012208389996696864
1493.1395874023438 0.9996738428726324 0.00012210299229057595
1493.160400390625 1.0005607623223993 0.00012208449577014705
1493.1812133789062 1.0004525115446388 0.00012207730289829561
1493.2020874023438 0.9997431975121183 0.00012206344482440976
1493.222900390625 1.000074168013659 0.00012201620257498677
1493.2437133789062 0.9993432465904493 0.00012200744637377992
1493.2645874023438 1.000300072509435 0.00012208551822247613
1493.285400390625 1.0001085061329469 0.00012206575586816159
1493.3062133789062 1.000005920829059 0.00012205210707353812
1493.3270874023438 1.000027134011064 0.00012206344469676583
1493.347900390625 0.9999304143803328 0.0001220526371300633
1493.3687133789062 1.0001592178964192 0.000122083756991564
1493.3895874023438 1.0000717121878582 0.00012208026301319694
1493.410400390625 0.9995534921851936 0.00012205762045023097
1493.4312133789062 1.0001288565404645 0.00012204948717739216
1493.4520874023438 1.0000093287896203 0.00012206479972112626
1493.472900390625 1.0000888913147499 0.00012206467806262536
1493.4937133789062 1.000196926240645 0.00012206616487157796
1493.5145874023438 0.9999558444226732 0.00012207226550270755
1493.535400390625 1.0000139127537837 0.0001220557210281709
1493.5562133789062 0.9997300711209326 0.00012205657546877326
1493.5770874023438 0.9997477135888229 0.00012204347649360595
1493.597900390625 1.0003053497850236 0.00012203100302660896
1493.6187133789062 1.0001814942604275 0.00012207673618041406
1493.6395874023438 1.0002688375956172 0.0001220744598846001
1493.660400390625 0.9996131387882888 0.00012204002950192531
1493.6812133789062 0.9997461442621537 0.0001220577185928404
1493.7020874023438 1.0001041783511415 0.00012207478639698847
1493.722900390625 1.0002780328330823 0.00012210260144166656
1493.7437133789062 1.0000172255759712 0.00012205503842400197
1493.7645874023438 0.9998378441923269 0.00012202004954394562
1493.785400390625 0.9999113558500755 0.0001220396705388397
1493.8062133789062 0.9999763185424909 0.00012205472080423864
1493.8270874023438 1.0001828157397445 0.00012208565562580624
1493.847900390625 1.0001215067320053 0.00012201399058936309
1493.8687133789062 0.9997530211939742 0.00012204995850869986
1493.8895874023438 1.0000594212760974 0.0001220747894986075
1493.910400390625 0.9999768779139733 0.00012207353751561993
1493.9312133789062 1.000193004201381 0.00012209503470523832
1493.9520874023438 0.9999460051336242 0.00012207964195575787
1493.972900390625 0.9998119589413408 0.00012207707507176592
1493.9937133789062 1.000041173698783 0.00012206551711852625
1494.0145874023438 0.9996650412299196 0.0001220568681070202
1494.035400390625 1.0004906780679288 0.00012206523269513843
1494.0562133789062 1.0000992417366785 0.00012205769784265659
1494.0770874023438 0.9998582088390314 0.00012205221967467598
1494.097900390625 0.9999061396095443 0.0001220584147616077
1494.1187133789062 0.9998608369506795 0.00012205140676730056
1494.1395874023438 1.0001279932109004 0.00012203516018485778
1494.160400390625 1.0000161418834108 0.00012208585882265638
1494.1812133789062 1.0000041070208208 0.0001220536763143544
1494.2020874023438 1.0003649955561034 0.0001220893648600901
1494.222900390625 0.99969794686694 0.00012204175361979108
1494.2437133789062 0.9998601813442158 0.00012204966815445559
1494.2645874023438 0.9999705653446351 0.00012206949320912096
1494.285400390625 0.9999039809684586 0.00012205015953689536
1494.3062133789062 1.0003531192439397 0.00012208668818777742
1494.3270874023438 0.9999434331710995 0.00012205827934125041
1494.347900390625 1.0000260705326596 0.00012207335797728412
1494.3687133789062 0.9997577750548439 0.00012205559694382283
1494.3895874023438 1.000226322964475 0.00012207927754775538
1494.410400390625 0.9998863658624711 0.0001221072899586805
1494.4312133789062 0.9999274214901515 0.00012205814947355878
1494.4520874023438 1.0001795184080364 0.00012204533401368169
1494.472900390625 0.9998063663694088 0.00012202713257607805
1494.4937133789062 1.000053644292794 0.00012205562785684159
1494.5145874023438 1.0001097017555627 0.00012204389130777194
1494.535400390625 0.9999240873241275 0.00012205263668229912
1494.5562133789062 1.00013676544487 0.0001220754054565974
1494.5770874023438 1.000071091424706 0.0001220904331594097
1494.597900390625 0.9996740017820479 0.00012208420214557386
1494.6187744140625 1.0001173343061736 0.00012207751245350785
1494.6395874023438 0.9999635872431839 0.0001220745172474279
1494.6604614257812 1.0002491906450934 0.00012210600999815172
1494.6812744140625 0.9996205797459078 0.00012209096687264875
1494.7020874023438 1.0000863019577286 0.00012209256441966316
1494.7229614257812 1.0002265178945513 0.00012210827194464316
1494.7437744140625 0.9998918927848346 0.00012212225709861094
1494.7645874023438 1.0001923534819972 0.00012212605648858244
1494.7854614257812 0.9997797351378923 0.00012202897425290888
1494.8270874023438 0.9997383566880508 0.00012206941064000255
1494.8479614257812 1.0002394800499101 0.00012210458933735024
1494.8687744140625 0.9998343815385177 0.0001221146105570938
1494.8895874023438 1.0002768493674756 0.00012206954604417286
1494.9104614257812 0.9997323993555502 0.00012206563253467983
1494.9312744140625 0.9994303673318651 0.00012198914077393172
1494.9520874023438 0.9993270950464029 0.00012202899410386255
1494.9729614257812 0.9999227823448209 0.00012208821572722971
1494.9937744140625 1.0001117581320125 0.00012207356731895895
1495.0145874023438 1.0004247997427573 0.00012208889061096967
1495.0354614257812 0.999696181151284 0.00012208026693711426
1495.0562744140625 0.9993248949284297 0.00012203170404535016
1495.0770874023438 0.9999990644480038 0.0001220476093542377
1495.0979614257812 1.0000568374163399 0.0001220645715221915
1495.1187744140625 1.0000222736852362 0.00012210025486496937
1495.1395874023438 1.000262349779262 0.00012206382801923986
1495.1604614257812 1.000217843400832 0.00012210808910243087
1495.1812744140625 0.9997485637394885 0.00012203741988383637
1495.2020874023438 0.9997139797676766 0.0001220493309471035
1495.2229614257812 1.0001740705064641 0.00012208209833560144
1495.2437744140625 0.9998947654942116 0.0001221079240665619
1495.2645874023438 1.000170422627483 0.0001220808943319592
1495.2854614257812 1.0001451080235446 0.00012209282321935173
1495.3062744140625 0.9998755336391694 0.00012203284114475957
1495.3270874023438 0.9996240401511458 0.0001220894115150877
1495.3479614257812 1.000274733717877 0.00012211362433016306
1495.3687744140625 1.0002365115671388 0.00012210305431553607
1495.3895874023438 1.0000329000875217 0.00012210322184345428
1495.4104614257812 0.9998540276712362 0.00012209286638429528
1495.4312744140625 0.9995819370815074 0.00012202407643721823
1495.4520874023438 1.000254151834315 0.00012210124420839388
1495.4729614257812 1.0000765100799975 0.0001221196164347812
1495.4937744140625 1.0001626423122112 0.00012212017010530251
1495.5145874023438 0.9997437971339442 0.00012209300322343293
1495.5354614257812 1.0000768438338499 0.00012206168341824449
1495.5562744140625 1.000062825321209 0.00012207322865495708
1495.5770874023438 1.000137436146666 0.00012210445827534963
1495.5979614257812 0.9998355202255131 0.00012210964284706827
1495.6187744140625 0.9999116768296751 0.00012211207191413585
1495.6395874023438 0.9999821192924113 0.00012206215068580995
1495.6604614257812 0.9999464427831405 0.00012205102330990163
1495.6812744140625 1.0001136853554125 0.00012204601176283313
1495.7020874023438 0.9999651973213785 0.00012206732835576815
1495.7229614257812 1.0000571667842069 0.00012207058315669264
1495.7437744140625 1.0003666697694071 0.00012209790621432056
1495.7645874023438 0.9999264980842484 0.00012204039135972642
1495.7854614257812 0.9995848092139766 0.00012209782622019376
1495.8062744140625 0.9999436766233188 0.00012212871254748772
1495.8270874023438 0.999969147549342 0.000122103528110214
1495.8479614257812 1.0002268442417253 0.00012214342493350395
1495.8687744140625 0.9999914380813711 0.00012207514672286555
1495.8895874023438 1.0002087641624873 0.00012205019404832672
1495.9104614257812 0.9999054242273823 0.00012208513018092696
1495.9312744140625 0.9998531788330025 0.0001221091424823147
1495.9520874023438 0.99973857930687 0.00012208176780740596
1495.9729614257812 1.0003111668058864 0.00012208705251860326
1495.9937744140625 1.000088527517009 0.00012204739364981921
1496.0145874023438 0.9999257237554651 0.00012210563970469838
1496.0354614257812 0.9999495500769661 0.0001220864314841349
1496.0562744140625 0.9999112882654202 0.0001221094128134251
1496.0770874023438 1.0002265263772931 0.00012207810938827997
1496.0979614257812 0.9998528602510172 0.00012203855417135976
1496.1187744140625 1.000071618439992 0.000122098942078537
1496.1395874023438 0.9999400823435735 0.00012210176643850636
1496.1604614257812 1.0000728951734148 0.00012212498319837491
1496.1812744140625 0.9999146342713167 0.00012210290502835886
1496.2020874023438 1.000051564800035 0.0001220822806790858
1496.2229614257812 0.9999032218987906 0.00012212565876521298
1496.2437744140625 1.000130810785296 0.00012216162898968005
1496.2645874023438 1.000151168292894 0.00012213530347866228
1496.2854614257812 0.9995791902019526 0.00012205629817716953
1496.3062744140625 0.999895285540122 0.0001221120885223224
1496.3270874023438 1.0004132829967252 0.0001221167879509921
1496.3479614257812 0.9999897683108407 0.000122121360621284
1496.3687744140625 1.0002262957919585 0.0001221140871153269
1496.3895874023438 0.9997680292040196 0.00012208216816268744
1496.4104614257812 0.9998174568503766 0.00012212312422075166
1496.4313354492188 0.9998551232955045 0.00012211306649288423
1496.4521484375 1.0000701452562004 0.00012215173704091067
1496.4729614257812 1.000410234465611 0.0001220711915235894
1496.4938354492188 0.9996783718398484 0.00012206096498742735
1496.5146484375 1.000180449065187 0.00012209726982370344
1496.5354614257812 1.00020021115524 0.00012212703733843947
1496.5563354492188 0.9994339224634373 0.00012208797133553777
1496.5771484375 1.0001454217962997 0.00012205550311917956
1496.5979614257812 1.000136852754664 0.00012209770189294851
1496.6188354492188 1.000071954090535 0.00012209085210066189
1496.6396484375 1.000009061455788 0.00012209492350528735
1496.6604614257812 0.9998901382839843 0.00012209594725618816
1496.6813354492188 0.9999756140710873 0.00012206904270017953
1496.7021484375 0.9999140505042413 0.0001220921564066766
1496.7229614257812 1.0002222763882598 0.00012211506711330328
1496.7438354492188 1.000024248306717 0.00012210116499887386
1496.7646484375 0.9999511320283166 0.00012205093010551764
1496.7854614257812 0.9997550957861773 0.00012206656344940346
1496.8063354492188 1.0000913353491367 0.0001221175561556778
1496.8271484375 1.000105195898616 0.00012212727654752704
1496.8479614257812 1.000288770380432 0.00012207647721667396
1496.8688354492188 0.9997043749514674 0.0001221529282239454
1496.8896484375 0.9998451434257865 0.00012210876298738083
1496.9104614257812 1.0001100870398831 0.00012213305114213002
1496.9313354492188 1.0000256492215924 0.00012208476882840034
1496.9521484375 0.999765815869875 0.00012210306069836976
1496.9729614257812 1.0004828266640255 0.00012215682825568227
1496.9938354492188 0.9999308446393789 0.00012210957736221833
1497.0146484375 0.9997817245443964 0.00012209316663031503
1497.0354614257812 0.9999035051463212 0.00012207015839879744
1497.0563354492188 1.0000653488043632 0.00012211653533088422
1497.0771484375 1.0001076231090962 0.00012210989412613594
1497.0979614257812 1.0000538985490732 0.00012212078469776413
1497.1188354492188 0.9997503276853447 0.00012204026216598463
1497.1396484375 1.0000475006203986 0.0001220786071261375
1497.1604614257812 1.0003534107098526 0.00012209340786872372
1497.1813354492188 0.9998167374719866 0.0001221185223224201
1497.2021484375 0.9999639113583709 0.00012210669469278677
1497.2229614257812 0.9999703690161994 0.00012206408776797663
1497.2438354492188 0.9999372901759845 0.00012209583821704256
1497.2646484375 0.9999003629301908 0.00012212857151205791
1497.2854614257812 1.0001192079943428 0.0001221415217446051
1497.3063354492188 1.000009145915182 0.00012213695280339316
1497.3271484375 0.9999472207968942 0.0001221039381922615
1497.3479614257812 0.9998364035607954 0.00012212631951823572
1497.3688354492188 0.9998938489364257 0.000122117012788751
1497.3896484375 0.9994985690547981 0.00012207464427034731
1497.4104614257812 0.9993196530729042 0.00012206399106787604
1497.4313354492188 0.9995814649048617 0.0001220828649753442
1497.4521484375 0.9999003637740027 0.00012210859678608548
1497.4729614257812 1.0000402471300183 0.00012204712133700444
1497.4938354492188 0.9999717698010752 0.00012209248635399638
1497.5146484375 1.000328743754006 0.00012212520013498256
1497.5354614257812 0.9998805291754578 0.0001221174566354448
1497.5563354492188 1.000074372262472 0.00012208351343493415
1497.5771484375 0.9997641034372842 0.00012214190802069345
1497.5979614257812 0.9998052710766815 0.00012212283259406016
1497.6188354492188 1.000460657915294 0.00012216662077988103
1497.6396484375 0.999770968462395 0.00012208039922858893
1497.6604614257812 0.9998198391378663 0.00012212455063377318
1497.6813354492188 1.000303970159291 0.00012215008477477624
1497.7021484375 0.9999269479289231 0.00012214023540709713
1497.7229614257812 1.0001981488961003 0.00012208025394246205
1497.7438354492188 0.9998504806154253 0.0001221344015733172
1497.7646484375 0.9997889111436616 0.00012210882810117797
1497.7854614257812 1.0001216788938092 0.0001221144450127738
1497.8063354492188 0.9999051673646582 0.00012208786992324918
1497.8271484375 1.0002641580665517 0.00012212867616247914
1497.8479614257812 1.0000944406284595 0.00012212179306926623
1497.8688354492188 0.9994904559187796 0.00012208129810199086
1497.8896484375 0.9999382848068002 0.00012208796840644374
1497.9104614257812 1.0005568663247646 0.000122102636191323
1497.9521484375 0.9999678979145232 0.0001220583189938593
1497.9729614257812 1.000066380801875 0.00012214851423483457
1497.9938354492188 0.999924423727199 0.0001221452402184668
1498.0146484375 0.9995195923787644 0.0001220915475015956
1498.0354614257812 0.9999794306612457 0.00012212552072119845
1498.0563354492188 1.0003640832105858 0.0001221407939343977
1498.0771484375 1.000259790077099 0.00012215066612380297
1498.0979614257812 0.9997603094880133 0.0001220632990303428
1498.1188354492188 0.9996993008674016 0.00012212782853845554
1498.1396484375 1.000099760518983 0.0001221408700732178
1498.1604614257812 1.000128114260371 0.00012205554239141096
1498.1813354492188 1.0000144536218436 0.00012211486558705143
1498.2021484375 1.000265821825335 0.00012213243454556468
1498.2229614257812 0.9999804014876459 0.00012208928608115874
1498.2438354492188 0.9996596837279701 0.00012212175088370774
1498.2646484375 0.9998534075431851 0.00012215493572708669
1498.2854614257812 1.0000065490655827 0.00012212206835706768
1498.3063354492188 1.0004646010028466 0.00012210778737643623
1498.3271484375 0.9999518753970245 0.0001221590813021763
1498.3479614257812 0.9997364139959597 0.00012214902588098263
1498.3688354492188 1.0001088674078367 0.0001220959649945633
1498.3896484375 0.9998343801677226 0.00012212567725306098
1498.4104614257812 1.000001572609859 0.0001221584611725511
1498.4313354492188 1.000256741423506 0.00012211248085924954
1498.4521484375 0.9999585732172669 0.00012210467670472174
1498.4729614257812 0.9999816939221913 0.0001221443087654134
1498.4938354492188 0.9999950079339297 0.00012218308372174792
1498.5146484375 1.0000495584587183 0.00012208846791074147
1498.5354614257812 0.9996209214855059 0.00012218774686599472
1498.5563354492188 1.0003067170364666 0.00012216072543403734
1498.5772094726562 0.9998523493808146 0.00012208164200507257
1498.5980224609375 1.0000742406694008 0.00012215048500082904
1498.6188354492188 1.000250684531989 0.00012215451065161466
1498.6397094726562 0.9998379998335343 0.00012210450450882103
1498.6605224609375 0.9998676314792544 0.0001221086386775891
1498.6813354492188 0.9999794584417482 0.00012215318397705257
1498.7022094726562 1.0000993325761622 0.0001221478126463357
1498.7230224609375 1.0002306577637066 0.00012215182254284856
1498.7438354492188 0.9997034992650256 0.0001221488220827412
1498.7647094726562 1.0001286691089335 0.00012217963378659353
1498.7855224609375 0.9998763343681148 0.00012209637583652976
1498.8063354492188 0.9999204896588155 0.00012216127737604005
1498.8272094726562 1.0001647512856533 0.00012217484918705107
1498.8480224609375 1.0000179926907968 0.00012209223949938755
1498.8688354492188 0.9999572502424924 0.0001221474108670531
1498.8897094726562 1.000124578791059 0.00012217327593080885
1498.9105224609375 0.9998825747447954 0.00012213711119434843
1498.9313354492188 1.0001748262104966 0.0001221830615088648
1498.9522094726562 0.999634232010569 0.00012218729901472783
1498.9730224609375 1.0000855483673148 0.000122139720646932
1498.9938354492188 0.99990485644104 0.00012216870601085403
1499.0147094726562 1.000326250704082 0.0001222061672595897
1499.0355224609375 1.0002222376565058 0.0001221926479919983
1499.0563354492188 0.9997894782695537 0.00012210284681631896
1499.0772094726562 0.9997108977509724 0.00012216464240772355
1499.0980224609375 0.9998053760202736 0.00012217362065303949
1499.1188354492188 1.0001604476384314 0.0001221215648198175
1499.1397094726562 1.0002118075952802 0.00012212483973992816
1499.1605224609375 1.0000767172125176 0.00012217874508767688
1499.1813354492188 1.0001632369820754 0.00012212894835289217
1499.2022094726562 0.9998646184099041 0.0001220785579854316
1499.2230224609375 0.9996930387117995 0.00012214011919755918
1499.2438354492188 1.000006018940094 0.00012215246901495013
1499.2647094726562 1.0001890387065449 0.00012211760421342702
1499.2855224609375 1.000141403067491 0.00012217560870933427
1499.3063354492188 1.000009115719421 0.00012221381156775476
1499.3272094726562 0.9999624787416476 0.00012216398091426155
1499.3480224609375 0.9997329769635912 0.00012218442466202715
1499.3688354492188 0.9998223033714014 0.00012217765382498686
1499.3897094726562 1.0000154840516322 0.00012217448207790994
1499.4105224609375 1.0005533576573102 0.00012217654112047752
1499.4313354492188 0.999803477832444 0.00012216935149269746
1499.4522094726562 1.0002027946425203 0.00012217486137744478
1499.4730224609375 0.9996663964722128 0.00012209549626687925
1499.4938354492188 0.9999248520862907 0.00012218809433259769
1499.5147094726562 1.0002062863273222 0.00012219169525999214
1499.5355224609375 1.0001132413683282 0.00012213622864291524
1499.5563354492188 0.9995862246063723 0.00012219808253929892
1499.5772094726562 1.0000797779244976 0.0001221813024457198
1499.5980224609375 1.0003735998982461 0.00012212821168012318
1499.6188354492188 0.9997318689734043 0.00012215146873284177
1499.6397094726562 1.0001739695048857 0.000122189885019218
1499.6605224609375 0.9998778352085212 0.00012212649497679622
1499.6813354492188 0.999747813768333 0.0001221733748246175
1499.7022094726562 1.0005302955131956 0.00012220927950507435
1499.7230224609375 0.9996322766162078 0.00012215256230448056
1499.7438354492188 1.000027554933423 0.00012216825328895226
1499.7647094726562 1.0004266824880805 0.00012218735897900595
1499.7855224609375 0.9997069069098024 0.00012212719175070985
1499.8063354492188 0.9999214309661879 0.00012217474107090314
1499.8272094726562 0.9999969144090418 0.00012218717838994483
1499.8480224609375 0.9996177514362311 0.0001221483287628257
1499.8688354492188 1.0002270997928837 0.00012218037196608025
1499.8897094726562 0.9999624234916072 0.00012218477912233277
1499.9105224609375 1.0000516773264025 0.00012217103889222643
1499.9313354492188 0.9999949741632176 0.00012221424288199625
1499.9522094726562 1.0002825300396816 0.00012221108653789612
1499.9730224609375 0.9996368196267463 0.00012215360293654938
1499.9938354492188 1.0002123577515625 0.00012216262482997223
1500.0147094726562 0.9997950214201419 0.0001221924674938854
1500.0355224609375 0.9995566210747838 0.00012215837415725905
1500.0563354492188 1.0005511196698238 0.00012216670469146062
1500.0772094726562 0.999726690865184 0.00012215854240626037
1500.0980224609375 1.0003259024598166 0.0001221389558126537
1500.1188354492188 0.9999152832803239 0.0001221653923441592
1500.1397094726562 1.0000354832651044 0.00012216547628389203
1500.1605224609375 1.0000851105315036 0.00012213487372130026
1500.1813354492188 0.9995401263761085 0.0001221252316875819
1500.2022094726562 1.000009189045618 0.00012219145800926168
1500.2230224609375 1.0001423578849904 0.00012214314665809947
1500.2438354492188 1.0003681295785627 0.0001221927011944967
1500.2647094726562 0.9999175614972956 0.00012219368390736896
1500.2855224609375 0.9997163802390978 0.0001221436916428813
1500.3063354492188 1.0002709852473044 0.00012216171125568987
1500.3272094726562 0.9996324945629288 0.00012218314819759243
1500.3480224609375 0.999779191466468 0.0001221536507164197
1500.3688354492188 1.0005099414105625 0.0001221520829376872
1500.3897094726562 1.0003977901039014 0.0001221796043045908
1500.4105224609375 0.9995482802610394 0.00012218103371815553
1500.4313354492188 0.9998459994235266 0.00012215410180312935
1500.4522094726562 0.9999496988471257 0.00012218590712411944
1500.4730224609375 1.0002168423546791 0.0001221412631578394
1500.4938354492188 0.9997210968353869 0.0001221629983995392
1500.5147094726562 1.00030124956024 0.0001221788769726294
1500.5355224609375 0.9999754405374413 0.00012213388980083828
1500.5563354492188 1.0000574584194795 0.00012216615188109355
1500.5772094726562 0.9999870582519267 0.00012222390356272656
1500.5980224609375 0.9998258337045415 0.00012212358615967152
1500.6188354492188 1.000120069944538 0.00012221661894989806
1500.6397094726562 0.9999337049822468 0.00012221400623785964
1500.6605224609375 0.999961189890945 0.00012215735806937292
1500.6813354492188 1.0000338783247678 0.00012219676878554811
1500.7022094726562 0.9999621404352137 0.0001222309278544437
1500.7230224609375 1.00047074811529 0.00012217613455431294
1500.7438354492188 0.9994611307255785 0.0001221910477033011
1500.7647094726562 1.0000668159631252 0.00012221056537198272
1500.7855224609375 0.9997507925469239 0.00012214746490595482
1500.8063354492188 1.0003380340106964 0.00012218210674115162
1500.8272094726562 1.0000338096920693 0.00012221772567941658
1500.8480224609375 1.0001159727928222 0.00012212202271615196
1500.8688354492188 1.0000183438329686 0.00012219701006637598
1500.8897094726562 0.9998054141106865 0.00012221046673186313
1500.9105224609375 0.9999959846102184 0.00012217876472056047
1500.9313354492188 0.9998450228130253 0.00012219713449889376
1500.9522094726562 1.000019173072747 0.00012220754701002115
1500.9730224609375 1.0000431381212191 0.00012215886882199498
1500.9938354492188 1.0003201435363405 0.00012222617952278796
1501.0147094726562 0.9999940489177227 0.00012223308809330613
1501.0355224609375 0.9998109475701339 0.00012214211795671002
1501.0772094726562 0.9999303615758511 0.00012217897480921492
1501.0980224609375 0.9998357191946039 0.00012219202415187657
1501.1188354492188 1.0001756725845639 0.00012226941728756373
1501.1397094726562 1.0001401114515633 0.00012217680722639382
1501.1605224609375 0.9997908171118493 0.0001222261854628649
1501.1813354492188 1.0002498375214195 0.00012228053768525675
1501.2022094726562 0.99999632458378 0.00012217963538514604
1501.2230224609375 0.9999548417490058 0.00012223638075812133
1501.2438354492188 0.9996932991309352 0.00012221386108367662
1501.2647094726562 1.0000032932147866 0.0001221914992961754
1501.2855224609375 1.000183368997275 0.00012224198936205966
1501.3063354492188 1.0002406542675495 0.00012220866005275492
1501.3272094726562 0.9998791000962122 0.00012220032600524173
1501.3480224609375 0.9996883365664477 0.00012225396494261074
1501.3688354492188 1.0002380100174855 0.00012218049313214368
1501.3897094726562 1.0000903229340607 0.0001222485821699633
1501.4105834960938 0.9999839685578942 0.0001222416134083028
1501.431396484375 0.9997731122185293 0.00012219780937786992
1501.4522094726562 0.9999787175498124 0.0001222502970051323
1501.4730834960938 1.0003922995195544 0.00012223094842654612
1501.493896484375 1.0000441116310639 0.00012224213431519118
1501.5147094726562 0.9996088862131951 0.0001222716490176039
1501.5355834960938 0.9998180883045991 0.0001222074292022941
1501.556396484375 1.0001427596544616 0.00012224709110469624
1501.5772094726562 1.000231475975799 0.00012223957463163994
1501.5980834960938 0.9999300241925336 0.00012216931551165672
1501.618896484375 0.9999414304545275 0.00012225917768762682
1501.6397094726562 1.000241922929901 0.00012216553342855744
1501.6605834960938 0.9995519864987518 0.0001222003600119527
1501.681396484375 1.0004277924466147 0.00012227451990182736
1501.7022094726562 0.9999085434433661 0.00012220751745455177
1501.7230834960938 1.0000917823954225 0.00012227339655324873
1501.743896484375 0.9998211249811648 0.00012227824897836293
1501.7647094726562 0.9999183061084032 0.0001222651634870793
1501.7855834960938 1.0000284629817164 0.00012229878279350516
1501.806396484375 0.999814381671467 0.0001222181911828758
1501.8272094726562 1.0002406952066745 0.00012228232490275493
1501.8480834960938 0.9999347636629936 0.0001222579023789857
1501.868896484375 1.0001852219054534 0.00012221438402656813
1501.8897094726562 0.9999895572460531 0.00012230025884492996
1501.9105834960938 0.9998547766605036 0.00012220209913122744
1501.931396484375 0.9999072508510913 0.00012227168068195242
1501.9522094726562 1.0003530580874411 0.00012227998582868717
1501.9730834960938 0.9999226487133139 0.00012224893274348053
1501.993896484375 0.9998896618015451 0.0001223063270247556
1502.0147094726562 0.9998383918549547 0.0001222514179061449
1502.0355834960938 1.0000043183111074 0.0001222739162644999
1502.056396484375 0.9997580974049353 0.0001223016262881363
1502.0772094726562 1.000357209544922 0.00012227994521291799
1502.0980834960938 1.0003773786604977 0.00012226038281726079
1502.118896484375 0.9998520503261412 0.00012232247304380425
1502.1397094726562 0.9996472928225933 0.0001222661682032548
1502.1605834960938 1.0000509023322224 0.00012226628500408847
1502.181396484375 0.9999815462011646 0.00012228035546604996
1502.2022094726562 0.9997518822089726 0.00012224971744398552
1502.2230834960938 1.000108894720832 0.00012228370686223703
1502.243896484375 1.0001097583420984 0.00012221675204001994
1502.2647094726562 0.9999249491491069 0.00012225422140392706
1502.2855834960938 0.9992986759110005 0.00012226258859993527
1502.306396484375 0.9990990110228082 0.00012218245929896058
1502.3272094726562 0.9998934343816058 0.0001223084267415296
1502.3480834960938 0.999684147653571 0.00012225681613399578
1502.368896484375 0.9994498073823178 0.0001222559931774459
1502.3897094726562 1.0001798977610927 0.00012232884034539678
1502.4105834960938 1.0000097446844818 0.0001222906597122626
1502.431396484375 0.9996521747810991 0.00012231884138498396
1502.4522094726562 0.9999000810146095 0.0001222790866792381
1502.4730834960938 1.0002805969328272 0.00012233528638181139
1502.493896484375 0.9998563143297737 0.0001223113579698971
1502.5147094726562 1.0001059846970866 0.0001223146697736887
1502.5355834960938 0.999870909217094 0.00012232341142661348
1502.556396484375 1.0000564513491097 0.00012228497333442303
1502.5772094726562 1.0001411375129732 0.0001223496055104894
1502.5980834960938 0.9997371655508648 0.00012230370918617616
1502.618896484375 1.000084115142442 0.00012231461752204754
1502.6397094726562 1.0000510185452898 0.00012237727046456745
1502.6605834960938 0.9999851070829064 0.0001222908160083307
1502.681396484375 0.9998981346210756 0.00012237893667505376
1502.7022094726562 1.00019477007888 0.00012233196280876803
1502.7230834960938 0.9999004689010511 0.000122340824700502
1502.743896484375 0.9999542643207909 0.00012235605161346272
1502.7647094726562 1.0001763225755504 0.00012231595736015443
1502.7855834960938 0.9997429983991929 0.00012234060113501763
1502.806396484375 1.0001507588638536 0.00012238043704650386
1502.8272094726562 0.9999673896192215 0.00012234760525693238
1502.8480834960938 1.000158468184818 0.000122416212540117
1502.868896484375 0.9998566383127386 0.00012235196700079688
1502.8897094726562 0.9996990678766311 0.00012240522157513472
1502.9105834960938 1.000418483604333 0.00012247732167201635
1502.931396484375 0.9999917946972594 0.00012239410116908104
1502.9522094726562 1.0000478733398024 0.00012241984149344006
1502.9730834960938 0.9997324191123121 0.00012243751585407515
1502.993896484375 0.9999377723458853 0.00012238385971743033
1503.0147094726562 1.0001398268499477 0.00012245432740782725
1504.7230834960938 1.0 0.00012251573094738686
1504.743896484375 1.0003536325149371 0.00012246697580327418
1504.7647094726562 0.9999787833609128 0.00012239863574246067
1504.7855834960938 0.999688195253251 0.00012233908264026126
1504.806396484375 0.9997489734403588 0.00012235568894711978
1504.8272094726562 0.9995962835690075 0.00012228625549447512
1504.8480834960938 0.9997309940510682 0.00012228381364670998
1504.868896484375 1.0002280210544718 0.00012221231759756613
1504.8897094726562 0.9998029630546409 0.00012213186486499756
1504.9105834960938 0.9999103044219382 0.00012215118390982512
1504.931396484375 0.9999588111597595 0.0001220821545120226
1504.9522094726562 0.999952737578712 0.00012207282478978094
1504.9730834960938 1.0001539789711584 0.00012203593116955386
1504.993896484375 0.9997677292849414 0.00012199337548023943
1505.0147094726562 1.0000481810172532 0.00012197069177897692
1505.0355834960938 0.9999991913259466 0.0001219390511494208
1505.056396484375 1.0002057099927546 0.00012198560786058515
1505.0772094726562 0.9998753328116619 0.00012190203999572002
1505.0980834960938 1.0002238907044652 0.00012200774103595559
1505.118896484375 0.9997151489861867 0.00012193388043166438
1505.1397094726562 1.0000876656867903 0.00012201418163368827
1505.1605834960938 0.9999354543589593 0.00012196684394066241
1505.181396484375 0.9999959908243552 0.00012198078777918201
1505.2022094726562 0.9999819574795729 0.00012196912464413263
1505.2230834960938 0.9999921083656614 0.0001219464886367857
1505.243896484375 1.0000527964039763 0.00012199591317525777
1505.2647094726562 1.0000977360696686 0.00012191153679174
1505.2855834960938 0.999985846091763 0.00012197164490902291
1505.306396484375 0.9996025622662127 0.00012191395610580353
1505.3272094726562 1.000446696064865 0.00012195576656042906
1505.3480834960938 0.9999091627188281 0.00012195810094252509
1505.368896484375 0.9999650817259212 0.00012193416426925953
1505.3897094726562 1.0002716664963955 0.00012197874513795406
1505.4105834960938 0.9997687688717656 0.0001219580326780292
1505.431396484375 1.0009050983726338 0.00012201803920321512
1505.4522094726562 0.9998709582345903 0.00012194786221079361
1505.4730834960938 1.0001119930767393 0.00012202053044702661
1505.493896484375 0.9999491076509158 0.00012196632036034604
1505.5147094726562 0.9998965870793564 0.00012197912517199169
1505.5355834960938 1.0000457505019493 0.00012194880345436362
1505.556396484375 0.9998325630855477 0.00012193177892439277
1505.5772094726562 1.000651080516069 0.00012196905226542434
1505.5980834960938 0.9997123239444232 0.00012189372851902994
1505.618896484375 0.9998183217259966 0.0001219777876339496
1505.6397094726562 0.9998990277823021 0.00012190325608787943
1505.6605834960938 1.0001471859893223 0.00012198070462540037
1505.681396484375 1.000063738340866 0.0001219343107209148
1505.7022094726562 0.9999849448582662 0.00012193824088314238
1505.7230834960938 1.0003423844983532 0.0001219622280757591
1505.7439575195312 0.9995454581539933 0.00012189732370616634
1505.7647705078125 1.0001625706235773 0.0001219873238247485
1505.7855834960938 0.9995550548480716 0.00012189110844710744
1505.8064575195312 1.000058178693455 0.00012196352910497668
1505.8272705078125 1.0002779793755718 0.00012189517481298784
1505.8480834960938 1.0005834314840658 0.00012197473138919246
1505.8689575195312 0.9997734919855603 0.00012191699768590697
1505.8897705078125 0.9995586094388306 0.00012194132620450959
1505.9105834960938 0.9999670389678268 0.00012199413104377994
1505.9314575195312 0.9999413046090415 0.00012193490668457249
1505.9522705078125 1.0004390559206175 0.00012201745748591793
1505.9730834960938 0.9993726106217723 0.000121885705934307
1505.9939575195312 1.0005799388573442 0.00012199913910313619
1506.0147705078125 0.9999430484748163 0.00012192840019884688
1506.0355834960938 1.0000646006197096 0.0001219839147404938
1506.0564575195312 0.9998402085102058 0.00012194273392101744
1506.0772705078125 0.9996526183587595 0.00012193841826289048
1506.0980834960938 1.0000783707953973 0.00012197839414300002
1506.1189575195312 1.0001772414489818 0.00012190308305367767
1506.1397705078125 1.0004830943082852 0.0001219871655081016
1506.1605834960938 0.9996338594704146 0.00012189714396788085
1506.1814575195312 1.0002709480087522 0.00012200095508300118
1506.2022705078125 0.9995764183520642 0.00012195018590562322
1506.2230834960938 0.9999498802273246 0.0001219702838149832
1506.2439575195312 1.0000402145229026 0.00012197251611912726
1506.2647705078125 0.9996875274242449 0.00012193447975535377
1506.2855834960938 1.0005277008871984 0.00012196741244798173
1506.3064575195312 0.9999711899122817 0.00012191232382644832
1506.3272705078125 1.0002216689128471 0.00012197530864825264
1506.3480834960938 0.9998783551908659 0.00012191108899779857
1506.3689575195312 0.9996304054491939 0.00012199793047189192
1506.3897705078125 1.000284011050463 0.00012195296896196702
1506.4105834960938 0.9997107011312047 0.00012198452590990573
1506.4314575195312 1.000304544231037 0.00012197733644263776
1506.4522705078125 0.9997807888546759 0.00012197472969817429
1506.4730834960938 1.0001444003833808 0.0001220049357625577
1506.4939575195312 1.0001551555018073 0.00012196618130107926
1506.5147705078125 0.999780618272786 0.00012198648114909583
1506.5355834960938 0.9999403976986647 0.00012193356883278757
1506.5564575195312 1.0001775204890833 0.00012196272991797644
1506.5772705078125 0.9994750077370187 0.00012192163092774314
1506.5980834960938 1.0006615458043546 0.0001219899418380156
1506.6189575195312 0.9997305587549281 0.00012190444321599722
1506.6397705078125 1.0003911398283074 0.00012198500060204545
1506.6605834960938 0.9995423016541856 0.00012192427882987497
1506.6814575195312 1.000092315224149 0.00012197216807416279
1506.7022705078125 1.000200611578376 0.00012195912113867162
1506.7230834960938 0.999767463683471 0.00012194697654350985
1506.7439575195312 1.0001681702210545 0.0001219680855528134
1506.7647705078125 0.9993075112129137 0.00012189423981464737
1506.7855834960938 1.0005271699119596 0.00012195960206005894
1506.8064575195312 1.0000741274187706 0.00012193088558258607
1506.8272705078125 1.0002320264501896 0.00012195358274430095
1506.8480834960938 1.0000739649321975 0.00012189932828102916
1506.8689575195312 0.9995727922915816 0.00012196998227784187
1506.8897705078125 1.0001009534022964 0.00012194405490309365
1506.9105834960938 1.0000627287198094 0.00012200683770731408
1506.9314575195312 0.9999534556404516 0.00012196973291544432
1506.9522705078125 0.999807117409716 0.00012196677231536843
1506.9730834960938 0.9999640506648204 0.00012196205896496011
1506.9939575195312 1.0000869699228458 0.00012196364208352524
1507.0147705078125 1.0003030864338966 0.0001219647977865176
1507.0355834960938 0.9998986288712308 0.00012191115746344021
1507.0564575195312 1.0000806375639701 0.00012199924802213353
1507.0772705078125 0.9997357844425628 0.00012192259403624272
1507.0980834960938 1.0001379474719858 0.00012200636931852751
1507.1189575195312 1.000229674756143 0.00012198515996812919
1507.1397705078125 0.9995412452265438 0.00012197532796767271
1507.1605834960938 0.9998750757495793 0.00012198239067499062
1507.1814575195312 1.0000840681964898 0.00012192070509066593
1507.2022705078125 1.0001275803884169 0.00012196545351920269
1507.2230834960938 0.999502587907039 0.00012189365802255529
1507.2439575195312 0.9998511532000626 0.0001219601084839395
1507.2647705078125 0.9995109780368279 0.0001219372759600962
1507.2855834960938 0.9994755091451379 0.00012196112835326231
1507.3064575195312 0.9995353945091501 0.00012192293739557452
1507.3272705078125 0.9999029813297455 0.00012196822278629727
1507.3480834960938 0.9998951840365472 0.00012197203330293397
1507.3689575195312 1.000007493619278 0.00012196415160198555
1507.3897705078125 1.0005385233928712 0.00012199775784560642
1507.4105834960938 0.9999240005775293 0.00012194480155563664
1507.4314575195312 0.9998781074995325 0.00012202944257664149
1507.4522705078125 1.0000049621906832 0.0001219706922834107
1507.4730834960938 0.9999140789537889 0.0001220430786622167
1507.4939575195312 0.9999249384790178 0.00012202140884874096
1507.5147705078125 1.000244498933975 0.00012206650921273337
1507.5355834960938 0.9998622625927535 0.00012201803592070253
1507.5564575195312 0.9998170580767752 0.00012207715850113613
1507.5772705078125 1.0002557532686607 0.0001220373108789527
1507.5980834960938 0.9997334465824024 0.00012196588844576057
1507.6189575195312 0.9999692186694734 0.00012202054264484066
1507.6397705078125 1.0005161125436128 0.0001219677856682042
1507.6605834960938 0.9999297944501687 0.00012200840597354824
1507.6814575195312 0.999804950021103 0.00012201896758611106
1507.7022705078125 0.9999097027899867 0.00012201397133087085
1507.7230834960938 0.9998020488687601 0.00012200941519096698
1507.7439575195312 1.0003746961039834 0.00012205016936657107
1507.7647705078125 1.000136513690737 0.00012207182939986806
1507.7855834960938 0.9997483241327704 0.00012200978357783702
1507.8064575195312 1.0001010074042387 0.00012204814188709583
1507.8272705078125 0.9996721679336787 0.00012197157179853833
1507.8480834960938 0.9999215923171908 0.00012198947439317905
1507.8897705078125 1.0003824828709489 0.00012203847564637652
1507.9105834960938 0.9998611512117126 0.00012199240595623864
1507.9314575195312 1.0002661840641875 0.00012202164660285312
1507.9522705078125 0.9999800454228136 0.00012196457950142632
1507.9730834960938 0.9999065164582807 0.00012200958943744547
1507.9939575195312 0.9999487368913715 0.00012200920147024063
1508.0147705078125 0.9997621669266195 0.00012198945772462121
1508.0355834960938 1.000084101312534 0.0001220157349323303
1508.0564575195312 0.9998737246185877 0.00012198705640555016
1508.0772705078125 1.0006733257993592 0.0001220296606550387
1508.0980834960938 0.9993982543968808 0.00012191661148476123
1508.1189575195312 1.000115825071356 0.00012201235229452921
1508.1397705078125 1.0002196356909312 0.00012196105003377806
1508.1605834960938 0.9998556426110834 0.00012200767519307556
1508.1814575195312 1.0001116590096095 0.00012195754852099609
1508.2022705078125 0.9994200003768762 0.00012202067756663591
1508.2230834960938 1.0004944006151064 0.00012198694326769035
1508.2439575195312 1.0004367086739172 0.00012204909211236081
1508.2647705078125 0.9995040445423398 0.00012198556759398474
1508.2855834960938 0.999961868357988 0.00012202969396556593
1508.3064575195312 0.9997484061659905 0.00012196777357795317
1508.3272705078125 1.000350696421234 0.00012205444406978602
1508.3480834960938 0.9998771167144052 0.00012199454786827445
1508.3689575195312 1.0004398173522875 0.00012202394537406669
1508.3897705078125 0.9994550310745212 0.00012196741860665947
1508.4105834960938 0.99993061380878 0.00012201991854654256
1508.4314575195312 1.0001730713854626 0.00012202440599631354
1508.4522705078125 1.0001612607249866 0.00012200813709112681
1508.4730834960938 1.0004185234237684 0.0001220458636871821
1508.4939575195312 0.9990421166130471 0.00012196905051320765
1508.5147705078125 0.9995641392351833 0.00012203267915522533
1508.5355834960938 0.9996932211845883 0.00012199919764014098
1508.5564575195312 1.0009245262073188 0.0001221046213485352
1508.5772705078125 0.9999397742761752 0.00012198796182562079
1508.5980834960938 1.0006139741530096 0.0001220840216512053
1508.6189575195312 0.9997402357078532 0.0001219779626329673
1508.6397705078125 0.9996293594552411 0.00012203005431437851
1508.6605834960938 1.0002154369118719 0.00012200002733617636
1508.6814575195312 1.0002442565689211 0.00012207887040117
1508.7022705078125 1.0000816679482885 0.00012198542130511833
1508.7230834960938 0.9998218738962925 0.00012203723692161863
1508.7439575195312 0.9999687077421102 0.00012202729199327882
1508.7647705078125 0.9998819573259864 0.00012205292006902042
1508.7855834960938 1.0001923053783128 0.00012205618379951246
1508.8064575195312 0.9995535363468621 0.00012204793491616008
1508.8272705078125 1.0003867310156846 0.00012203638083863384
1508.8480834960938 0.9998775585469695 0.00012199716950032495
1508.8689575195312 1.0003876888956413 0.00012203837764376454
1508.8897705078125 0.9999647073118929 0.00012202990765066933
1508.9105834960938 0.9997087200652222 0.00012207653581177517
1508.9314575195312 0.9998418093699634 0.00012202373598423998
1508.9522705078125 0.9998848912664391 0.00012203221308877145
1508.9730834960938 1.0002979643381646 0.00012202284539646878
1508.9939575195312 1.0002510548645982 0.00012212810057662013
1509.0147705078125 0.9999859549707761 0.00012198690410642371
1509.0355834960938 0.9996121724646052 0.0001220909783010358
1509.0564575195312 0.9999962685077944 0.00012198885600598678
1509.0772705078125 1.0003150910514427 0.0001220757299054112
1509.0980834960938 0.999961010100826 0.00012201427714137521
1509.1189575195312 0.9999525187219529 0.00012203416820303447
1509.1397705078125 0.9997277695709196 0.00012202202291201506
1509.1605834960938 1.000037510189998 0.00012204300075402156
1509.1814575195312 1.0000910997469936 0.0001220007637955662
1509.2022705078125 1.0002227279079743 0.00012204651107941726
1509.2230834960938 0.9998843537966585 0.00012201963757786424
1509.2439575195312 1.000125032727121 0.00012201928505518352
1509.2647705078125 1.0000401643792731 0.00012204263907788578
1509.2855834960938 0.999640203666612 0.00012202354385598536
1509.3064575195312 0.999951710892835 0.00012204284115720114
1509.3272705078125 1.0001143635085974 0.00012199368051977453
1509.3480834960938 1.0002450111185308 0.00012208463835075174
1509.3689575195312 1.0000734474240731 0.00012200136028854212
1509.3897705078125 0.9996356729808127 0.00012202335994685702
1509.4105834960938 1.0001050917957912 0.00012198849331682216
1509.4314575195312 1.0000537079598186 0.00012209037169418817
1509.4522705078125 0.9999761191472516 0.00012202866651133746
1509.4730834960938 1.0001981183323443 0.00012209203834906846
1509.4939575195312 0.9996774055726045 0.00012199658797185626
1509.5147705078125 0.9999994669945742 0.00012205319327844973
1509.5355834960938 1.0001065919839385 0.000121994091579712
1509.5564575195312 1.0000422568498848 0.00012202651280571688
1509.5772705078125 1.0000814813618542 0.0001219813625932096
1509.5980834960938 1.0000344691052612 0.00012202477311653802
1509.6189575195312 0.9998173812412443 0.00012197233290371796
1509.6397705078125 1.0000118224188113 0.00012201003778275069
1509.6605834960938 1.0000451176605905 0.00012200164183857704
1509.6814575195312 1.000302210768759 0.0001220459187118366
1509.7022705078125 0.9998655277378176 0.00012198956287295407
1509.7230834960938 0.9993348821655968 0.00012200481911033087
1509.7439575195312 0.9995423634773692 0.00012198154571777648
1509.7647705078125 0.9995954213871868 0.00012198066943354035
1509.7855834960938 1.0002301112962866 0.00012200202681158137
1509.8064575195312 1.0000725894803968 0.00012200300325342843
1509.8272705078125 1.0001952385281745 0.00012204731045568088
1509.8480834960938 0.9997726214587054 0.00012202567155017327
1509.8689575195312 0.9997330691204301 0.00012207920077098657
1509.8897705078125 0.9999860358127689 0.00012204444295938593
1509.9105834960938 1.000057150729533 0.00012209667511250627
1509.9314575195312 1.000292499388114 0.00012203715090449365
1509.9522705078125 0.9997095035543655 0.00012204111393265084
1509.9730834960938 0.9998280542779774 0.00012202535958412425
1509.9939575195312 1.0005365373038275 0.00012210398010742134
1510.0147705078125 0.9998594450063344 0.00012203098068597501
1510.0355834960938 0.9998721990642072 0.0001220936047771387
1510.0564575195312 0.9997798603752013 0.0001220116632251101
1510.0772705078125 0.999839883753719 0.00012210882462935593
1510.0980834960938 1.0004142866038386 0.0001220413482094425
1510.1189575195312 1.0004272203716067 0.00012211847388231913
1510.1397705078125 0.9997157134085023 0.00012206740783293796
1510.1605834960938 0.999697724798844 0.00012209748456407666
1510.1814575195312 0.9996911185904493 0.00012209715861901343
1510.2022705078125 1.0004594721707767 0.00012211158812187428
1510.2230834960938 1.00003861669747 0.00012208968568570483
1510.2439575195312 1.000033690168865 0.00012210518899422685
1510.2647705078125 0.9999497380690527 0.00012205720239175407
1510.2855834960938 0.9995528864284146 0.00012206294852683085
1510.3064575195312 1.0001570667976416 0.00012208446862597709
1510.3272705078125 1.0006168789536776 0.00012209887263189977
1510.3480834960938 0.9998559136242806 0.00012206535955567221
1510.3689575195312 0.999749164389695 0.00012206854835561882
1510.3897705078125 0.9999259420707975 0.00012210538915288487
1510.4105834960938 0.9998933236626447 0.00012211137748769168
1510.4314575195312 1.000151168276919 0.00012212416151928692
1510.4522705078125 1.0002189595999642 0.00012209511632336263
1510.4730834960938 0.9997052062412499 0.00012212268495564855
1510.4939575195312 1.0003186004380307 0.0001221018648934661
1510.5147705078125 0.9996675681705005 0.00012208764495865652
1510.5355834960938 0.9999699122950876 0.00012207686660422202
1510.5564575195312 0.9999576634960913 0.00012214180739091984
1510.5772705078125 1.0001184741677045 0.00012203729158191714
1510.5980834960938 1.0003802529822265 0.0001221183805280473
1510.6189575195312 0.9998456358776713 0.00012204894167200382
1510.6397705078125 0.9998419884158108 0.00012212944323627048
1510.6605834960938 1.0000134020975546 0.00012206185766045296
1510.6814575195312 0.9999678472900955 0.00012214153540408222
1510.7022705078125 0.9999009545911091 0.00012209151158769563
1510.7230834960938 1.0002949457580919 0.00012215203688903753
1510.7439575195312 0.9996488341664425 0.0001220761490971823
1510.7647705078125 1.0002448720229389 0.00012213191355721703
1510.7855834960938 0.9998416250615718 0.0001220548685759848
1510.8064575195312 1.000018491348119 0.00012214151072414072
1510.8273315429688 0.9989922588658969 0.00012201725057512473
1510.84814453125 0.9999592372458465 0.00012209896959838008
1510.8689575195312 1.000433056622919 0.00012206506121642244
1510.8898315429688 0.9996977494986915 0.00012214229802777723
1510.91064453125 1.0003239379605278 0.00012207988134213033
1510.9314575195312 0.9994511851794671 0.0001221134925738403
1510.9523315429688 0.9999217838923482 0.0001220697029545558
1510.97314453125 1.0001453346445146 0.00012212941067943445
1511.0148315429688 1.0002624174904884 0.0001221180847286075
1511.03564453125 0.9997554630801702 0.00012208822536061964
1511.0564575195312 1.0005604000597677 0.00012210991973738748
1511.0773315429688 0.9995870777512144 0.00012201311105003597
1511.09814453125 0.9996833995809887 0.0001220861341524235
1511.1189575195312 1.000110294998425 0.00012205889069987714
1511.1398315429688 1.000341753030898 0.0001221316407134123
1511.16064453125 1.0000982161797147 0.00012207875565382824
1511.1814575195312 0.9997391527396603 0.00012211687347664238
1511.2023315429688 0.9999398420634142 0.00012209822215939863
1511.22314453125 1.000030018770767 0.00012213060005365788
1511.2439575195312 1.000406701347695 0.00012212524567289715
1511.2648315429688 0.99942146821304 0.00012212266368268843
1511.28564453125 0.9999261702119736 0.00012208584272717992
1511.3064575195312 1.0000407239885345 0.00012208674518170585
1511.3273315429688 1.000270333543224 0.0001220839124865092
1511.34814453125 1.000131568719277 0.00012206150090163187
1511.3689575195312 0.9999038897175739 0.00012205474358077847
1511.3898315429688 1.0000610869687505 0.00012205952062123393
1511.41064453125 1.0000230055994952 0.00012205481896533237
1511.4314575195312 0.999688641782952 0.00012204539271947997
1511.4523315429688 1.0000248616147382 0.0001220882241768105
1511.47314453125 0.9999952697385392 0.00012208476478529196
1511.4939575195312 1.0003767033895334 0.00012211456077803546
1511.5148315429688 0.9998298004545146 0.00012207854543314084
1511.53564453125 0.9999200439033312 0.00012212068549097917
1511.5564575195312 1.0000898816534676 0.00012204843374597204
1511.5773315429688 0.9998443337501022 0.00012210703038859384
1511.59814453125 0.9999581006039459 0.00012205154214092096
1511.6189575195312 0.999874504524578 0.00012209124789189167
1511.6398315429688 1.0002009025080576 0.0001220642166596048
1511.66064453125 1.0002914967806413 0.0001221152886038446
1511.6814575195312 1.0000271903444011 0.00012206271766046388
1511.7023315429688 0.9998492004319713 0.00012212231984111738
1511.72314453125 0.9998085788695824 0.00012211475874057277
1511.7439575195312 1.0000103457396163 0.0001221776169890097
1511.7648315429688 1.0001015349931974 0.00012214535519246208
1511.78564453125 0.9998656683399766 0.00012215756801464093
1511.8064575195312 0.9998007764470401 0.00012216000956165698
1511.8273315429688 1.0004419989042452 0.0001222072776645374
1511.84814453125 1.0000550936084043 0.00012212417184049446
1511.8689575195312 0.9997209152730451 0.00012214290967459116
1511.8898315429688 0.9998857710529393 0.0001221297531469863
1511.91064453125 1.0000581673586664 0.00012211669671441513
1511.9314575195312 1.0004329962611165 0.00012216412028163523
1511.9523315429688 0.9997883603324552 0.0001221139521804965
1511.97314453125 0.9998051077780191 0.0001221734904846992
1511.9939575195312 1.0001144532657502 0.0001221311405215485
1512.0148315429688 0.9999294157797638 0.00012215305903992096
1512.03564453125 1.0000383283728722 0.00012211405305670163
1512.0564575195312 1.0001721002720612 0.00012216269010377045
1512.0773315429688 0.9998463348490274 0.00012211564481319758
1512.09814453125 1.0001924712741028 0.0001221778987704042
1512.1189575195312 1.0001204737252776 0.00012207340280827423
1512.1398315429688 0.9998018488287482 0.00012212391055131102
1512.16064453125 0.9998307752679904 0.00012205258407721233
1512.1814575195312 0.9996035827808072 0.0001221267777149598
1512.2023315429688 0.9995838956980821 0.00012205616302399128
1512.22314453125 0.999612555638786 0.00012210931981827692
1512.2439575195312 0.9995998742967498 0.00012206603323775443
1512.2648315429688 1.0001191042990751 0.00012210561942190725
1512.28564453125 0.9999938919514579 0.0001220874367666168
1512.3064575195312 0.9997940125611582 0.00012213283804975899
1512.3273315429688 1.0000522593258914 0.00012214032413795803
1512.34814453125 0.9998808436920648 0.0001221443848414044
1512.3689575195312 0.9999586685844424 0.00012215286544582066
1512.3898315429688 1.000274051379059 0.0001221564521530197
1512.41064453125 0.9997752578162301 0.0001221266704715481
1512.4314575195312 0.9999214770956796 0.00012212918603483222
1512.4523315429688 1.0001105317892232 0.0001221064940645571
1512.47314453125 1.000176200022431 0.0001221505262643287
1512.4939575195312 0.9998295147581739 0.0001221160493183198
1512.5148315429688 1.0003516237268633 0.00012219796127683864
1512.53564453125 0.9998435384762335 0.00012209389700080606
1512.5564575195312 0.9996638740290379 0.00012215617731531998
1512.5773315429688 0.9999415314954752 0.00012212001328233885
1512.59814453125 1.0002047291913772 0.00012215789852258873
1512.6189575195312 1.0002634400671224 0.00012212735103253134
1512.6398315429688 0.9998461211039863 0.0001221616573111471
1512.66064453125 1.0001214512149759 0.00012211997061456917
1512.6814575195312 0.9996033715013909 0.00012215300747477745
1512.7023315429688 0.9998803201503166 0.0001221130762511343
1512.72314453125 1.0004007302085138 0.00012216583495102093
1512.7439575195312 1.0002083384193785 0.00012213442589807327
1512.7648315429688 1.0000156512412255 0.000122143673651171
1512.78564453125 0.9996577466391224 0.00012211859144191966
1512.8064575195312 0.9997722089541793 0.00012217212843640632
1512.8273315429688 0.9999357640179918 0.0001221589595926241
1512.84814453125 1.0004769059489484 0.0001221724847870948
1512.8689575195312 1.0000181359767517 0.00012212105602720576
1512.8898315429688 0.9999416144824445 0.00012217610506220334
1512.91064453125 0.9999510907344928 0.00012212676200282275
1512.9314575195312 0.9998945004152748 0.0001221904326565953
1512.9523315429688 1.0001064010711374 0.0001221566185664973
1512.97314453125 0.9999175424537586 0.00012216629895139174
1512.9939575195312 0.9999853972905749 0.00012213905536655602
1513.0148315429688 1.0000712464960833 0.00012219113577065986
1513.03564453125 1.000038359836528 0.00012216426374711946
1513.0564575195312 0.9998842149048303 0.00012216365794724148
1513.0773315429688 1.0000027725924294 0.00012215626537519561
1513.09814453125 1.0001283099841838 0.000122176918465579
1513.1189575195312 0.9997681444492545 0.0001221305442942152
1513.1398315429688 1.0001906067824256 0.000122202604356358
1513.16064453125 1.00010297223482 0.0001221755153931839
1513.1814575195312 0.9996993984053637 0.0001221810166740922
1513.2023315429688 1.000302933503974 0.0001221466574629424
1513.22314453125 1.0001255723116969 0.0001222188251656984
1513.2439575195312 0.9995652945561 0.0001221824634773884
1513.2648315429688 1.0001934582372898 0.00012222579939298
1513.28564453125 0.9995163129420724 0.00012220837632652474
1513.3064575195312 1.0006024501666777 0.0001222358487487517
1513.3273315429688 0.9999624066363334 0.0001221901848990356
1513.34814453125 1.0001597462643093 0.00012223425822431268
1513.3689575195312 0.9997033072362549 0.00012219566981673552
1513.3898315429688 0.9999845018563961 0.0001222715684364076
1513.41064453125 1.0000752944486613 0.00012224292129919966
1513.4314575195312 0.999972013670802 0.00012230477632304797
1513.4523315429688 1.0001346410863423 0.00012223322089648228
1513.47314453125 0.9997131343343757 0.0001222701402513005
1513.4939575195312 0.9998250573653052 0.00012221249896978467
1513.5148315429688 1.0004291371530232 0.00012226760507675052
1513.53564453125 0.9999983771114587 0.00012218930937635576
1513.5564575195312 1.0000629166128006 0.00012223030242759816
1513.5773315429688 0.9995169588977618 0.00012221488122640323
1513.59814453125 1.0003744922378157 0.0001222580343017977
1513.6189575195312 1.0003452073989658 0.00012218119168318453
1513.6398315429688 0.9996341881137663 0.0001222515872525121
1513.66064453125 0.9998619416459128 0.00012220323945656645
1513.6814575195312 0.9999165929840861 0.00012224497941868093
1513.7023315429688 1.0000055982806773 0.00012219777767517425
1513.72314453125 1.000366578851378 0.00012224236994756572
1513.7439575195312 0.9996662681710099 0.00012217800624212966
1513.7648315429688 1.0003115259720508 0.00012224148385232936
1513.78564453125 0.9999024899736577 0.00012217949763132778
1513.8064575195312 1.0000283131195793 0.00012222828230319254
1513.8273315429688 0.9996425262870043 0.00012214314816682442
1513.84814453125 1.0004884731747834 0.00012223150629031253
1513.8689575195312 0.999702116845402 0.00012215974657145813
1513.8898315429688 0.9999224098494979 0.0001222188115276146
1513.91064453125 1.0002971959929863 0.00012219516078683458
1513.9314575195312 0.9996058089537448 0.00012223950392582975
1513.9523315429688 1.0005035399544764 0.00012219113706915186
1513.97314453125 0.9998780413912535 0.00012224929499361043
1513.9939575195312 0.9999088815915247 0.00012218429235338568
1514.0148315429688 0.9997838817488724 0.00012224584414665806
1514.03564453125 1.0002530967735095 0.00012218926680235574
1514.0564575195312 0.9997422929138502 0.00012224624850931952
1514.0773315429688 1.0002611804283386 0.00012218567838880354
1514.09814453125 0.9999797186029022 0.00012223916274020736
1514.1398315429688 0.9997638507541251 0.00012226313024663686
1514.16064453125 1.0003008437887917 0.00012220403364756534
1514.1814575195312 0.9999247514111804 0.0001222486335657159
1514.2023315429688 0.9997490003627084 0.00012220292301446094
1514.22314453125 1.0003452755610496 0.00012224960572030302
1514.2439575195312 0.9998430811933815 0.00012220188279807854
1514.2648315429688 1.0000131093893714 0.00012225149698323327
1514.28564453125 0.9999853970679091 0.00012223245846893144
1514.3064575195312 1.0002217943012195 0.0001222468863853121
1514.3272705078125 0.9996676893035489 0.00012222714515065566
1514.3480834960938 0.999096673697368 0.0001222401433241209
1514.3689575195312 0.9999738721886409 0.00012221600379379947
1514.3897705078125 1.000067752743799 0.0001223042404648924
1514.4105834960938 1.0002046640157556 0.00012230636317000013
1514.4314575195312 1.0002553921982495 0.00012232036854798494
1514.4522705078125 0.9995007547387977 0.00012226019811288627
1514.4730834960938 1.000172396976976 0.00012231706451880736
1514.4939575195312 0.9995916352179974 0.00012225537516663462
1514.5147705078125 1.0002823745114964 0.00012233674657082002
1514.5355834960938 1.0002018841056306 0.00012228684574223272
1514.5564575195312 1.0002880712750677 0.00012233898095498856
1514.5772705078125 0.9998260520356255 0.0001222634438280385
1514.5980834960938 0.9998739717014149 0.00012231111636281278
1514.6189575195312 0.9999034176978601 0.0001222659539747385
1514.6397705078125 1.0006728467777377 0.00012233472477781964
1514.6605834960938 0.9998148499767294 0.00012228442369272789
1514.6814575195312 1.0000078732118345 0.000122292710876958
1514.7022705078125 1.0005669047010057 0.00012230892161950959
1514.7230834960938 0.9998866821387433 0.00012231828168303863
1514.7439575195312 1.0001521131435447 0.00012231728411347
1514.7647705078125 1.0000925091606065 0.00012234769974587583
1514.7855834960938 0.9999822896591133 0.00012225399492407323
1514.8064575195312 0.9996005372160436 0.00012230173603848632
1514.8272705078125 0.9998582625243583 0.00012225330973479089
1514.8480834960938 0.9997664447439965 0.0001222799008888921
1514.8689575195312 1.0003809308322058 0.00012228694356255547
1514.8897705078125 1.0002255419846793 0.0001223052323099547
1514.9105834960938 1.000089637486618 0.00012226276265753585
1514.9314575195312 0.9998255803482811 0.00012228273349067703
1514.9522705078125 0.9994595634810278 0.00012224754497507692
1514.9730834960938 1.0001024898418578 0.00012232188949659416
1514.9939575195312 1.0003705015226958 0.00012228171867128334
1515.0147705078125 1.0003322548729277 0.0001223383619395773
1515.0355834960938 0.9996952973153266 0.00012225472473901164
1515.0564575195312 0.9995819506635673 0.00012230937458218474
1515.0772705078125 1.0000184291814946 0.00012224578287428883
1515.0980834960938 1.000266602166524 0.0001223340935526539
1515.1189575195312 1.0003758714611757 0.00012229569983521739
1515.1397705078125 0.9997787245519427 0.00012231489159188801
1515.1605834960938 0.9998215805448434 0.0001222906103217001
1515.1814575195312 0.9999297850275248 0.00012235578999074975
1515.2022705078125 0.9999857206345955 0.00012230227132935655
1515.2230834960938 1.0001703391886125 0.00012233329701226498
1515.2439575195312 0.9999510298220751 0.00012227951160495638
1515.2647705078125 1.000252653549329 0.00012234786591461066
1515.2855834960938 0.9996798210623367 0.00012228640940777278
1515.3064575195312 0.999738723718968 0.00012233897954312694
1515.3272705078125 1.0003292055408357 0.00012231024425771083
1515.3480834960938 1.000458131463174 0.00012235312789535748
1515.3689575195312 0.9996434701382838 0.00012229524072307222
1515.3897705078125 0.9996724150871825 0.00012235996503742584
1515.4105834960938 1.0001214038851354 0.00012231178602186666
1515.4314575195312 1.000140932570937 0.0001223763973671948
1515.4522705078125 0.9998429693796334 0.00012232428609965714
1515.4730834960938 1.000235761747814 0.0001224117393753753
1515.4939575195312 1.0000417767427343 0.00012232500374285564
1515.5147705078125 0.9999163152519687 0.00012235761210790085
1515.5355834960938 0.9996401424947945 0.00012230022437502506
1515.5564575195312 1.000142000525888 0.00012236641213548324
1515.5772705078125 1.000276014526549 0.00012235954569254974
1515.5980834960938 1.000138008897074 0.00012238551733199368
1515.6189575195312 0.9998763621498477 0.000122359883908373
1515.6397705078125 0.9996861410091391 0.00012239744304149143
1515.6605834960938 1.0002260674716967 0.0001223914336587207
1515.6814575195312 0.9998678533710262 0.00012243022693840937
1515.7022705078125 0.9999862754504372 0.0001223701191338726
1515.7230834960938 1.0000043727742867 0.0001224012026130024
1515.7439575195312 1.0001776182918196 0.0001223975340313597
1515.7647705078125 1.0000022461658404 0.00012237925284935654
1515.7855834960938 0.9998921430787912 0.00012238410571524907
1515.8064575195312 0.9999100920258137 0.00012242887376592707
1515.8272705078125 1.000260671974076 0.00012242255159183708
1515.8480834960938 1.000078387308564 0.0001224501057395569
1515.8689575195312 0.9998869276948505 0.00012241081072145732
1515.8897705078125 0.9994681888048272 0.00012245414185379464
1515.9105834960938 1.0001005203258357 0.0001224038552883749
1515.9314575195312 1.0004391813997653 0.00012246602052721359
1515.9522705078125 1.0000392213363358 0.00012243237352017018
1515.9730834960938 0.999953441837024 0.00012243861278457842
1515.9939575195312 0.9996650788322535 0.00012242476739964808
1516.0147705078125 1.0001761960354152 0.00012242418051873626
1516.0355834960938 1.000030075828316 0.00012248906880279068
1516.0564575195312 1.0000386167686799 0.0001224729662094802
1516.0772705078125 0.9999669949424557 0.00012255330075047443
