time flux flux_err
1653.9522705078125 0.99972788420356 0.0001953128410501765
1653.9730834960938 1.0002301058014005 0.00019525557296266676
1653.9939575195312 1.0000643380493432 0.00019532183268781368
1654.0147705078125 1.0002420304074031 0.00019532702477232056
1654.0355834960938 0.9999578893138806 0.0001952290971389485
1654.0564575195312 1.0000226433622676 0.0001956079567250679
1654.0772705078125 0.9996376217638379 0.00019569583355389514
1654.0980834960938 0.9998099876163549 0.00019625233018994733
1654.1189575195312 1.0000680027895257 0.000197138425701718
1654.1397705078125 1.000628558144556 0.00019850418871122528
1654.1605834960938 1.000035839034882 0.00019981798922958188
1654.1814575195312 0.9991223649610013 0.00020104308333242354
1654.2022705078125 1.0002886830655937 0.0002021761588774664
1654.2230834960938 1.000226488706294 0.00020384802710953892
1654.2439575195312 1.0007248451645143 0.00020577492325324974
1654.2647705078125 0.9986922668833599 0.0002073212749818432
1654.2855834960938 1.000054299420372 0.0002089094766120607
1654.3064575195312 0.9992391550888855 0.00021047484901158718
1654.3272705078125 1.0000033700186202 0.00021193060282926127
1654.3480834960938 0.9993663122954399 0.00021283846878625544
1654.3689575195312 1.0005919502651195 0.0002140033148036285
1654.3897705078125 1.0004179984800061 0.00021531098931648702
1654.4105834960938 0.9996354798673361 0.00021606611499712727
1654.4314575195312 0.9998628845716951 0.00021695251841326614
1654.4522705078125 1.0004752907160188 0.00021759120860830687
1654.4730834960938 0.9997268634213744 0.00021816695275446305
1654.4939575195312 0.9990678686314859 0.00021895572666490287
1654.5355834960938 1.000250430024289 0.00022097979913063197
1654.5564575195312 1.0009877130368554 0.0002217750775538517
1654.5772705078125 0.9997628322324905 0.00022261939999648715
1654.5980834960938 1.0000018404583413 0.0002235032153217251
1654.6189575195312 0.999789073363782 0.00022385006378003455
1654.6397705078125 0.9999649645208852 0.00022405473349564173
1654.6605834960938 1.0000024376070278 0.0002242677665006934
1654.6814575195312 0.9999561181221909 0.00022427280597883274
1654.7022705078125 0.9998177117174863 0.00022433528027490657
1654.7230834960938 1.0000861187120065 0.00022441395943100062
1654.7439575195312 1.000016948157294 0.00022482893401372104
1654.7647705078125 1.0012897669375365 0.00022492099743702803
1654.7855834960938 1.0007802543292013 0.00022510164001935822
1654.8064575195312 1.0023322593748587 0.00022504607115854345
1654.8272705078125 1.0019339756596832 0.00022489549915266763
1654.8480834960938 1.0000599515862176 0.00022453165788442303
1654.8689575195312 1.0001599707551434 0.00022397772111341335
1654.8897705078125 0.9991906502593509 0.00022338212982804116
1654.9105834960938 0.9992293881866383 0.0002227523730199383
1654.9314575195312 1.0003378457092467 0.00022203688364515366
1654.9522705078125 1.000453917130286 0.00022144815601054987
1654.9730834960938 1.0005361754474902 0.00022096371143707165
1654.9939575195312 0.999463157878117 0.00022054959134386703
1655.0147705078125 1.000029473756928 0.00022054912920396248
1655.0355834960938 1.0001859614992457 0.0002204779479462276
1655.0564575195312 0.9992600630401512 0.0002207285030371046
1655.0772705078125 1.0004117888346042 0.0002209319443733898
1655.0980834960938 0.999934493869832 0.00022091603403768533
1655.1189575195312 1.000149298010447 0.00022105063143691792
1655.1397705078125 1.0002112405848709 0.00022108045102432224
1655.1605834960938 0.9998033380073144 0.00022098338245607818
1655.1814575195312 0.9998682294193028 0.00022081874841030791
1655.2022705078125 1.0002236560785704 0.00022045157471053094
1655.2230834960938 1.0002225856510416 0.00022026523453727475
1655.2439575195312 1.0003122937911815 0.00021985575687858555
1655.2647705078125 0.9992916394871129 0.00021959667253486123
1655.2855834960938 0.9993757954835165 0.00021913467880618648
1655.3064575195312 1.0007677824814016 0.00021878079634046714
1655.3272705078125 1.000287115223427 0.0002183694688250393
1655.3480834960938 0.9995479497245243 0.00021801738840142128
1655.3689575195312 1.0005095923047596 0.00021809667244992702
1655.3897705078125 0.9994593216828737 0.00021771772602176867
1655.4105834960938 1.0010235216701833 0.00021769753099183298
1655.4314575195312 0.9986671122056086 0.00021761314479196977
1655.4522705078125 1.0002079792085352 0.00021772039056482624
1655.4730834960938 0.9997731836661418 0.00021774677562581485
1655.4939575195312 0.9996526384664186 0.00021813424710641534
1655.5147705078125 1.0002648703871613 0.0002180579416731188
1655.5355834960938 1.0002888128007095 0.00021828845566133643
1655.5564575195312 1.000379512586714 0.00021863631824667692
1655.5772705078125 0.9998040918523067 0.0002187502945438605
1655.5980834960938 0.9996307536539475 0.00021879957252456328
1655.6189575195312 1.000188154588966 0.0002189130979334298
1655.6397705078125 0.9996565804602784 0.00021860695549297797
1655.6605834960938 1.0004865380329657 0.00021845510535962247
1655.6814575195312 0.9998828124380903 0.00021810633628000165
1655.7022705078125 1.0003434160941995 0.00021800719768463156
1655.7230834960938 0.9993954473463714 0.0002180000767230263
1655.7439575195312 0.9999170267323583 0.00021757549887833205
1655.7647705078125 0.9996495926996944 0.0002176237462028463
1655.7855834960938 1.0009999618311654 0.0002173800980076487
1655.8064575195312 1.0002661499804253 0.0002171495249858138
1655.8272705078125 0.9995527730000016 0.00021689807157959282
1655.8480834960938 0.9994599638544872 0.00021662772210597273
1655.8689575195312 0.9997503495527272 0.00021620676036116212
1655.8897705078125 1.0009857961221724 0.00021574417788558747
1655.9105834960938 0.9998314579275686 0.00021528484077346826
1655.9314575195312 0.9998909570735052 0.00021459817413491637
1655.9522705078125 0.9995862924193368 0.00021393415759412952
1655.9730834960938 1.0004345878575849 0.00021345268398910823
1655.9939575195312 0.9996665576218557 0.00021280752952362766
1656.0147705078125 0.9999228555388947 0.00021242596435822435
1656.0355834960938 1.0005730097344958 0.000212317643244576
1656.0564575195312 1.0000346413015884 0.00021198932432699177
1656.0772705078125 0.9997409202627425 0.0002117283073322301
1656.0980834960938 0.9991181954247512 0.00021163720953307316
1656.1189575195312 0.9998455546993614 0.00021174551115202492
1656.1397705078125 0.9991524314628302 0.00021168283285249195
1656.1605834960938 0.9993297365393456 0.00021166227559640127
1656.1814575195312 0.9997631037741902 0.00021159298051986078
1656.2022705078125 1.000456875796824 0.0002114850288243722
1656.2230834960938 1.0002360644662742 0.00021122881620354184
1656.2439575195312 0.9997594964395856 0.00021105571709217457
1656.2647705078125 0.9994950164463056 0.0002107761313140716
1656.2855834960938 0.9999375117635162 0.00021029200361687055
1656.3064575195312 0.9997649175726244 0.00020975625361168454
1656.3272705078125 1.0016829555213995 0.00020921307276848013
1656.3480834960938 1.0005320235181259 0.00020882094562475338
1656.3689575195312 1.0003027808855707 0.00020871987203367385
1656.3897705078125 0.9998788217583687 0.00020816364344108826
1656.4105834960938 1.0001336937210825 0.00020823350188220414
1656.4314575195312 0.9994794224051952 0.00020808192636113574
1656.4522705078125 0.9998206509904043 0.0002080092806147902
1656.4730834960938 0.9999412084385324 0.0002080620812808098
1656.4939575195312 1.0004248083142913 0.00020829570503567798
1656.5147705078125 1.0003660313810736 0.00020849262304138978
1656.5355834960938 0.9999144198161671 0.00020876753880602367
1656.5564575195312 0.999789699391244 0.00020916124845150215
1656.5772705078125 0.999902073867474 0.0002093703029649414
1656.5980834960938 0.9997864880695856 0.00020962006668046162
1656.6189575195312 1.0001063650557112 0.00020982971057392078
1656.6397705078125 1.0000323398489566 0.00020974037311140417
1656.6605834960938 0.9984500641053841 0.00020993659657704027
1656.6814575195312 1.0000994594002035 0.00020950892519347087
1656.7022705078125 0.999783605605453 0.00020930678386293577
1656.7230834960938 1.0006048235711358 0.00020923408250393197
1656.7439575195312 0.9998150179067535 0.0002094596274564885
1656.7647705078125 0.9996022603198848 0.00020921895785061027
1656.7855834960938 1.0003593796714942 0.0002092591303511067
1656.8064575195312 0.9997992917326862 0.00020905385333311378
1656.8272705078125 0.999887965005159 0.00020898075768744354
1656.8480834960938 0.9999282246166148 0.0002088973145692925
1656.8689575195312 1.0000891107188967 0.0002086792531041314
1656.8897705078125 1.0002167451251502 0.000208430909291158
1656.9105834960938 1.0004179525665426 0.00020809770641738387
1656.9314575195312 0.9993136992286905 0.00020787846529380364
1656.9522705078125 0.9998440079321711 0.00020723720277312013
1656.9730834960938 1.0001248793274358 0.00020676466697914557
1656.9939575195312 1.0004245880251306 0.00020653007516015833
1657.0147705078125 0.9998613820623757 0.00020626320390847595
1657.0355834960938 0.9996756380690075 0.00020572035890508678
1657.0564575195312 1.0007110923861593 0.0002056943060658226
1657.0772705078125 0.9995286205804682 0.0002055238739274431
1657.0980834960938 0.9994376880538492 0.0002054115634738562
1657.1189575195312 1.0006597727454942 0.0002054716179360505
1657.1397705078125 1.0001624764846866 0.0002055858361783604
1657.1605834960938 1.0000413815856 0.0002056186584378273
1657.1814575195312 0.9994386733445842 0.000205794806423078
1657.2022705078125 1.0001996313387866 0.00020575405622404633
1657.2230834960938 1.0000248946058363 0.000205705464582723
1657.2439575195312 1.0002630248147935 0.00020554209953517377
1657.2647705078125 0.9995390750483174 0.00020541968958683174
1657.2855834960938 1.0000979240680128 0.00020532192067537817
1657.3064575195312 1.0001077087403245 0.00020466555305137773
1657.3272705078125 1.0002162041635625 0.00020440905705661552
1657.3689575195312 0.9994680345586204 0.00020396185201484155
1657.3897705078125 1.000708445936704 0.000203522740848983
1657.4105834960938 0.9996553232029944 0.00020339683107215345
1657.4314575195312 1.0000771700350264 0.00020353753458054894
1657.4522705078125 0.9997005352115748 0.00020339359205471795
1657.4730834960938 1.000605087357504 0.00020354708517968624
1657.4939575195312 0.999337150877169 0.00020352319961323178
1657.5147705078125 1.0001529071957027 0.0002039216603402746
1657.5355834960938 0.9998473798737929 0.00020408863496657794
1657.5564575195312 1.0004515679777235 0.00020431682435514286
1657.5772705078125 1.0000491456821474 0.0002046951112218526
1657.5980834960938 1.0000348895052351 0.00020501770098986185
1657.6189575195312 0.9995135243806355 0.00020483500826987857
1657.6397705078125 1.0000345993160489 0.00020484821465792424
1657.6605834960938 1.0003580917081898 0.00020488877276906566
1657.6814575195312 0.999832651821894 0.0002047617618400065
1657.7022705078125 0.9994997831821435 0.00020477835058795162
1657.7230834960938 1.0001705138150017 0.000204734873274439
1657.7439575195312 1.000506647410167 0.00020429756365663717
1657.7647705078125 1.0002124468408937 0.0002043162297776877
1657.7855834960938 0.9999274086268658 0.00020435709431616003
1657.8064575195312 0.9997117883145803 0.00020419397004103982
1657.8272705078125 0.9998297649098203 0.0002043486771248344
1657.8480834960938 0.9997024091882202 0.0002041214753052202
1657.8689575195312 1.0007631015561889 0.0002041926906562321
1657.8897705078125 0.9992459083869774 0.0002039595263634852
1657.9105834960938 1.0005755566434968 0.000203695274193687
1657.9314575195312 0.9999693470310391 0.00020354434658070823
1657.9522705078125 0.9997709234788051 0.00020328235930068897
1657.9730834960938 0.9999839559085253 0.00020291959945596935
1657.9939575195312 1.0002467995414304 0.00020267967093224066
1658.0147705078125 0.9999604405866251 0.00020255154657739744
1658.0355834960938 1.0002515092243536 0.00020230295780286476
1658.0564575195312 0.999258257882996 0.00020218755996981462
1658.0772705078125 0.9998529418301867 0.00020226034437843381
1658.0980834960938 1.00078285114526 0.00020215113960232674
1658.1189575195312 0.9995392053820137 0.00020215002045972263
1658.1397705078125 1.0006913289541441 0.000202223992962429
1658.1605834960938 0.9999092392056473 0.0002023654563976647
1658.1814575195312 0.999640265628699 0.00020240651717934416
1658.2022705078125 0.9996199676236677 0.00020264884708789027
1658.2230834960938 1.0004047393583009 0.00020264899208653322
1658.2439575195312 1.0000208621881734 0.00020286252030932205
1658.2647705078125 1.0002516663161742 0.00020264838843015045
1658.2855834960938 0.9994372736808792 0.0002024217120516558
1658.3064575195312 1.0002428137899972 0.00020218252644713444
1658.3272705078125 0.9988935219708815 0.00020193486671068645
1658.3480834960938 0.9996402301041788 0.000201728378986445
1658.3689575195312 0.9991076604865688 0.00020135522238885176
1658.3897705078125 0.9996824133683329 0.0002012262516163335
1658.4105834960938 1.0003089553630475 0.00020140159969351905
1658.4314575195312 0.999631743763476 0.0002011790308241692
1658.4522705078125 0.9996554785013216 0.00020092688856429377
1658.4730834960938 1.0002824170166023 0.00020093511377052004
1658.4939575195312 1.00028246213254 0.00020110925486787126
1658.5147705078125 1.000105754775593 0.00020103587051097688
1658.5355834960938 0.9996133179608447 0.00020129631110913726
1658.5564575195312 0.9999242761852962 0.00020152782192717463
1658.5772705078125 1.0003073877250488 0.0002016295067491161
1658.5980834960938 1.0000502265200442 0.0002019163790378522
1658.6189575195312 0.9996759169631441 0.00020204753460197433
1658.6397705078125 1.0000728595324748 0.00020195896520804662
1658.6605834960938 0.9995889734446972 0.0002018495651015097
1658.6814575195312 1.0004286794808939 0.0002018708506115599
1658.7022705078125 1.0003261655188114 0.00020176279324253635
1658.7230834960938 1.00001034524067 0.00020155648391011617
1658.7439575195312 0.9998242935808959 0.00020163695711851212
1658.7647705078125 0.9996826400779225 0.0002016020744875658
1658.7855834960938 1.0001014280575602 0.00020183225565556496
1658.8064575195312 0.9998705944702565 0.00020151100311039844
1658.8272705078125 1.0001872109181456 0.00020179178692916882
1658.8480834960938 0.9999455063545737 0.00020158470545768734
1658.8689575195312 1.0000900547716618 0.00020148279513382584
1658.8897705078125 1.0001198426482811 0.0002015168998057033
1658.9105834960938 1.0002350097667876 0.00020133114772854458
1658.9314575195312 0.9995974865391806 0.00020114669307509116
1658.9522705078125 0.9996929043195834 0.00020090882091047818
1658.9730834960938 1.000229692464206 0.0002009108906321395
1658.9939575195312 1.0001761879227595 0.00020086796590513411
1659.0147705078125 1.0001800122158915 0.00020035066821680786
1659.0355834960938 0.9995148364206988 0.00020031039616800724
1659.0564575195312 1.0002455043591578 0.0002001161389145145
1659.0772705078125 1.0003557575786526 0.0002001821586660902
1659.0980834960938 0.9997471627839638 0.00020009941507328902
1659.1189575195312 0.9997579343473533 0.00020000604504579424
1659.1397705078125 0.9997578992657336 0.00020010905070353937
1659.1605834960938 1.000389035024933 0.00020008132750048196
1659.1814575195312 1.0002911111554778 0.00020036336231756322
1659.2022705078125 0.9995342211277058 0.0002001662297076094
1659.2230834960938 1.0000242081414747 0.00020018139762382047
1659.2439575195312 1.0003618363014029 0.00020020257159768012
1659.2647705078125 0.999653342691556 0.00020017168513686705
1659.2855834960938 1.0001319798891817 0.00019997347165177294
1659.3064575195312 0.9999320418711967 0.00019992848515073427
1659.3272705078125 1.000208118279593 0.00019981032409672098
1659.3480834960938 1.0000635913773788 0.00019975497745285868
1659.3689575195312 0.9997758156996117 0.00019970965502176882
1659.3897705078125 1.0001183130306082 0.0001995292387502978
1659.4105834960938 0.9996249353342057 0.0001994468794560552
1659.4314575195312 0.9997992673875268 0.0001991783113008236
1659.4522705078125 1.0003754576692439 0.00019931745293957966
1659.4730834960938 1.0003352531155496 0.00019931259520975035
1659.4939575195312 1.0005875914950435 0.00019945348606917622
1659.5147705078125 0.9993011379248462 0.00019943561349138438
1659.5355834960938 0.9992580477369896 0.0001996443879900566
1659.5564575195312 1.0003746761579742 0.00019966232743747384
1659.5772705078125 1.0001997911366263 0.00019968591535373612
1659.5980834960938 1.0002984804982284 0.00019980253423903933
1659.6189575195312 0.9997302844095205 0.00019981780726825038
1659.6397705078125 0.9998684387467482 0.00019993134209782967
1659.6605834960938 1.000258960590727 0.00020003861323965452
1659.6814575195312 0.999976345834412 0.0002000162185110998
1659.7022705078125 1.0000577146496246 0.0002000073420916595
1659.7230834960938 0.9999302290269696 0.00019983992918047645
1659.7439575195312 0.9995642107029712 0.0002000259837698161
1659.7647705078125 1.000024237527716 0.0002000392530419553
1659.7855834960938 1.0003853303488475 0.00019977816244004474
1659.8064575195312 1.0002516481733181 0.00019995126593461496
1659.8272705078125 0.999963114173128 0.00019984461697495135
1659.8480834960938 0.9995685317614713 0.00019983730060897547
1659.8689575195312 1.0001283995199424 0.00020000971602568564
1659.8897705078125 0.999901510677133 0.00020003721442934724
1659.9105834960938 1.0001841480207838 0.00020002906947329792
1659.9314575195312 0.9999955331500445 0.00019967105322262805
1659.9522705078125 0.9999392487460116 0.0001996619940760062
1659.9730834960938 0.9998986983982251 0.0001993874451033308
1659.9939575195312 1.000525358299923 0.0001991655252621455
1660.0147705078125 0.9993618652763788 0.00019893997978008007
1660.0355834960938 1.0001313342682672 0.0001988907172290613
1660.0564575195312 1.0000044817520461 0.0001986581729952863
1660.0772705078125 1.0003035917624503 0.0001988030615413188
1660.0980834960938 0.9997465641569488 0.00019848055478917446
1660.1189575195312 0.9996273310889197 0.00019829938650950575
1660.1397705078125 1.0005194544930258 0.00019833995177476638
1660.1605834960938 1.000304122066882 0.00019875682912248307
1660.1814575195312 0.9996253212263205 0.00019829318916613146
1660.2022705078125 0.9997565132559377 0.00019832404851053337
1660.2230834960938 0.9998625577051093 0.0001984870140922131
1660.2439575195312 1.0004976703472528 0.00019837930439849954
1660.2647705078125 1.000479139722113 0.00019871710224050496
1660.2855834960938 0.9992778012474182 0.00019836390497580622
1660.3064575195312 0.9996471554076497 0.0001984425431565144
1660.3272705078125 1.0005625813217476 0.00019835789935531757
1660.3480834960938 0.9998292089339564 0.00019832708123906242
1660.3689575195312 1.0000601852070423 0.00019808918164385486
1660.3897705078125 0.9999046058952488 0.00019814548534796418
1660.4105834960938 1.0000250545162552 0.00019788257542117057
1660.4314575195312 0.9999029503542446 0.00019796026839712035
1660.4522705078125 1.0007761164335969 0.00019814108665414543
1660.4730834960938 0.9996626475005311 0.00019794257346149267
1660.4939575195312 0.9996032219988937 0.0001981067737697631
1660.5147705078125 0.999421125975591 0.0001982120936144197
1660.5355834960938 1.0005956670056286 0.00019829819383165943
1660.5564575195312 0.999331116744996 0.0001984150091592137
1660.5772705078125 0.9995207811113239 0.00019847749963245397
1660.5980834960938 0.999678941080097 0.00019898110280126686
1660.6189575195312 0.9994544002043088 0.00019881539407586127
1660.6397705078125 0.9999723607155924 0.00019892188259775033
1660.6605834960938 1.0004073685319654 0.00019920669739454552
1660.6814575195312 0.9995771523072865 0.00019920227266182405
1660.7022705078125 0.9997850089874621 0.00019921379724383248
1660.7439575195312 1.0003329311613784 0.0001991973393346387
1660.7647705078125 0.9996834462302945 0.000199361076895733
1660.7855834960938 1.000109491563073 0.0001990613812997596
1660.8064575195312 0.9999071886529702 0.0001991085358645226
1660.8272705078125 0.999695030747635 0.00019919563533218987
1660.8480834960938 1.0006363517126502 0.00019921056530174805
1660.8689575195312 0.9999358287461867 0.00019920595767112213
1660.8897705078125 1.0001026812131182 0.00019931892356701516
1660.9105834960938 0.9994537513033492 0.0001991900295775719
1660.9314575195312 1.0005186042114222 0.0001991403621824462
1660.9522705078125 1.0001710929277994 0.00019916422206856595
1660.9730834960938 0.9996443000164773 0.00019886443610155714
1660.9939575195312 0.9999660228716235 0.00019865989932609527
1661.0147705078125 0.9995500159963484 0.0001985519825587041
1661.0355834960938 1.000360018444365 0.0001986515523215113
1661.0564575195312 1.0001494534530486 0.00019835944883169932
1661.0772705078125 0.9998915558569904 0.00019839410298140898
1661.0980834960938 1.0000625918254538 0.00019835576469970587
1661.1189575195312 1.0003418879058406 0.0001980797037279941
1661.1397705078125 0.9995843517203682 0.0001979806378275727
1661.1605834960938 0.9999123106737111 0.00019813897864117623
1661.1814575195312 0.9999156407544169 0.00019823261997879617
1661.2022705078125 1.0005284051705385 0.00019824320305062538
1661.2230834960938 1.000095557705946 0.00019839436546850326
1661.2439575195312 0.9996621123416678 0.0001982772267613325
1661.2647705078125 0.9996168492855652 0.00019821158042701708
1661.2855834960938 1.000125268754665 0.0001981519034347986
1661.3064575195312 1.0002968419587441 0.00019810931945046125
1661.3272705078125 1.0001222556653566 0.00019800601380543003
1661.3480834960938 0.9997654620234459 0.00019808588533972682
1661.3689575195312 0.9997973225665125 0.00019799570263035084
1661.3897705078125 1.0001021350481376 0.00019774071775265778
1661.4105834960938 1.0002775927317231 0.000197800336000501
1661.4314575195312 0.9998184584216379 0.00019764294559599242
1661.4522705078125 1.000375547227357 0.00019759674366005674
1661.4730834960938 0.9996020382889866 0.0001976322681315402
1661.4939575195312 0.9999037673398093 0.0001977359681380877
1661.5147705078125 1.000366832460919 0.0001980407644794418
1661.5355834960938 0.9995498113075226 0.00019807427393567296
1661.5564575195312 1.000108440902749 0.0001981638838318987
1661.5772705078125 1.0000077629942858 0.0001983498733376913
1661.5980834960938 1.0001001859389254 0.00019860465370909866
1661.6189575195312 1.0004455037568487 0.00019866724227030107
1661.6397705078125 0.9996340029548312 0.00019882102527026614
1661.6605834960938 0.9999624659531423 0.0001989750369192079
1661.6814575195312 0.9997665480314928 0.00019899258878613128
1661.7022705078125 1.0002411853393722 0.00019899293561914284
1661.7230834960938 1.000042724190901 0.0001990969954278517
1661.7439575195312 0.9997931395219527 0.0001991156588051502
1661.7647705078125 0.9998386546612649 0.00019893254054830018
1661.7855834960938 1.000273134347983 0.0001989735187295594
1661.8064575195312 1.0003548360312255 0.00019893874987771454
1661.8272705078125 0.999772107766242 0.00019886344937781493
1661.8480834960938 0.9998021704503371 0.00019900200944414275
1661.8689575195312 1.0001224878375081 0.000199006842409743
1661.8897705078125 1.000042045736739 0.00019914068043249333
1661.9105834960938 1.000017322002937 0.00019901400231213
1661.9314575195312 0.9996633044679555 0.00019902436304793192
1661.9522705078125 1.0002093137006405 0.00019888030816802858
1661.9730834960938 0.9999551268251015 0.00019878835697845185
1661.9939575195312 1.0003490310178271 0.00019866903141519
1662.0147705078125 0.999898600465728 0.00019859094145939317
1662.0355834960938 0.9995818466193108 0.00019814654871446968
1662.0564575195312 1.000040548514152 0.00019794809824507363
1662.0772705078125 1.0000923581213423 0.00019818919156764658
1662.0980834960938 1.0001775041833 0.0001977712183218124
1662.1189575195312 1.0003118405808005 0.00019767216204647251
1662.1397705078125 0.9997640230596516 0.000197412580817718
1662.1605834960938 0.9997653434218088 0.00019752563845764145
1662.1814575195312 0.9999581756054735 0.00019737674192157683
1662.2022705078125 1.0002551228494132 0.0001973455302263526
1662.2230834960938 0.9996982344984363 0.00019733424993821394
1662.2439575195312 0.9999624502524839 0.0001973024557675712
1662.2647705078125 1.0002941772686775 0.00019734959258736954
1662.2855834960938 1.000357421246864 0.00019716681521127623
1662.3064575195312 0.9994883892437285 0.00019711984298757367
1662.3272705078125 1.0000197666142345 0.00019701646420054427
1662.3480834960938 1.000126912231488 0.00019702536753979166
1662.3689575195312 0.9999649277743511 0.00019680403187485922
1662.3897705078125 0.9996652337464949 0.00019676725808554256
1662.4105834960938 1.0002120952485756 0.00019659575944946936
1662.4314575195312 1.0004524184877805 0.00019642841947378664
1662.4522705078125 0.9998042191592589 0.00019655431674170493
1662.4730834960938 0.9996473322922168 0.0001962165136695509
1662.4939575195312 1.0000623753751288 0.00019634004270322643
1662.5147705078125 1.000103627236894 0.00019637354978086437
1662.5355834960938 1.000148039324073 0.0001967075683085279
1662.5564575195312 1.0001624056441514 0.000196546881055061
1662.5772705078125 0.9996813137855812 0.00019690588108586468
1662.5980834960938 0.9998082746189876 0.00019684511597954776
1662.6189575195312 0.9999286638550717 0.00019724060359748553
1662.6397705078125 1.0002702732331197 0.00019712990105378117
1662.6605834960938 1.0002868513577217 0.00019715214495074439
1662.6814575195312 0.9998610798509255 0.0001971956853245308
1662.7022705078125 0.9999988569011423 0.0001973531230325659
1662.7230834960938 0.9996949739505033 0.00019717126726524924
1662.7439575195312 1.0006097490256873 0.00019735096181183433
1662.7647705078125 0.9996755429008787 0.00019736049777381896
1662.7855834960938 1.0001269044909902 0.0001972510483887658
1662.8064575195312 0.9998564507301908 0.00019719676814568921
1662.8272705078125 1.0000692749671127 0.0001972144285861829
1662.8480834960938 0.9994129595383484 0.00019711785295950957
1662.8689575195312 1.0001288095420762 0.0001972278558143225
1662.8897705078125 0.9997451378208068 0.00019709107665069533
1662.9105834960938 1.0003326281661618 0.00019705588080819858
1662.9314575195312 0.9996572032356659 0.00019713817607915844
1662.9522705078125 0.9997703395282898 0.00019704633503381803
1662.9730834960938 1.0004366720654938 0.0001967989982541199
1662.9939575195312 1.0003082638506244 0.0001967245581154696
1663.0147705078125 0.9996765668316524 0.00019667032630147333
1663.0355834960938 0.9999553578589128 0.00019645953277959395
1663.0564575195312 0.9999578445735975 0.00019635942551207063
1663.0772705078125 0.999607250527533 0.00019623184538104663
1663.0980834960938 1.0001595783614043 0.0001959877817244818
1663.1189575195312 1.0005437464117601 0.000196026932373582
1663.1397705078125 0.9997805756407394 0.00019584964008658923
1663.1605834960938 1.0001407020557318 0.00019580659915087057
1663.1814575195312 0.9994826789717652 0.00019593376944430647
1663.2022705078125 1.0002653553004315 0.0001959501427691783
1663.2230834960938 1.0002471319198891 0.00019579933508262476
1663.2439575195312 0.9999388084005719 0.00019595486171491893
1663.2647705078125 0.9997340820024606 0.0001958738167009883
1663.2855834960938 0.999414324627645 0.00019575911079481868
1663.3064575195312 1.0004700663468435 0.00019577763318113367
1663.3272705078125 1.000760229031631 0.0001956605162790805
1663.3480834960938 1.0000756542658835 0.00019548681822676852
1663.3689575195312 0.9993578216158018 0.000195576106990578
1663.3897705078125 0.9998117395913588 0.0001954055307134872
1663.4105834960938 0.9998896598126893 0.00019538898401506895
1663.4314575195312 1.0005768074635868 0.00019536463622105146
1663.4522705078125 0.9997157798503318 0.00019518585028924478
1663.4730834960938 0.9998996931135998 0.00019508506279625765
1663.4939575195312 0.9999441560733114 0.0001952570770760335
1663.5147705078125 1.0002942236082653 0.00019517410150050852
1663.5355834960938 1.0001879910842892 0.00019527773295952242
1663.5564575195312 0.9997630056173832 0.00019528055293412575
1663.5772705078125 0.9996801400514664 0.00019537379717774354
1663.5980834960938 1.0001823971402952 0.0001955848012317598
1663.6189575195312 1.0002007652857903 0.00019563079600754563
1663.6397705078125 1.0003277351899642 0.00019566071835373628
1663.6605834960938 0.9993790634346622 0.0001960315817968819
1663.6814575195312 0.9997128606881439 0.00019593018593325138
1663.7022705078125 1.0004638431855477 0.00019589223640817166
1663.7230834960938 0.9999017815706224 0.00019593100310743986
1663.7439575195312 1.0000921742295246 0.00019616680919079145
1663.7647705078125 1.0006228841364717 0.0001959336687499933
1663.7855834960938 0.9994231468788196 0.0001958022343539109
1663.8064575195312 0.9999789727822219 0.00019575511395822357
1663.8272705078125 0.9996364194784729 0.0001956897319140678
1663.8480834960938 0.9999780619758611 0.00019577962616095212
1663.8689575195312 1.000395258739572 0.00019594659577525323
1663.8897705078125 1.0001601937925604 0.00019598785238343882
1663.9105834960938 0.9999267575336274 0.00019556888102814713
1663.9314575195312 0.9998446953529538 0.00019547547746765503
1663.9522705078125 1.0000688265249016 0.00019549967584419018
1663.9730834960938 1.0001310408986477 0.0001954074601386856
1663.9939575195312 0.9999392119542083 0.00019526885600510752
1664.0147705078125 0.9998720319176637 0.00019512324749505015
1664.0355834960938 0.9998511106730856 0.00019496925260141529
1664.0564575195312 1.0002605802629931 0.00019508876311390903
1664.0772705078125 0.9995695852791224 0.00019474764368297094
1664.1189575195312 1.0000822106537193 0.00019454608101686114
1664.1397705078125 1.0006748681341675 0.00019453713978791266
1664.1605834960938 0.9997377856210418 0.00019459862865865257
1664.1814575195312 0.9995946589581792 0.00019441480446168852
1664.2022705078125 1.0003599740306517 0.00019447915215106316
1664.2230834960938 0.9998031960010043 0.0001943491110478261
1664.2439575195312 1.0001439314108558 0.00019445949946853128
1664.2647705078125 0.9999333707120542 0.00019432043324146418
1664.2855834960938 1.0000678538999985 0.0001943898785573413
1664.3064575195312 1.000220349460097 0.00019433554162360254
1664.3272705078125 0.9999859219425175 0.00019434121722057356
1664.3480834960938 0.999633243896365 0.0001943958957214632
1664.3689575195312 0.9995083028639103 0.00019411912622713611
1664.3897705078125 1.0006240966183575 0.00019398224947065872
1664.4105834960938 1.0002010717415808 0.0001939446592741698
1664.4314575195312 0.9998564727543249 0.0001939259754803184
1664.4522705078125 0.9998563534927815 0.00019371873426759058
1664.4730834960938 0.999805191557161 0.0001934902812004178
1664.4939575195312 1.0003051963788592 0.00019341202046827295
1664.5147705078125 1.0000651671243308 0.00019338463848184268
1664.5355834960938 0.9999255773478488 0.0001933823858036461
1664.5564575195312 1.0001678591286571 0.00019347836697278044
1664.5772705078125 0.9998004261258142 0.00019341272086633986
1664.5980834960938 0.9998964268111796 0.00019346075784158499
1664.6189575195312 0.9999433159745905 0.00019329031266777016
1664.6397705078125 1.0000128113902054 0.0001934634330337391
1664.6605834960938 1.000157559969441 0.0001933019724021728
1664.6814575195312 0.9999546094724919 0.00019351719631639856
1664.7022705078125 1.0001509411450473 0.0001935451920380612
1664.7230834960938 0.9999518754627456 0.00019341990727385363
1664.7439575195312 1.0000181217173318 0.00019343024683791228
1664.7647705078125 1.0000536266550846 0.0001932714495135941
1664.7855834960938 0.9995518146460247 0.00019361376738058462
1664.8064575195312 1.0002522347281626 0.00019314450815031842
1664.8272705078125 0.999954818408884 0.0001934657561724081
1664.8480834960938 1.0002546679010536 0.0001932245165368893
1664.8689575195312 1.0000648854808727 0.00019319380796209258
1664.8897705078125 0.9995116949067826 0.00019290059725386494
1664.9105834960938 1.0002126075269853 0.00019307962144653654
1664.9314575195312 0.9999536691281483 0.0001929700101482821
1664.9522705078125 0.9998428184815943 0.00019285602716638474
1664.9730834960938 1.000327976464032 0.00019269662256701418
1664.9939575195312 0.9998772655687013 0.00019265256516171227
1665.0147705078125 0.9998854971392231 0.0001925891164900443
1665.0355834960938 0.9996129704620916 0.00019246118143233685
1665.0564575195312 0.9998260263501684 0.0001923677935039604
1665.0772705078125 0.9999978881676305 0.00019238684273112985
1665.0980834960938 0.9996607472274289 0.0001922554623491118
1665.1189575195312 1.0004119735611896 0.00019221619573607155
1665.1397705078125 0.9997332225883381 0.00019207972141854068
1665.1605834960938 1.000358770753224 0.00019209129887332228
1665.1814575195312 1.0001246035175266 0.00019204723079727288
1665.2022705078125 1.0001770528269354 0.000192068292148329
1665.2230834960938 0.9992630898369973 0.00019203203074918084
1665.2439575195312 1.000845321186995 0.00019205786655362083
1665.2647705078125 0.9998326785803036 0.00019192505900220047
1665.2855834960938 0.9995147116078548 0.0001918712981600166
1665.3689575195312 1.0000845428938678 0.00019197387054696808
1665.3897705078125 0.9997559573439605 0.00019181136519132405
1665.4105834960938 0.9985598111111029 0.00019183432977728124
1665.4314575195312 1.0003030231920866 0.000191843337407248
1665.4522705078125 1.0002321640013336 0.00019186307275633418
1665.4730834960938 1.0000113139771938 0.0001918378826491594
1665.4939575195312 0.9999931440533522 0.0001922645364809799
1665.5147705078125 0.9999733096802066 0.0001919788392677196
1665.5355834960938 1.000135387124928 0.00019191186001438264
1665.5564575195312 0.9999277603603559 0.00019191086354551675
1665.5772705078125 0.9994782676289251 0.00019194588727655635
1665.5980834960938 0.9999070545119612 0.00019180990471783413
1665.6189575195312 1.0001489787920554 0.0001919726626385887
1665.6397705078125 1.0004743394902929 0.0001918362670365802
1665.6605834960938 1.0002637269890202 0.0001917787764832695
1665.6814575195312 0.99954708915309 0.00019186754985633543
1665.7022705078125 0.9997773251285714 0.00019199723084106868
1665.7230834960938 1.0002979215090857 0.00019210855263140984
1665.7439575195312 1.0000256933839937 0.00019188890334167702
1665.7647705078125 0.999745223878791 0.00019193857932189713
1665.7855834960938 1.0000151652488958 0.00019202008910120186
1665.8064575195312 1.0005630305163686 0.00019192469084914176
1665.8272705078125 0.9991443771180059 0.00019206963787297583
1665.8480834960938 1.0006723139483862 0.0001920439406858657
1665.8689575195312 1.0000225825694469 0.00019190917045536226
1665.8897705078125 0.9996137126787251 0.00019199018068233976
1665.9105834960938 0.9999357860956509 0.00019195034936478664
1665.9314575195312 1.000217568756119 0.000191966317505588
1665.9522705078125 1.0001717198847004 0.00019207102956592952
1665.9730834960938 0.9998564443160803 0.00019202356377456974
1665.9939575195312 0.9997484544992503 0.00019192667545014274
1666.0147705078125 1.000021730365924 0.0001921695878935423
1666.0355834960938 1.000218148452986 0.00019202873719316316
1666.0564575195312 0.9997372564290056 0.00019197301645293457
1666.0772705078125 1.0007127004629772 0.00019196951975265327
1666.0980834960938 0.9996378243828741 0.00019195938130693447
1666.1189575195312 0.9997617671160065 0.0001923725095593235
1666.1397705078125 0.9994010848218304 0.00019191032310827475
1666.1605834960938 1.0007985634937984 0.00019211690233958024
1666.1814575195312 1.0002218228419733 0.00019211321918985338
1666.2022705078125 1.0000034730443212 0.00019202116519077218
1666.2230834960938 0.9993981632937418 0.0001921013538254153
1666.2439575195312 1.0002923521812057 0.0001922542434264837
1666.2647705078125 1.0002857931854403 0.00019209921321177
1666.2855834960938 0.9996488725230261 0.00019201240861252167
1666.3064575195312 0.9998198608446646 0.00019198647330565105
1666.3272705078125 0.9997331724228198 0.00019198981863632772
1666.3480834960938 1.0005675291056877 0.000192040919230026
1666.3689575195312 1.000820224014953 0.0001923252309838738
1666.3897705078125 0.9993402823186114 0.00019195013478268415
1666.4105834960938 0.9994546037345418 0.00019212890376843069
1666.4314575195312 0.9997041548326749 0.00019205246722067332
1666.4522705078125 1.000774238431921 0.00019209330045000023
1666.4730834960938 0.9999039756858973 0.00019205302976450876
1666.4939575195312 0.9998748941445316 0.0001920914148329913
1666.5147705078125 1.0002622375772932 0.00019230336024356857
1666.5355834960938 0.9997143262658654 0.00019194782222085887
1666.5564575195312 0.999897674969901 0.00019199844014690463
1666.5772705078125 1.0002012831796931 0.00019210282842404907
1666.5980834960938 1.0002371745416216 0.0001920732883351444
1666.6189575195312 0.9997356115353172 0.00019216406015714311
1666.6397705078125 1.0004287393195466 0.00019203860012958294
1666.6605834960938 0.9993058399571052 0.00019215180943266203
1666.6814575195312 0.9999974842534191 0.00019215486685296941
1666.7022705078125 1.0002053270209263 0.0001922108835872761
1666.7230834960938 1.0002192407078148 0.00019209159757726876
1666.7439575195312 1.0001574768697103 0.00019236719779967078
1666.7647094726562 0.9994523494577467 0.00019200970012537067
1666.7855834960938 0.9999434361769968 0.00019232400647520393
1666.806396484375 1.000243179170338 0.00019200810808679163
1666.8272094726562 1.000263279884795 0.00019231888698775437
1666.8480834960938 1.0002967811929822 0.0001920745046408748
1666.868896484375 0.9992894246656009 0.00019226714159387102
1666.8897094726562 1.0003771844922573 0.0001921534339568585
1666.9105834960938 0.9994166662764118 0.00019231125989577585
1666.931396484375 1.0004943392643542 0.00019216780945293177
1666.9522094726562 1.000181532089972 0.00019219333438542257
1666.9730834960938 0.9995074111367808 0.00019220877262522413
1666.993896484375 1.0004074589002938 0.00019217716648213334
1667.0147094726562 0.999607625678708 0.00019213189970194888
1667.0355834960938 0.9997899657589779 0.00019209424299218152
1667.056396484375 1.0007052783176689 0.0001920699576397332
1667.0772094726562 0.9998832583654162 0.00019215075569044895
1667.0980834960938 1.0000778398163006 0.00019221872933389503
1667.118896484375 0.999994152123443 0.00019224335791747486
1667.1397094726562 0.9994963718964491 0.0001922189612921155
1667.1605834960938 0.9997939507919964 0.00019218811319167544
1667.181396484375 1.0032590208758567 0.0002014126428863331
1667.2022094726562 1.0004430800364097 0.00019226450391498365
1667.2230834960938 0.9999524914023705 0.00019216709449276103
1667.243896484375 0.9992649724150867 0.00019221697949320932
1667.2647094726562 0.9998024436610067 0.00019238584871743232
1667.2855834960938 0.9994061099314487 0.00019211926685319745
1667.306396484375 0.9996018734646903 0.00019212064346440093
1667.3272094726562 0.9997774969893963 0.00019216833542804647
1667.3480834960938 1.0000849904781357 0.0001922774730598913
1667.368896484375 1.000139212431574 0.00019227647977319027
1667.3897094726562 1.00009730551664 0.00019236765877711528
1667.4105834960938 1.000324922042454 0.00019227363304412823
1667.431396484375 0.9996354808449883 0.00019234972322484123
1667.4522094726562 1.0000627667261628 0.00019218600412524388
1667.4730834960938 1.0000786060722633 0.00019226098910188805
1667.493896484375 0.9997187915565945 0.00019242100759135248
1667.5147094726562 1.0000900038547342 0.00019249080138653376
1667.5355834960938 1.0001062856919651 0.00019266634528230565
1667.556396484375 1.0001093655418554 0.00019217553018051402
1667.5772094726562 0.999691319601031 0.00019212806322119097
1667.5980834960938 0.9997902381963943 0.00019224384511881153
1667.618896484375 1.000790222209433 0.00019214180650921282
1667.6397094726562 1.0003780000704527 0.00019229745364471575
1667.6605834960938 0.9994356127303915 0.00019229058914137839
1667.681396484375 0.9999870407391434 0.00019238736978050895
1668.6397094726562 1.000041091854507 0.00019789094868324946
1668.6605834960938 0.9997680321054886 0.00019881821417600537
1668.681396484375 1.000100879267076 0.0001997816846885754
1668.7022094726562 0.9999958877018638 0.00020085890021263582
1668.7230834960938 1.0000030655867513 0.00020204132003184873
1668.743896484375 1.000337377232402 0.00020314419783902865
1668.7647094726562 1.0002640547565051 0.00020485402643193436
1668.7855834960938 0.9998546431940921 0.00020619441372191834
1668.806396484375 1.000279174795464 0.0002076014581196019
1668.8272094726562 0.9991699548523603 0.0002087254310319133
1668.8480834960938 1.0001937070888487 0.00020969210687698384
1668.868896484375 0.9996611293071034 0.00021034745329022648
1668.8897094726562 1.0003789229404592 0.00021075214669891458
1668.9105834960938 1.0004403476183934 0.0002109127652819951
1668.931396484375 0.9996920459297867 0.00021070586936679838
1668.9522094726562 0.9998464073985857 0.00021060773067868018
1668.9730834960938 1.0003668160415746 0.000210572090474544
1668.993896484375 0.999645048781643 0.00021066560218430024
1669.0147094726562 0.9999187559191741 0.00021086217212422397
1669.0355834960938 0.9995376416458897 0.0002113329873666362
1669.056396484375 1.0004788984259292 0.00021182387019477787
1669.0772094726562 1.0007154599979526 0.00021236388229432603
1669.0980834960938 0.9999884029986692 0.00021269006760986302
1669.118896484375 0.9985517433807033 0.00021307590489139046
1669.1397094726562 0.999052877920061 0.00021328687395247634
1669.1605834960938 1.0002748428665809 0.00021348205553111554
1669.181396484375 0.9995563782139273 0.0002137188715020941
1669.2022094726562 1.0008807767043117 0.00021408950574021426
1669.2230834960938 1.0002019040383814 0.0002142153439869203
1669.243896484375 0.9993441189035518 0.00021436367655936858
1669.2647094726562 1.0000369816791614 0.0002144716618253451
1669.2855834960938 0.9999974164641273 0.0002145595775755976
1669.306396484375 1.0001680337325116 0.00021438330767786594
1669.3272094726562 0.9995966646904536 0.0002144087913784264
1669.3480834960938 1.0004197026094175 0.0002143307929862775
1669.368896484375 1.000571326022027 0.0002144574187940917
1669.3897094726562 0.9993109464168004 0.00021473247288513315
1669.4105834960938 0.9998875145395478 0.00021489378018525978
1669.431396484375 1.000178797507456 0.00021513945330955397
1669.4522094726562 0.9997864759199967 0.00021521010127107615
1669.4730834960938 0.9988398714814914 0.00021569376149615995
1669.493896484375 0.9997810810864092 0.0002160003654338052
1669.5147094726562 1.0000096414029978 0.0002164807868653935
1669.5355834960938 0.9996028297494979 0.00021665008036067483
1669.556396484375 1.0006554876177005 0.00021679793817481333
1669.5772094726562 1.0004515224400405 0.00021696131415914932
1669.5980834960938 0.9992267511703118 0.00021680344472407943
1669.618896484375 0.9996691395858888 0.0002165311628311831
1669.6397094726562 1.0002431767614326 0.0002161953966623094
1669.6605834960938 1.0000048984207357 0.00021609500794970288
1669.681396484375 0.9999348866272021 0.00021531104915569241
1669.7022094726562 1.0003825459121145 0.00021474777904481544
1669.7230834960938 0.999757675112672 0.00021427335010845626
1669.743896484375 1.0003144235907806 0.00021400748512880505
1669.7647094726562 0.9999256072734969 0.00021389404247571436
1669.7855834960938 0.9995954941232104 0.00021378599919218887
1669.806396484375 1.0002311830110595 0.0002138747522722884
1669.8272094726562 0.9998020070033217 0.0002140600054441733
1669.8480224609375 1.0003682030686478 0.00021427003708747916
1669.8688354492188 1.0000706347076733 0.00021419059553516207
1669.8897094726562 0.9995800585954142 0.00021388921956506883
1669.9105224609375 0.9998574026856768 0.00021337022844592792
1669.9313354492188 1.0000171653346062 0.0002127732317986762
1669.9522094726562 1.0003841788413577 0.00021204746478554646
1669.9730224609375 0.9998485083363894 0.00021125215383415095
1669.9938354492188 1.00013775993505 0.00021056883685780596
1670.0147094726562 0.9999352159863167 0.00020991151685017503
1670.0355224609375 1.0003259254086019 0.0002096221135215134
1670.0563354492188 0.9994983673490947 0.00020964439665189198
1670.0772094726562 0.9999680625916255 0.00020926192268402963
1670.0980224609375 1.0002254402457256 0.0002092482955471751
1670.1188354492188 1.0002795111821512 0.00020904838567941907
1670.1397094726562 0.9996721578636802 0.00020906395363543614
1670.1605224609375 0.9998386694533634 0.0002091366982390108
1670.1813354492188 0.9997858309375683 0.00020883466602812333
1670.2022094726562 1.0007729761058206 0.00020873435169906695
1670.2230224609375 0.9993817301353987 0.00020870127712105833
1670.2438354492188 1.0003144542889915 0.00020826016509291863
1670.2647094726562 0.9998984027003461 0.00020808145935525808
1670.2855224609375 1.0001535438226907 0.000207625625288456
1670.3063354492188 0.9996867446731832 0.00020739453601370864
1670.3272094726562 0.999917747946147 0.00020719346589540176
1670.3480224609375 1.0003713642436494 0.00020720900844097595
1670.3688354492188 1.000086102219108 0.0002067506044913956
1670.3897094726562 1.0001353291425314 0.00020678843036170766
1670.4105224609375 0.9996720285932458 0.00020654443172915781
1670.4313354492188 0.9991180558408814 0.00020660145362057242
1670.4522094726562 1.0006243463651248 0.0002067596319609612
1670.4730224609375 1.0007966517097224 0.00020676727777053008
1670.4938354492188 0.9996767751926989 0.00020702894698932246
1670.5147094726562 0.9998686606829329 0.0002073344838555935
1670.5355224609375 1.0003500733743753 0.00020764279542389823
1670.5563354492188 0.9991232146699159 0.00020796967662953006
1670.5772094726562 1.0001756622280338 0.00020814996468525692
1670.5980224609375 1.0002154009264361 0.00020821734537732672
1670.6188354492188 1.0002898115288037 0.00020844171389723532
1670.6397094726562 0.9997554536533317 0.00020823570806745778
1670.6605224609375 0.9996520037259449 0.00020802444154887682
1670.6813354492188 1.000307020017406 0.0002081713008080805
1670.7022094726562 1.0003413789292763 0.00020793347441917665
1670.7230224609375 0.9999000282510181 0.00020777232089950264
1670.7438354492188 0.9995319797112298 0.00020776107914491202
1670.7647094726562 1.0002764901956218 0.00020757623762849209
1670.7855224609375 0.9996668547631999 0.00020775375880023134
1670.8063354492188 1.0003900509833745 0.0002076993235852789
1670.8272094726562 1.0003170373949244 0.00020783540964516695
1670.8480224609375 0.9998686833653455 0.00020818224106825082
1670.8688354492188 0.9995181323671751 0.00020792104167732776
1670.8897094726562 0.9999206200064525 0.00020782601248988024
1670.9105224609375 1.0001777756918677 0.00020751257341185354
1670.9313354492188 1.0003366947254122 0.00020732205069582836
1670.9522094726562 1.000059045104036 0.0002068637773383693
1670.9730224609375 0.9997131767476308 0.00020643402334461484
1670.9938354492188 0.999748283941709 0.00020610221202866397
1671.0147094726562 0.9999902687829598 0.00020579404707998406
1671.0355224609375 1.000015741088946 0.000205468716168788
1671.0563354492188 1.0007708505590964 0.00020542662902628
1671.0772094726562 0.9996387892807747 0.0002053399501041178
1671.0980224609375 0.999761794399963 0.00020519071415904468
1671.1188354492188 0.999967042568817 0.00020527342219739492
1671.1397094726562 1.0002823666867062 0.0002055729644786094
1671.1605224609375 1.0000070866932569 0.00020551181635886125
1671.1813354492188 0.9998811574421292 0.0002054632126531219
1671.2022094726562 0.9998354934096813 0.0002054385737024923
1671.2230224609375 0.9998327047515658 0.00020532036239832103
1671.2438354492188 1.000209730826784 0.0002050216226644375
1671.2647094726562 1.0000376855504869 0.0002050473528799419
1671.2855224609375 1.000142066778128 0.00020454799628424205
1671.3063354492188 1.000198153404038 0.00020434002043730242
1671.3272094726562 0.999931517955957 0.00020403461211988862
1671.3480224609375 0.9994892672432188 0.00020383507084906316
1671.3688354492188 1.0001087119452678 0.00020359545521921092
1671.3897094726562 1.0001431294385488 0.00020372388228619907
1671.4105224609375 0.9998750475805365 0.00020348964281056804
1671.4313354492188 1.000152796711201 0.0002032694890738332
1671.4522094726562 0.9999807386639307 0.00020333497875658845
1671.4730224609375 1.0001066262909166 0.00020318297664110414
1671.4938354492188 1.0002022499117347 0.0002034314365907365
1671.5147094726562 0.9999620102785723 0.0002033895218181012
1671.5355224609375 0.9996418900039616 0.00020361685804244831
1671.5563354492188 0.9997331591550289 0.0002039373565078777
1671.5772094726562 1.000276449174102 0.00020388031999338683
1671.5980224609375 1.0001532707957548 0.0002039152300004708
1671.6188354492188 1.0003305379840417 0.0002038973031578948
1671.6397094726562 0.9996382673682617 0.00020380712245897956
1671.6605224609375 1.0000234250480577 0.00020400860137874605
1671.6813354492188 0.9990143099463504 0.00020379000576304342
1671.7022094726562 0.999766759578476 0.00020354067431125732
1671.7230224609375 0.9990012205050028 0.00020349993092214666
1671.7438354492188 0.9990669777995896 0.00020356796278500413
1671.7647094726562 0.9995888754130702 0.00020397657212238644
1671.7855224609375 1.0003935420363628 0.00020378188142851258
1671.8063354492188 1.0003872122225097 0.00020396554339695446
1671.8272094726562 0.9995850159660611 0.00020417124409525682
1671.8480224609375 1.000249697026892 0.0002043011094952537
1671.8688354492188 1.0000144116297187 0.00020430346534040057
1671.8897094726562 1.0000071237463812 0.00020438380706544424
1671.9105224609375 0.9996958687004562 0.00020411197717143831
1671.9313354492188 0.9997821901215229 0.00020408981403374342
1671.9522094726562 1.0004978883566056 0.00020378744478119026
1671.9730224609375 0.9999722955569892 0.00020347785215186814
1671.9938354492188 1.0002610259163063 0.00020323390784659479
1672.0147094726562 0.9997736807276386 0.00020295649629621413
1672.0355224609375 0.9997802401109293 0.00020270287936466618
1672.0772094726562 0.999789809123396 0.0002023330930071417
1672.0980224609375 1.0002190740287182 0.00020221761130774667
1672.1188354492188 1.0003080752136542 0.00020227922307701599
1672.1397094726562 0.999944012325189 0.00020217869969256692
1672.1605224609375 0.9999147024999616 0.00020207629746990278
1672.1813354492188 0.9997389968693534 0.0002020004976215879
1672.2022094726562 1.0002964087357047 0.0002020646243349255
1672.2230224609375 0.9997189285771951 0.00020188336833822397
1672.2438354492188 1.0001861945085408 0.00020185330432406543
1672.2647094726562 1.0000772933788877 0.00020201296031260865
1672.2855224609375 0.9999985649026546 0.0002014970235217462
1672.3063354492188 1.0003332717714422 0.0002014157126110643
1672.3272094726562 0.9993561168268487 0.00020111700578080263
1672.3480224609375 1.0003406507381807 0.00020121409060653374
1672.3688354492188 0.999490883141155 0.00020090474082447746
1672.3897094726562 1.0003926683388253 0.00020080959164585086
1672.4105224609375 1.0002743577948339 0.000200682917238715
1672.4313354492188 0.9996051600224184 0.00020066849192395378
1672.4522094726562 1.0000633895754414 0.00020061473123108707
1672.4730224609375 1.0001655883869136 0.00020079139036464268
1672.4938354492188 0.9996731524671555 0.00020097746829199107
1672.5146484375 1.0006545225934327 0.0002010929969569987
1672.5354614257812 0.9995521259931484 0.0002011918726914817
1672.5563354492188 0.999933407151183 0.00020136823945514056
1672.5771484375 0.9998708210726478 0.00020139376158754635
1672.5979614257812 1.0000689460036376 0.00020152194879391385
1672.6188354492188 1.000544155443582 0.00020159882585908188
1672.6396484375 0.9998984058429525 0.00020163982520777647
1672.6604614257812 0.9997674646301137 0.0002017255344191204
1672.6813354492188 0.9999487419653893 0.00020164879097348787
1672.7021484375 0.9995267328265628 0.00020152367256188786
1672.7229614257812 1.0002370796702973 0.00020149187702041003
1672.7438354492188 0.9999985317180597 0.00020152792186233404
1672.7646484375 1.0002811280532073 0.00020155885858418976
1672.7854614257812 1.0004495031221134 0.00020162590314106888
1672.8063354492188 0.999658023574715 0.00020169546430486354
1672.8271484375 0.9999401433233671 0.00020229600864691421
1672.8479614257812 0.9999301941880341 0.00020204623040164402
1672.8688354492188 0.9997350541728808 0.0002021484276237065
1672.8896484375 1.0005049783345903 0.00020227163925315523
1672.9104614257812 0.9992699330798999 0.00020221039045252806
1672.9313354492188 1.0002200892878736 0.00020225327203638672
1672.9521484375 1.000562268117596 0.00020196470703610686
1672.9729614257812 0.9998505873816985 0.00020173423676135444
1672.9938354492188 0.9996330762803388 0.00020148215652248975
1673.0146484375 1.0003030430908795 0.00020133328462595618
1673.0354614257812 0.9999476750430298 0.00020112080316166912
1673.0563354492188 0.99988475286877 0.00020112824469060067
1673.0771484375 0.9999224240022876 0.0002010325124645529
1673.0979614257812 1.0000844398785023 0.00020059732211040216
1673.1188354492188 1.0000504370084464 0.00020063967664638848
1673.1396484375 1.000103165119751 0.0002006374128837022
1673.1604614257812 0.9999535199700891 0.0002005744781707667
1673.1813354492188 1.0001790063867992 0.00020065420292046814
1673.2021484375 0.9996906882048275 0.00020064923646362335
1673.2229614257812 1.0001068913420437 0.00020062373307926345
1673.2438354492188 0.9999970691365849 0.00020049229088381088
1673.2646484375 0.9996527498744047 0.00020051698712964997
1673.2854614257812 1.0001831555532823 0.0002004376833643788
1673.3063354492188 1.0001699608026515 0.00020031978450125656
1673.3271484375 1.0002574630776162 0.00020012022048312517
1673.3479614257812 0.9999125082935351 0.0001999190178154395
1673.3688354492188 0.9998191470209842 0.0001996364933745951
1673.3896484375 0.9995751745602229 0.00019947977455026794
1673.4104614257812 1.0002754125006694 0.0001994759710169747
1673.4313354492188 1.000335234264922 0.0001996010123752687
1673.4521484375 0.9998300991349883 0.00019956542442752214
1673.4729614257812 1.0000212053745994 0.00019985474709977683
1673.4938354492188 0.9998395091552312 0.00019967632753192718
1673.5146484375 0.9999184873561049 0.000199705244817231
1673.5354614257812 1.000375193612524 0.00019990615518227908
1673.5563354492188 0.9999029994238404 0.00020024667632343834
1673.5771484375 1.0002904041911769 0.00020023512488671254
1673.5979614257812 0.9991525688648949 0.00020041539645556023
1673.6188354492188 1.0002356515662187 0.00020079694636926105
1673.6396484375 1.0003126443529262 0.00020065754058053547
1673.6604614257812 1.0000719058787428 0.0002009615456262336
1673.6813354492188 0.9999207159367847 0.00020078973722020783
1673.7021484375 1.0000795143632302 0.0002009116616339117
1673.7229614257812 0.9996708225106121 0.00020095763558168495
1673.7438354492188 0.9999461666439758 0.00020085951570490853
1673.7646484375 1.0000048097193956 0.00020089535345219363
1673.7854614257812 1.0005061309574625 0.0002010383967938907
1673.8063354492188 0.9997416678852213 0.00020093995730898178
1673.8271484375 1.0001821269405569 0.00020109229963066936
1673.8479614257812 0.999767438206734 0.00020128624144249768
1673.8688354492188 0.9997960329075182 0.00020122497407659806
1673.8896484375 1.0002060831709128 0.00020113471161903676
1673.9104614257812 1.0003088479356852 0.00020096335045233623
1673.9313354492188 0.9995909879941456 0.00020114818598988585
1673.9521484375 0.9993144415036481 0.0002007677100800416
1673.9729614257812 0.9999746719149372 0.00020061772291061103
1673.9938354492188 0.9994773331740782 0.00020041473009032158
1674.0146484375 1.0007221983885828 0.00020017673119318653
1674.0354614257812 1.0000908878627606 0.00019996946673994962
1674.0563354492188 1.000078466918799 0.00019989096520818555
1674.0771484375 0.9996134141438198 0.00019975953494958721
1674.0979614257812 0.9998590188409514 0.00019964220727946064
1674.1188354492188 1.000159202883478 0.0001995909953041022
1674.1396484375 1.0000117298098554 0.00019953751691259423
1674.1604614257812 1.0002740520661892 0.0001995813008084112
1674.1813354492188 0.999629587450241 0.00019963293478449302
1674.2021484375 1.000182922987572 0.00019959581469389208
1674.2229614257812 1.0000995482927872 0.00019971454208616237
1674.2438354492188 1.0002163136561368 0.00019971218147373705
1674.2646484375 0.9996338016405517 0.00019967653100568281
1674.2854614257812 0.9995858384615095 0.0001995476038548623
1674.3063354492188 1.000667026390255 0.00019949008822962047
1674.3271484375 0.9998476578270246 0.00019899691956537575
1674.3479614257812 0.9999245229580788 0.0001988181521344867
1674.3688354492188 0.9996529467077329 0.0001988527165817422
1674.3896484375 1.0001350609980506 0.00019852316212059224
1674.4104614257812 1.0003169692814913 0.0001987478700182242
1674.4313354492188 1.0000098637113841 0.00019835002375076134
1674.4521484375 0.9986156739796856 0.00019837700724079787
1674.4729614257812 0.9999526790328283 0.0001987561090364284
1674.4938354492188 1.0000081748410536 0.00019862730221144903
1674.5146484375 1.000012142663482 0.0001989098588133263
1674.5354614257812 1.0002186201482561 0.00019917637362830526
1674.5563354492188 0.9996248635707877 0.00019940326052874069
1674.5771484375 0.999847282613106 0.0001995897386271195
1674.5979614257812 1.0000177237209056 0.00019969853734396882
1674.6188354492188 1.000126582006818 0.000199877921864253
1674.6396484375 1.000232979137571 0.0002000336915714581
1674.6604614257812 0.9994445666224958 0.00019994227568307396
1674.6813354492188 1.0007842140658956 0.0002001782141663965
1674.7021484375 0.9999884530106341 0.00020014711516585682
1674.7229614257812 0.9997559125659932 0.00020034417000080218
1674.7438354492188 0.9994723406372903 0.00020010076965304246
1674.7646484375 1.0001119699413477 0.0002001039655181772
1674.7854614257812 1.0003356626335504 0.00020015435958745814
1674.8063354492188 1.0002900180150376 0.00020033530772093082
1674.8271484375 0.9996967423746415 0.00020045116455624746
1674.8479614257812 1.0000658881300617 0.00020040477959619324
1674.8688354492188 0.9996050944633096 0.00020045527740943165
1674.8896484375 0.9999514048216493 0.0002003293406192698
1674.9104614257812 1.0003301360035763 0.00020017834667838662
1674.9312744140625 1.0001832074170216 0.00020002814209042028
1674.9520874023438 1.0002049479063926 0.0001998850951956523
1674.9729614257812 0.9995870485982647 0.00019988487283214838
1674.9937744140625 1.0001238345784706 0.00019966167804318503
1675.0145874023438 0.9999973590658778 0.00019962904895403768
1675.0354614257812 0.9996156546855525 0.00019957784404908005
1675.0562744140625 1.0002079283519676 0.00019926618909698525
1675.0770874023438 1.000087666793642 0.0001991541070707335
1675.0979614257812 1.0001308174545074 0.00019916571010523474
1675.1187744140625 0.9996018408080618 0.0001989470187507087
1675.1395874023438 1.0003232857059874 0.00019893564255746374
1675.1604614257812 1.0000217123153685 0.00019903370703774065
1675.1812744140625 1.0003168225073316 0.00019897263673304246
1675.2020874023438 0.9994845344937896 0.00019903603373568608
1675.2229614257812 0.9998874282978465 0.00019903600390756477
1675.2437744140625 1.0005444802724512 0.00019916227798371156
1675.2645874023438 0.9994014844095241 0.00019888081488717138
1675.2854614257812 1.0003062987159734 0.00019909788471929364
1675.3062744140625 0.9997753553307862 0.0001987871771488153
1675.3270874023438 1.0004413792255762 0.00019867561891317846
1675.3479614257812 1.0001118043241455 0.00019858527417547332
1675.3687744140625 0.9994395001089913 0.00019846293827036673
1675.3895874023438 0.9999207625330706 0.00019866449874102518
1675.4104614257812 1.0004857869684443 0.00019844765581012865
1675.4520874023438 1.000050437802778 0.0001986853482369565
1675.4729614257812 0.9997532138488585 0.0001986267774380589
1675.4937744140625 0.9996322944517523 0.00019873646369849402
1675.5145874023438 1.0003424011915691 0.00019894823900794284
1675.5354614257812 0.9998404164891087 0.00019926710690043687
1675.5562744140625 1.0006605761578944 0.00019926877648902342
1675.5770874023438 0.9994433456252938 0.00019961917361894767
1675.5979614257812 1.0002803206328756 0.0001998239718303066
1675.6187744140625 0.9997181346769268 0.00020011120339860045
1675.6395874023438 1.0001640139719505 0.00020021413591847606
1675.6604614257812 0.9994922400057564 0.00020025018537190713
1675.6812744140625 1.0003395323832314 0.00020038979695580648
1675.7020874023438 1.0007412740058184 0.00020050814482515695
1675.7229614257812 0.9996651970852348 0.0002004907607552614
1675.7437744140625 0.9994467658419924 0.00020051219137282554
1675.7645874023438 0.9995167515381141 0.00020054599296817012
1675.7854614257812 1.000602747339216 0.0002006813902614872
1675.8062744140625 1.0003536173217717 0.00020078616080595235
1675.8270874023438 0.9999429632031591 0.00020082991413964636
1675.8479614257812 1.0001268336957887 0.00020092107533237365
1675.8687744140625 0.9995931946498307 0.0002009686596645811
1675.8895874023438 1.0003444838985225 0.00020102132297346236
1675.9104614257812 0.9997437920292244 0.00020098829630973533
1675.9312744140625 0.9998610151916832 0.00020096586510872145
1675.9520874023438 0.9997468801868267 0.00020081405066758824
1675.9729614257812 1.000077379525535 0.0002006265006731175
1675.9937744140625 1.0004871014298509 0.00020040162202315714
1676.0145874023438 1.0004046862994944 0.00020006805685969154
1676.0354614257812 0.9994467227228803 0.0002000600394990621
1676.0562744140625 0.9996304971002864 0.00019976884837718482
1676.0770874023438 1.0001053719052186 0.0001996664726818337
1676.0979614257812 1.0001754904545443 0.00019956719775075126
1676.1187744140625 1.0000068539795655 0.0001995048984025015
1676.1395874023438 0.9993240823072497 0.00019936261210088305
1676.1604614257812 0.9996863125118435 0.00019987013371202368
1676.1812744140625 0.9990237623177809 0.00019937473722748822
1676.2020874023438 0.9995619331618284 0.00019925385438765872
1676.2229614257812 0.9997818213219399 0.00019933732133652424
1676.2437744140625 1.0000470779663848 0.00019926975410198804
1676.2645874023438 0.9999574090156949 0.00019921807172410214
1676.2854614257812 1.0006578025550545 0.00019911032105128165
1676.3062744140625 0.9999642894283319 0.00019912512369621741
1676.3270874023438 1.0000317195139559 0.00019890730632792837
1676.3479614257812 0.9991345903739656 0.00019880547242004195
1676.3687744140625 1.000279968127987 0.00019859771124376048
1676.3895874023438 1.000201399128314 0.0001986106130472529
1676.4104614257812 1.0002536407953608 0.00019839940518344803
1676.4312744140625 1.0001699875433734 0.0001985008230250167
1676.4520874023438 0.9994159837343102 0.00019864267968774997
1676.4729614257812 0.9999139672763703 0.00019844664897652106
1676.4937744140625 1.0004327633196455 0.00019852392807593748
1676.5145874023438 1.000233441374758 0.00019860041982161812
1676.5354614257812 0.9998077702420491 0.00019883233121445058
1676.5562744140625 0.9995979350249597 0.00019907179024449337
1676.5770874023438 1.0001629867299218 0.00019920493060693334
1676.5979614257812 0.9998317619574217 0.00019938025089992866
1676.6187744140625 1.0004219247926567 0.000199483892698633
1676.6395874023438 0.999885504138818 0.00019970495382934514
1676.6604614257812 0.9998642600439664 0.00019982971100092665
1676.6812744140625 0.9999271066537954 0.00019982382443866788
1676.7020874023438 1.000349209185835 0.00019974060352462682
1676.7229614257812 1.0001269367907155 0.00019973814104692146
1676.7437744140625 0.9995221440676614 0.00019990598606765838
1676.7645874023438 0.999926760033783 0.00019976881475931732
1676.7854614257812 0.9998868867478342 0.00019979106080421862
1676.8062744140625 1.0003969283234817 0.00019960965924326358
1676.8270874023438 1.000191173170112 0.0001997442435953908
1676.8479614257812 0.9999847311426504 0.000199751570283879
1676.8687744140625 0.9997218847742102 0.0001997233052638823
1676.8895874023438 1.000072046213274 0.00019976641697481789
1676.9104614257812 0.9995180628245772 0.0001997686188611648
1676.9312744140625 1.0006138317264752 0.0001998339729432206
1676.9520874023438 0.9999725778053639 0.00019961158541627805
1676.9729614257812 0.9996060255511562 0.00019951858438611346
1676.9937744140625 1.000444457591724 0.00019944374341255693
1677.0145874023438 0.9998619851158499 0.00019915493283050097
1677.0354614257812 0.9999434095636334 0.00019899098958458484
1677.0562744140625 0.9999899456451561 0.0001987927982736758
1677.0770874023438 1.0001280066680966 0.00019888148900585077
1677.097900390625 0.9998976727239982 0.00019855628806844235
1677.1187133789062 0.9998517784288036 0.00019862939371291437
1677.1395874023438 0.9997954713553402 0.0001984026571368036
1677.160400390625 1.0002749537394902 0.000198455826531422
1677.1812133789062 1.0004180571017587 0.00019847020056092308
1677.2020874023438 0.9997550332699653 0.0001983370667546897
1677.222900390625 0.999979436955894 0.00019831148128064804
1677.2437133789062 0.9998368515489731 0.00019832869861353142
1677.2645874023438 1.0001511395201297 0.0001986647524042206
1677.285400390625 0.9998633908059237 0.00019821796250367297
1677.3062133789062 0.9996203047985627 0.000198135655964677
1677.3270874023438 1.0007629045031463 0.0001980677336187911
1677.347900390625 0.9999212172311237 0.00019778999618285897
1677.3687133789062 0.9997428744803274 0.0001974721803176126
1677.3895874023438 0.9999313396529445 0.00019742036619794942
1677.410400390625 1.000029756882182 0.00019726497334790846
1677.4312133789062 0.9999235793787118 0.00019714407357975853
1677.4520874023438 1.0000900126442323 0.0001970636984552389
1677.472900390625 1.000080178968375 0.0001971431456484632
1677.4937133789062 1.0001070141168666 0.00019720391160982773
1677.5145874023438 0.999720276797048 0.00019725084022248978
1677.535400390625 1.00015557308658 0.00019767366191015518
1677.5562133789062 0.9999150797636077 0.00019758887762657453
1677.5770874023438 0.9999407031891391 0.00019756160366670748
1677.597900390625 1.0004676816965083 0.0001978682777987005
1677.6187133789062 0.9996956431096027 0.000198143402555681
1677.6395874023438 0.9999263661815617 0.00019799854905867096
1677.660400390625 0.9999262068278465 0.00019813766585462855
1677.6812133789062 1.0002591331650856 0.00019827750238803733
1677.7020874023438 0.9996793030948189 0.00019841218088386984
1677.722900390625 1.0000016406771273 0.00019819487291740883
1677.7437133789062 1.000510027485792 0.00019826629670205372
1677.7645874023438 0.999240461259633 0.00019843601166493895
1677.785400390625 1.0006146286579967 0.0001981160213871423
1677.8062133789062 0.9997655944917146 0.0001980321836788174
1677.8270874023438 1.0000649678239233 0.00019810189301117416
1677.847900390625 1.0002954853688497 0.0001982286850188601
1677.8687133789062 0.9995198927832496 0.00019804908540226236
1677.8895874023438 1.000127120030617 0.00019803638389603165
1677.910400390625 0.9997910469235624 0.00019807979784236448
1677.9312133789062 1.0003912953728717 0.00019798543900764048
1677.9520874023438 0.9998287580906757 0.00019800697584466655
1677.972900390625 1.0001474118859768 0.00019771148222909942
1677.9937133789062 0.9996071195837388 0.00019770104421869828
1678.0145874023438 1.0003122159034583 0.0001977257384433715
1678.035400390625 0.9999233876444693 0.00019780077190980448
1678.0562133789062 1.000111175480227 0.00019749250798175314
1678.0770874023438 1.000199836067091 0.00019730995551199914
1678.097900390625 0.9997445808732046 0.00019724936604638622
1678.1187133789062 0.9996408360152569 0.0001972952990872805
1678.1395874023438 1.000319095651693 0.000197410302792102
1678.160400390625 0.9998701989495438 0.00019724518917266405
1678.1812133789062 1.0005239513661974 0.0001973035216483145
1678.2020874023438 0.9995067717371047 0.00019721969495543223
1678.222900390625 0.9999683100996596 0.0001971400145427787
1678.2437133789062 1.0000028314496463 0.0001970431867596543
1678.2645874023438 1.0001286443828858 0.0001970044055405759
1678.285400390625 1.0003293025826432 0.0001968929628378997
1678.3062133789062 0.9999586671884528 0.00019682435106422788
1678.3270874023438 0.9996995872338337 0.0001968906590409038
1678.347900390625 1.0000910180304312 0.0001967173727412335
1678.3687133789062 0.9992149769145225 0.00019640987649309835
1678.3895874023438 0.9990039234512893 0.00019650962423495047
1678.410400390625 0.998630651636605 0.0001962813753617145
1678.4312133789062 0.9991288492609293 0.0001961186519660128
1678.4520874023438 0.9997334846386873 0.00019627462588070788
1678.472900390625 0.9999357035718975 0.00019626274514349966
1678.4937133789062 1.0007915450721996 0.00019621438206980792
1678.5145874023438 0.9997216918140154 0.0001963001762584816
1678.535400390625 0.999957015672939 0.00019640685792137624
1678.5562133789062 1.0002002243708532 0.00019658032349350666
1678.5770874023438 0.9993843718269283 0.00019664933476854833
1678.597900390625 1.0000969839521467 0.0001966756322312785
1678.6187133789062 1.0003151811213085 0.00019677588906868458
1678.6395874023438 1.0000608222521417 0.00019683022795901207
1678.660400390625 1.0001698110875752 0.00019701937216409505
1678.6812133789062 0.999679826912365 0.00019703057620534405
1678.7020874023438 0.9996574961879289 0.00019704646040393184
1678.722900390625 1.000445111817773 0.00019680285014700576
1678.7437133789062 1.0002868868685022 0.00019678704571240047
1678.7645874023438 0.9999311428912958 0.00019675925610360517
1678.785400390625 0.9996731303365283 0.0001966727381884043
1678.8270874023438 0.9997046401157387 0.00019656134522436512
1678.847900390625 1.0003188802202465 0.00019648023347629498
1678.8687133789062 0.999499079853061 0.00019664953400823606
1678.8895874023438 1.0005518770985098 0.00019676225077277295
1678.910400390625 1.0003247705390865 0.00019631266358585513
1678.9312133789062 1.0000218811475359 0.00019626132164176887
1678.9520874023438 1.0000618869713793 0.00019635390181176526
1678.972900390625 0.9994758422682646 0.00019666015490149758
1678.9937133789062 0.9997838964047787 0.00019615958618043436
1679.0145874023438 1.0000227846820549 0.0001961201977122637
1679.035400390625 1.0001990320126202 0.00019581382622719634
1679.0562133789062 0.9998737707424666 0.00019569685962602895
1679.0770263671875 1.0004144673818904 0.00019566373678955555
1679.0978393554688 1.0000629126693794 0.00019561324181150913
1679.1187133789062 0.9999953589268586 0.0001956234932014946
1679.1395263671875 0.9998400275088265 0.00019554691754962902
1679.1603393554688 0.9999476071836706 0.00019535929964842005
1679.1812133789062 0.9993947214419856 0.0001956538483234392
1679.2020263671875 1.0004032730377916 0.0001953842037296643
1679.2228393554688 0.9999597452866278 0.00019535836720717916
1679.2437133789062 1.0003611066087168 0.00019512958432859248
1679.2645263671875 1.0003755099058473 0.000195239621713343
1679.2853393554688 0.9995994267931916 0.0001951790663131103
1679.3062133789062 0.9998222665590261 0.00019496981935320477
1679.3270263671875 0.9998211673206906 0.00019470490578585897
1679.3478393554688 1.0001664282791007 0.0001948707356116715
1679.3687133789062 1.000062462609832 0.00019457508355167887
1679.3895263671875 0.999871934091944 0.00019436709313298662
1679.4103393554688 1.0000337167003173 0.0001944182345472002
1679.4312133789062 1.0003328461439525 0.00019444816083989412
1679.4520263671875 0.9996880384761971 0.0001946165837764408
1679.4728393554688 0.9999062875403226 0.00019415521254910017
1679.4937133789062 1.000229272203492 0.0001941636448882315
1679.5145263671875 0.9994636187713906 0.0001939921545662897
1679.5353393554688 1.0008276393118254 0.00019437709837934276
1679.5562133789062 0.9999480722400309 0.00019399597900928141
1679.5770263671875 0.9996165141389624 0.00019404247936831277
1679.5978393554688 1.000225529088091 0.00019429409212799145
1679.6187133789062 0.9996140043747983 0.0001938665504584059
1679.6395263671875 1.0004935280101852 0.00019395916091651932
1679.6603393554688 0.9994236642957695 0.00019393410038083634
1679.6812133789062 1.0004903291655027 0.00019369561551601017
1679.7020263671875 0.9998186127111033 0.0001935671429446657
1679.7228393554688 0.9999148369005194 0.00019351743742966891
1679.7437133789062 0.999824615225681 0.00019349153218155892
1679.7645263671875 1.000222465969535 0.0001933673230352723
1679.7853393554688 1.0004154813019643 0.00019324105473217317
1679.8062133789062 0.9998705543720909 0.0001932594456330922
1679.8270263671875 0.9994743097720951 0.0001932901713049722
1679.8478393554688 1.0002736133941503 0.00019316757588056267
1679.8687133789062 1.0000498732879222 0.00019345539137482077
1679.8895263671875 0.9997399297505407 0.00019318325199547124
1679.9103393554688 1.0002833041689547 0.00019315347253607917
1679.9312133789062 1.00017596395092 0.00019323481910994936
1679.9520263671875 1.0002963681427084 0.00019326043899625154
1679.9728393554688 0.9992867040512445 0.00019316067460186355
1679.9937133789062 0.9996033619806751 0.000193357356195738
1680.0145263671875 1.0002746379745246 0.00019330176527292665
1680.0353393554688 1.0005316214158348 0.00019316545966442973
1680.0562133789062 0.9996003660544496 0.00019320012452334515
1680.0770263671875 1.0003319463954705 0.00019329387183955764
1680.0978393554688 0.9999948907333702 0.0001930743960242483
1680.1187133789062 1.000000318367048 0.00019320045527710297
1680.1395263671875 0.9997579221899177 0.0001933824451859812
1680.1603393554688 1.0001625804292498 0.00019342365915988536
1680.1812133789062 1.000029308572037 0.0001932575176207256
1680.2020263671875 0.9996984736303388 0.0001932064032671104
1680.2228393554688 0.9999870623507924 0.00019327187697305972
1680.2437133789062 1.0000757875384951 0.00019328476082166788
1680.2645263671875 1.0003776746947262 0.00019320070446042243
1680.2853393554688 1.0001775895951601 0.00019319904761806625
1680.3062133789062 0.9993916015140596 0.00019329561612325174
1680.3270263671875 0.9998001077281536 0.000193196714991333
1680.3478393554688 1.0005250044137552 0.00019342016023096782
1680.3687133789062 0.9998729840860365 0.00019332366648418982
1680.3895263671875 0.999902803294045 0.00019338889759572465
1680.4103393554688 0.9999656689658071 0.00019316437382251085
1680.4312133789062 1.0002000057104905 0.0001931995956609423
1680.4520263671875 1.0001396223238732 0.0001932453195353538
1680.4728393554688 0.9997849389874367 0.00019333782227731205
1680.4937133789062 0.9999660882237772 0.00019346162188371607
1680.5145263671875 0.9995703944780924 0.00019351852254905665
1680.5353393554688 1.000489756749746 0.00019334312329956864
1680.5562133789062 0.9999955991716518 0.00019327278722871736
1680.5770263671875 0.9999327941963373 0.00019325068622821426
1680.5978393554688 0.9995782480777621 0.00019339099906309892
1680.6187133789062 0.9992981528492273 0.00019336361806641716
1680.6395263671875 0.9999923018860317 0.00019332012663016672
1680.6603393554688 0.9996571398427175 0.00019349075378198555
1680.6812133789062 1.0000547536601245 0.00019331485744575002
1680.7020263671875 1.0000539167945075 0.00019335604832980812
1680.7228393554688 0.9992722964384645 0.00019351516449458446
1680.7437133789062 1.0006218653316068 0.0001933541695945924
1680.7645263671875 1.0002483603569914 0.00019345481407483388
1680.7853393554688 1.0001510652457648 0.00019328827440736723
1680.8062133789062 0.9997368647885598 0.00019340108606302482
1680.8270263671875 0.9997252405497559 0.00019333021973202467
1680.8478393554688 1.0001578895721273 0.00019345154938895263
1680.8687133789062 1.0000493763456262 0.0001936897589083181
1680.8894653320312 1.000071112481554 0.0001934323838377084
1680.9103393554688 0.9999212488872281 0.00019347613551251957
1680.93115234375 1.0000777395919296 0.00019346669732265136
1680.9519653320312 0.9998185511359792 0.00019357545847903046
1680.9728393554688 1.0000467257230892 0.00019337985595107635
1680.99365234375 0.9996055002240308 0.0001934178731206446
1681.0144653320312 1.0007597484374207 0.00019361288650652863
1681.0353393554688 0.9997842778083649 0.00019342233822090127
1681.05615234375 1.000163033393958 0.00019348007629435722
1681.0769653320312 0.9997195888314416 0.00019350973036885534
1681.0978393554688 0.9999920840006383 0.00019367328895356106
1681.11865234375 0.9997739015918888 0.00019365253445116659
1681.1394653320312 1.0001967358262742 0.00019351676958086753
1681.1603393554688 1.0003095908367265 0.00019356509797672518
1681.18115234375 0.9997771661458855 0.00019370032508246447
1681.2019653320312 1.0000629986025826 0.00019355112683981914
1681.2228393554688 0.9997634144414723 0.00019384843791668313
1681.24365234375 0.9998314683940553 0.00019356833392823207
1681.2644653320312 1.0003740467904585 0.00019366851112692307
1681.2853393554688 0.9997657644818889 0.00019349978107736194
1681.30615234375 1.0005690390007833 0.0001934908947356168
1681.3269653320312 0.9996428388400338 0.0001933848159137723
1681.3478393554688 1.0001203979041733 0.00019310351628152147
1681.36865234375 0.9999858411749561 0.00019288249360790966
1681.3894653320312 1.0000209146983132 0.00019296702986190976
1681.4103393554688 0.9996734419550585 0.00019262044115346235
1681.43115234375 0.9996737797389652 0.00019275335864306592
1681.4519653320312 1.0003640759647183 0.00019314216974407756
1681.4728393554688 1.000127223411015 0.00019340327785315572
1681.49365234375 1.000096193755279 0.00019358811183134235
1681.5144653320312 0.999908683847607 0.00019361557608646492
1681.5353393554688 1.0002649305113602 0.00019368844035092038
1681.55615234375 0.9997951038808415 0.00019382287704528198
1681.5769653320312 0.9997692076929489 0.00019398364431057023
1681.5978393554688 1.0003334983173122 0.00019381883663653474
1681.61865234375 0.999734317525309 0.00019376661170177295
1681.6394653320312 0.9999882426383905 0.00019386702500658932
1681.6603393554688 0.9999427616989083 0.00019378297315241532
1681.68115234375 1.000226450327148 0.00019392044170616252
1681.7019653320312 1.000302411943554 0.00019403002325184355
1681.7228393554688 0.9996821930528976 0.00019396007548866558
1681.74365234375 0.9998600865592604 0.00019395215158990824
1681.7644653320312 0.9998989571619913 0.00019400303713739133
1681.7853393554688 1.0001890686005477 0.0001940572631731003
1681.80615234375 0.9999082604290873 0.0001940442594327489
1681.8269653320312 1.000041269827237 0.00019414593686686003
1681.8478393554688 0.9999320751108675 0.0001940942149313515
1681.86865234375 1.0003644869271147 0.0001942934684683975
1681.8894653320312 1.0001481386170068 0.0001941549637773409
1681.9103393554688 0.9996439411765511 0.00019415925220856033
1681.93115234375 0.9998602054370744 0.0001942776705643313
1681.9519653320312 0.9996983366417947 0.0001942187203895681
1681.9728393554688 1.0002849353903043 0.00019462104136639316
1681.99365234375 1.0004396473294197 0.00019454694952121117
1682.0144653320312 0.9998897759149716 0.0001944449671184395
1682.0353393554688 0.999609764277441 0.0001944909710723853
1682.05615234375 0.9997057924718946 0.00019455977069387874
1682.0769653320312 1.000517596887592 0.00019471673963297859
1682.0978393554688 1.0000956031183048 0.00019498542477520275
1682.11865234375 1.000277947055305 0.00019491980369345805
1682.1394653320312 0.9999477583816514 0.0001950442755064244
1682.1603393554688 0.9995391395746478 0.00019521090915585774
1682.2019653320312 0.9999023372545498 0.00019528243662170517
1682.2228393554688 0.9998396765415735 0.0001954728622620729
1682.24365234375 1.0004353743568195 0.00019564060248333453
1682.2644653320312 1.0001523516364563 0.0001956782928210596
1682.2853393554688 1.0000800284217675 0.00019585441478597315
1682.30615234375 0.9999615887284105 0.0001958704642612296
1682.3269653320312 0.999921382856633 0.00019602073111830352
1682.3478393554688 0.9999462365898889 0.00019622528801828399
