time flux flux_err
1653.9522705078125 1.0003153844410033 0.00016700248568368172
1653.9730834960938 1.0001569931839263 0.00016690992216372046
1653.9939575195312 0.9992718367165705 0.00016673688079248963
1654.0147705078125 1.000153517215525 0.00016683638898435857
1654.0355834960938 1.000381234386625 0.00016681082461599372
1654.0564575195312 1.000422348034833 0.00016698178225915743
1654.0772705078125 0.9995134445693746 0.00016725449728245058
1654.0980834960938 1.0007959684931338 0.00016769366971063537
1654.1189575195312 1.0007662359480796 0.00016810551671922325
1654.1397705078125 1.0001307705097162 0.0001688859888946647
1654.1605834960938 1.001508515765545 0.000169829281181337
1654.1814575195312 1.0015021189387776 0.00017077550103826577
1654.2022705078125 1.0004587736762607 0.00017159082312013678
1654.2230834960938 0.9999491823066896 0.00017239017077773537
1654.2439575195312 1.0005946882360628 0.00017354365637349355
1654.2647705078125 0.9992343357973519 0.0001745111968301206
1654.2855834960938 0.9995137340419925 0.00017551987814175214
1654.3064575195312 1.0008530558020512 0.00017621373156385833
1654.3272705078125 0.9985294379350566 0.0001768297937081087
1654.3480834960938 1.0016572618579844 0.00017772669808842486
1654.3689575195312 0.9998333405726344 0.00017834136612168656
1654.3897705078125 0.999088591259276 0.00017908977507745177
1654.4105834960938 1.0014432803711604 0.0001796248029345264
1654.4314575195312 0.9987454110441565 0.00018006949091753719
1654.4522705078125 1.0004541301021197 0.0001806099319781781
1654.4730834960938 0.9998177753623533 0.00018084181690978791
1654.4939575195312 0.9997419158387028 0.00018153248689996236
1654.5355834960938 1.0006931568654283 0.00018303531405781902
1654.5564575195312 1.002254524047403 0.00018353079510356103
1654.5772705078125 0.999679554374685 0.00018397859579413945
1654.5980834960938 0.9997879861397568 0.00018450138455240527
1654.6189575195312 0.9998027530777223 0.0001847266384993443
1654.6397705078125 0.9999394198835938 0.00018482888171651634
1654.6605834960938 1.0004349058802104 0.0001850640498593423
1654.6814575195312 1.0017271605775644 0.00018530723642408095
1654.7022705078125 1.00081724642469 0.0001852703238350846
1654.7230834960938 1.0005386730724202 0.00018548840196474964
1654.7439575195312 1.0014232747559164 0.00018567912064907003
1654.7647705078125 1.0020675171389266 0.00018586347779163385
1654.7855834960938 0.9999601712229117 0.00018561220791040014
1654.8064575195312 1.0021475283331804 0.00018567873028552234
1654.8272705078125 1.0007598423992945 0.0001857126166835616
1654.8480834960938 0.9996577283276715 0.00018536932011464248
1654.8689575195312 1.0015150779872526 0.00018517857387909302
1654.8897705078125 0.9990153125899162 0.00018463580002138589
1654.9105834960938 0.9976836063655696 0.00018414816712297724
1654.9314575195312 1.0004441035887595 0.00018361524263657013
1654.9522705078125 1.0003201069768322 0.0001832614319187628
1654.9730834960938 1.000570537400438 0.00018293475467964903
1654.9939575195312 1.0010508314966515 0.000182802285085771
1655.0147705078125 1.0001799092074841 0.00018287379276422426
1655.0355834960938 0.9993455010052498 0.00018295399026707615
1655.0564575195312 1.000061134355083 0.00018312777980251067
1655.0772705078125 0.9994028264011278 0.0001832415398188352
1655.0980834960938 1.0000340173321187 0.00018340183041220593
1655.1189575195312 1.0003148008066296 0.00018335601085628803
1655.1397705078125 1.0001660634838474 0.00018348192127874168
1655.1605834960938 1.0008416376998774 0.00018352131645394906
1655.1814575195312 0.9985023781769163 0.00018318122216242887
1655.2022705078125 1.000751115702115 0.00018306469846429314
1655.2230834960938 0.9998964084608799 0.00018289146063538703
1655.2439575195312 1.0009455882789609 0.0001827170207328711
1655.2647705078125 0.998710720596655 0.0001822766702499657
1655.2855834960938 0.9995233800728057 0.00018220981750411523
1655.3064575195312 1.000795916535243 0.00018182547575427337
1655.3272705078125 1.000339091536605 0.00018174200396406487
1655.3480834960938 1.0000822903187827 0.00018149654528818436
1655.3689575195312 0.9999086187023637 0.00018149716261208843
1655.3897705078125 0.9991965080888072 0.00018134824930640951
1655.4105834960938 1.0009684164948043 0.00018137373107348842
1655.4314575195312 0.9989088422006269 0.00018126130725963855
1655.4522705078125 1.0025759221440398 0.0001813393487270488
1655.4730834960938 1.0000632481605034 0.00018140810183885187
1655.4939575195312 1.0011177146354027 0.00018160694932718745
1655.5147705078125 0.9993422823666391 0.00018168552050646267
1655.5355834960938 0.9948468324217644 0.00018166682385504696
1655.5564575195312 0.9906693131984694 0.00018156925103225024
1655.5772705078125 0.9971067045988573 0.00018207047764212596
1655.5980834960938 0.999983385001764 0.00018216445117921656
1655.6189575195312 1.0004087455897417 0.00018208043761048828
1655.6397705078125 0.9996683415987504 0.0001819828844799693
1655.6605834960938 0.9995005030385494 0.00018194268341137723
1655.6814575195312 1.0004710592533659 0.00018179586880005236
1655.7022705078125 1.0006007562638954 0.00018166419823980378
1655.7230834960938 0.9998348158354312 0.00018141736795382357
1655.7439575195312 0.9997513415006688 0.00018144211896674363
1655.7647705078125 0.9991974011172263 0.0001812465643124145
1655.7855834960938 1.0010011508195757 0.000181327455918064
1655.8064575195312 1.0001829400704854 0.0001811804119348479
1655.8272705078125 0.9985679795581845 0.0001808817911350466
1655.8480834960938 1.0003885340730414 0.00018072928305043568
1655.8689575195312 1.000493394371985 0.000180437524071436
1655.8897705078125 1.0007584794647777 0.00018005828709769786
1655.9105834960938 1.000344708711452 0.00017969602807611426
1655.9314575195312 0.9986491853729387 0.00017925393257421665
1655.9522705078125 0.99980424720411 0.00017891469630807976
1655.9730834960938 1.0000683384873412 0.0001785619333809042
1655.9939575195312 0.9998463564943558 0.00017823659285241708
1656.0147705078125 1.0009019031173019 0.00017808528757154305
1656.0355834960938 1.0002335969256453 0.00017776605585078533
1656.0564575195312 0.9999274853962503 0.00017751833839355874
1656.0772705078125 0.9989304342433669 0.00017739611041292982
1656.0980834960938 1.0009245599317669 0.0001775874395315225
1656.1189575195312 0.9991334513430955 0.000177473893446645
1656.1397705078125 1.0007629795648103 0.00017754231999573929
1656.1605834960938 0.9996805680433646 0.0001776401562008275
1656.1814575195312 1.0000654791023749 0.0001775366696674275
1656.2022705078125 1.0001239133136055 0.00017744136900095048
1656.2230834960938 1.0000257491433164 0.000177304710919314
1656.2439575195312 1.001942047101687 0.0001772932263600931
1656.2647705078125 0.9993404069053358 0.00017697549579407838
1656.2855834960938 1.0010820388807218 0.00017685605196108417
1656.3064575195312 0.9993298152151671 0.0001763613941348056
1656.3272705078125 0.9998173296353946 0.00017604898138700578
1656.3480834960938 1.000761396171306 0.00017581017282105547
1656.3689575195312 0.9983451119118927 0.0001754677892267272
1656.3897705078125 1.0014801382162586 0.00017541577443745974
1656.4105834960938 1.000386739331701 0.00017522431449274934
1656.4314575195312 0.9997607970822227 0.00017536707641026538
1656.4522705078125 0.9996764139823514 0.0001753232641241245
1656.4730834960938 0.9989210452515062 0.00017536966206262915
1656.4939575195312 1.0010228711331117 0.0001755273570980642
1656.5147705078125 0.9997700204646202 0.00017582096238185935
1656.5355834960938 1.0008857987725923 0.00017573384654022184
1656.5564575195312 0.9990044170070709 0.00017589422250194057
1656.5772705078125 0.999921052606309 0.00017599400869243632
1656.5980834960938 1.0004085922609 0.00017642415606256449
1656.6189575195312 1.0000990462353232 0.00017646274280238227
1656.6397705078125 1.0000895695519822 0.00017641786762016885
1656.6605834960938 0.9997909708351745 0.00017640565161622986
1656.6814575195312 0.9992954595651181 0.00017627083279472995
1656.7022705078125 1.0009441701729325 0.00017623907625201007
1656.7230834960938 0.9996051082617835 0.00017593430124812943
1656.7439575195312 1.0004026196446167 0.0001761555251489053
1656.7647705078125 1.0003394785763715 0.0001759812341677224
1656.7855834960938 0.998687347015572 0.00017610193265524097
1656.8064575195312 1.001170156366496 0.0001760660718734265
1656.8272705078125 0.9988782848456063 0.00017589555561671672
1656.8480834960938 1.0009861936912376 0.00017598850226404516
1656.8689575195312 0.9996419905477478 0.00017568800326929346
1656.8897705078125 1.0000660637454144 0.00017573478305643595
1656.9105834960938 0.9999971573075145 0.00017535396291925047
1656.9314575195312 0.9994096413805906 0.00017511351275424216
1656.9522705078125 1.0005983785227655 0.00017499051729539278
1656.9730834960938 1.0002740323055284 0.00017473125012264885
1656.9939575195312 1.0001378589568761 0.0001744199784346527
1657.0147705078125 0.9995648122881166 0.0001741590357084588
1657.0355834960938 0.9990617469602708 0.00017393682902202453
1657.0564575195312 1.0010950594532069 0.0001738759971686989
1657.0772705078125 0.9998645480256124 0.0001737650097358689
1657.0980834960938 1.000238329552261 0.00017393639476322257
1657.1189575195312 0.9993697293679409 0.00017380485230213816
1657.1397705078125 1.0006859245564699 0.00017394086041433088
1657.1605834960938 0.9998967508047848 0.0001740948352843131
1657.1814575195312 0.9994787671338016 0.0001741044815876098
1657.2022705078125 0.9999984472406276 0.0001740449627724499
1657.2230834960938 1.000484727112376 0.00017403614928020915
1657.2439575195312 0.9997315927709993 0.00017416964513369043
1657.2647705078125 1.0002178657390093 0.0001740693701976968
1657.2855834960938 1.0003723122610717 0.00017393925474083988
1657.3064575195312 0.99893428656606 0.00017353356732234982
1657.3272705078125 1.0002962279293812 0.0001733274474965854
1657.3689575195312 0.9998035220099455 0.00017278901803271602
1657.3897705078125 1.0005555633067458 0.00017284331146302516
1657.4105834960938 1.0009662375718182 0.00017275177345426744
1657.4314575195312 0.9985828204366907 0.00017256473371658813
1657.4522705078125 1.0002461283910986 0.00017266584774317092
1657.4730834960938 1.0004039693871754 0.0001727477859407855
1657.4939575195312 0.9991446806085263 0.00017269040601009648
1657.5147705078125 1.0002060399457677 0.00017286514925616466
1657.5355834960938 1.0002173071344247 0.0001730504111454079
1657.5564575195312 0.9998381978396486 0.000173300061669819
1657.5772705078125 1.0014740182729516 0.00017368519132542352
1657.5980834960938 0.9992931970099119 0.00017359958375903515
1657.6189575195312 0.9991695011504926 0.00017365557598424187
1657.6397705078125 0.9992508693647332 0.00017378204501798794
1657.6605834960938 1.0014299360581629 0.00017382577383919884
1657.6814575195312 0.9999446261229328 0.0001736365335379696
1657.7022705078125 1.0001846240570929 0.00017362769994014234
1657.7230834960938 0.998940797046037 0.0001735877081279818
1657.7439575195312 1.0002623586523942 0.00017370467236941026
1657.7647705078125 1.0006448872116258 0.000173531933063143
1657.7855834960938 0.9998081699878252 0.00017345657856976184
1657.8064575195312 1.0001003594705191 0.0001735046668078413
1657.8272705078125 0.999397078388507 0.00017347070575105268
1657.8480834960938 1.0005854296023269 0.0001734448274550237
1657.8689575195312 0.9994398726188923 0.00017343490687368198
1657.8897705078125 1.000519629060438 0.00017337314914379318
1657.9105834960938 0.9998562104560267 0.0001732442919334932
1657.9314575195312 1.00036432804279 0.00017310465992112582
1657.9522705078125 0.9992798861715115 0.00017288135182144763
1657.9730834960938 1.0002569614886887 0.0001728488705936117
1657.9939575195312 1.0002058318607856 0.0001726404283685356
1658.0147705078125 0.9991649537559898 0.0001723017435128289
1658.0355834960938 1.0012671506528117 0.0001722882535731222
1658.0564575195312 0.999691406379716 0.00017231749322682671
1658.0772705078125 0.9997647149493254 0.00017224376890194587
1658.0980834960938 0.9999074099931393 0.00017230587289631102
1658.1189575195312 0.9998544627616908 0.00017224352109350053
1658.1397705078125 1.000227784694414 0.0001723558397864779
1658.1605834960938 0.9997502128257606 0.0001723115658620154
1658.1814575195312 1.0007287178525133 0.00017241523068849625
1658.2022705078125 0.9992667752196113 0.000172579692254878
1658.2230834960938 1.0007473116395882 0.0001729223861617309
1658.2439575195312 0.9998327961635617 0.00017276814388569317
1658.2647705078125 0.9990257157106593 0.00017275617742629562
1658.2855834960938 1.000333176583236 0.00017262801967189248
1658.3064575195312 1.0004713722813032 0.0001726418391115336
1658.3272705078125 0.9998914188865282 0.0001721578033623725
1658.3480834960938 0.9998309478148518 0.00017192803346515424
1658.3689575195312 1.0001035090223647 0.00017183997038426333
1658.3897705078125 1.0003579260171471 0.00017177842074363566
1658.4105834960938 0.9996748414149073 0.00017158067742447327
1658.4314575195312 0.9996082365194071 0.00017150447271364796
1658.4522705078125 1.0003098336322962 0.00017158441057771155
1658.4730834960938 0.99966844634718 0.00017139367394005677
1658.4939575195312 1.0011462463698908 0.00017151101822551312
1658.5147705078125 0.9991511102247478 0.00017157872675141524
1658.5355834960938 1.000188630419658 0.00017184695569855108
1658.5564575195312 0.9999302427222568 0.00017192726648093839
1658.5772705078125 1.0000454598132107 0.00017204491966508483
1658.5980834960938 0.9995812520549187 0.00017221869508745474
1658.6189575195312 1.0005260917189762 0.00017216608104509256
1658.6397705078125 0.9998667865011499 0.0001721608775448697
1658.6605834960938 0.9995260872467204 0.00017202352510709414
1658.6814575195312 1.000182551336687 0.00017217172779634567
1658.7022705078125 1.0002142389948911 0.00017211493508431357
1658.7230834960938 0.9976041775965935 0.00017190098386594645
1658.7439575195312 1.0011500599205134 0.00017200973454362968
1658.7647705078125 0.998553139587511 0.00017180332735117118
1658.7855834960938 0.9997516617983647 0.000171834373855013
1658.8064575195312 1.0009390345866374 0.0001718183726161934
1658.8272705078125 0.9995688459351889 0.00017182016480972063
1658.8480834960938 1.0002365364896855 0.000171885631966801
1658.8689575195312 0.9999401276576443 0.00017191152392320193
1658.8897705078125 0.9998775163781033 0.00017215420114611768
1658.9105834960938 0.9998817492265182 0.00017181308663522698
1658.9314575195312 0.9998770442978373 0.00017175903565936384
1658.9522705078125 1.0004813201501483 0.00017156098450045966
1658.9730834960938 0.9994201718048373 0.00017130088535455447
1658.9939575195312 1.000370917712495 0.00017126861743916252
1659.0147705078125 1.00032115316052 0.00017114827666515314
1659.0355834960938 0.9995526673219463 0.00017100781942091804
1659.0564575195312 1.000173801596552 0.00017104971481179577
1659.0772705078125 1.0003606203422601 0.0001712422575762183
1659.0980834960938 0.9992913377562426 0.0001711054032389248
1659.1189575195312 1.000178420731613 0.00017096284145005095
1659.1397705078125 0.9994480966911828 0.00017095614482845752
1659.1605834960938 1.0014481682102327 0.00017105738060695517
1659.1814575195312 0.9991790433269783 0.00017122780172142826
1659.2022705078125 0.9998556151860308 0.00017118775696474354
1659.2230834960938 0.9999450134224748 0.0001711473418917475
1659.2439575195312 1.0003512039319529 0.0001712731490895083
1659.2647705078125 1.0005007191559665 0.00017131985465515051
1659.2855834960938 0.9992729191734929 0.00017106705725633746
1659.3064575195312 1.0001815558273437 0.00017097681011432467
1659.3272705078125 0.9988670679765417 0.00017091924054309858
1659.3480834960938 1.0010926183613236 0.00017089775573755637
1659.3689575195312 1.0006427458267448 0.00017080335229908332
1659.3897705078125 0.9994628158185023 0.0001706228502235765
1659.4105834960938 1.000094339750594 0.000170742275690231
1659.4314575195312 0.9996255888382407 0.00017055153906977226
1659.4522705078125 1.0001654518654737 0.0001707299450802851
1659.4730834960938 0.9995079365599816 0.00017059755965896466
1659.4939575195312 1.000340856373297 0.00017059615632512173
1659.5147705078125 0.9998630713372599 0.00017069919213016205
1659.5355834960938 1.0003115790653565 0.0001707902832480181
1659.5564575195312 1.0006723237653772 0.0001710468472212942
1659.5772705078125 0.9992037035732031 0.00017083485708911187
1659.5980834960938 1.0002524991590376 0.00017096643920373107
1659.6189575195312 0.9994090620764539 0.00017093455708052296
1659.6397705078125 1.0004153625679821 0.00017108949313356773
1659.6605834960938 0.9997497432835267 0.00017117590039897752
1659.6814575195312 1.0001465709690402 0.00017102299872158043
1659.7022705078125 0.9999826459428077 0.00017107277724860104
1659.7230834960938 1.0007611352448404 0.00017111777325315704
1659.7439575195312 0.9997943123929734 0.00017103069116015425
1659.7647705078125 0.9996251933343898 0.00017098836993644366
1659.7855834960938 0.9991970529158508 0.00017092510950618764
1659.8064575195312 1.0005113236252967 0.00017100698412576474
1659.8272705078125 1.0001666423606916 0.00017112255019144425
1659.8480834960938 1.0005043346909137 0.00017111563181846683
1659.8689575195312 0.9998567426837657 0.00017109642182838969
1659.8897705078125 0.9996658731132366 0.00017122922945779262
1659.9105834960938 0.9995593902955806 0.00017106332210826974
1659.9314575195312 1.0003724254837083 0.00017098765170322643
1659.9522705078125 0.999952624644364 0.00017079561827711685
1659.9730834960938 1.000452842640468 0.00017079486085208888
1659.9939575195312 1.000217598935926 0.00017073114515689473
1660.0147705078125 0.9993730275557402 0.0001704549554254942
1660.0355834960938 0.999731986715256 0.00017057365367190353
1660.0564575195312 1.000152197350246 0.00017039934329296058
1660.0772705078125 1.000455844923369 0.00017019908530468844
1660.0980834960938 0.9998607378920784 0.00017000875246246905
1660.1189575195312 0.9999988512559606 0.00017006258932952234
1660.1397705078125 0.9995005810857572 0.00017010736051000373
1660.1605834960938 1.000648692941167 0.0001701866657297156
1660.1814575195312 0.9999961589696958 0.00017012387308490816
1660.2022705078125 0.9995267255497927 0.0001702456976258811
1660.2230834960938 1.000352487342417 0.00017021150597732989
1660.2439575195312 1.0000685487511285 0.00017016142780624667
1660.2647705078125 0.9996628702488661 0.00017010919305328237
1660.2855834960938 1.0000015324585452 0.0001702067124821774
1660.3064575195312 1.0006336435341436 0.00017019045628179657
1660.3272705078125 0.9991143590307244 0.00017012718239751206
1660.3480834960938 1.0001363855962324 0.0001700985030607505
1660.3689575195312 0.9998894799366931 0.00016988160745032383
1660.3897705078125 1.000725795630618 0.00016979245364270976
1660.4105834960938 1.0003728947900796 0.00016985430353964586
1660.4314575195312 0.9989704861226778 0.00016965367015460387
1660.4522705078125 1.0001358268699065 0.0001697463314529069
1660.4730834960938 0.9999685779749073 0.00016977169288382612
1660.4939575195312 1.000154589705528 0.0001699756867300987
1660.5147705078125 1.000578617850968 0.00016998526472445863
1660.5355834960938 0.9996602109225157 0.00017002802298955106
1660.5564575195312 0.9992878697831896 0.00017006912066602675
1660.5772705078125 1.0004082765718287 0.00017006451709064137
1660.5980834960938 1.0003493725161579 0.00017012472647916148
1660.6189575195312 0.9993327867686445 0.00017032204138101755
1660.6397705078125 1.0006379140258783 0.00017036872823667846
1660.6605834960938 0.9998889860054547 0.0001704097487889006
1660.6814575195312 0.999994117999747 0.0001704531748984562
1660.7022705078125 1.000043188636929 0.0001704824341460468
1660.7439575195312 0.9998082057484176 0.00017026224620350148
1660.7647705078125 0.9997653590596944 0.0001702633754196289
1660.7855834960938 1.0002174197635199 0.00017046264549755924
1660.8064575195312 1.0002984353281212 0.0001703666891415572
1660.8272705078125 1.0002603926777662 0.00017050254476082957
1660.8480834960938 0.9991413329129847 0.0001705695057644607
1660.8689575195312 1.0000845621363526 0.00017055953001304987
1660.8897705078125 1.0007156629607274 0.0001705027805800001
1660.9105834960938 0.9994532387062658 0.0001704212702241986
1660.9314575195312 1.0001982237816895 0.00017036331768385617
1660.9522705078125 0.9995374953979145 0.0001703634597662796
1660.9730834960938 1.000270233407227 0.00017013127716013888
1660.9939575195312 1.000139473663712 0.00017012817285455968
1661.0147705078125 1.0003895037525894 0.00016996254552818752
1661.0355834960938 0.9996697037798266 0.00016990038633782912
1661.0564575195312 0.999893658318113 0.00016967708747178586
1661.0772705078125 0.999776477875107 0.00016956700391928918
1661.0980834960938 1.000604477117274 0.00016979117963851
1661.1189575195312 0.9995157573508898 0.00016965648748086404
1661.1397705078125 1.0001584264553898 0.0001695815958192223
1661.1605834960938 0.9998649998137972 0.00016963700203184384
1661.1814575195312 0.9995748202037058 0.00016948830756593653
1661.2022705078125 1.0007436175389963 0.000169521258028843
1661.2230834960938 0.9999561288679255 0.00016940580793601464
1661.2439575195312 1.0002360766780667 0.0001695359799890679
1661.2647705078125 0.9992267965181448 0.0001695167653661415
1661.2855834960938 0.9999318797985456 0.00016946258154206537
1661.3064575195312 1.0008181673891272 0.0001695405745417631
1661.3272705078125 0.9997051846499286 0.00016966074523587187
1661.3480834960938 1.0007374196032122 0.00016955788835604926
1661.3689575195312 0.9987720468326006 0.00016916472671118938
1661.3897705078125 0.9996221352538759 0.00016916010181820083
1661.4105834960938 1.000992393198793 0.00016924343816220047
1661.4314575195312 0.9994695752780618 0.0001691839333243991
1661.4522705078125 1.0011024580906471 0.00016928524058232856
1661.4730834960938 0.998744338401382 0.00016915870843779682
1661.4939575195312 1.0010515936690025 0.0001693406657730973
1661.5147705078125 0.9990343770560379 0.00016944402236188924
1661.5355834960938 1.0004389837601977 0.00016957748139713493
1661.5564575195312 0.9998716992844977 0.00016954057720398486
1661.5772705078125 0.9998835768965045 0.0001696323334137492
1661.5980834960938 1.000247472809298 0.0001698070042133723
1661.6189575195312 0.9997344385425524 0.00016984123160384564
1661.6397705078125 1.0002618755372503 0.00016991494825516302
1661.6605834960938 1.0008517305838296 0.00017010817504961915
1661.6814575195312 0.9989890166930055 0.00016998507964810126
1661.7022705078125 0.9995596454076935 0.00017010637932762113
1661.7230834960938 1.0001188214767738 0.0001699528505926175
1661.7439575195312 1.0005906994222933 0.00016999491777696592
1661.7647705078125 0.9996938412078077 0.00017002350317718579
1661.7855834960938 1.0006502403436723 0.00016993375450505169
1661.8064575195312 0.9999271646126013 0.00017013389603631678
1661.8272705078125 0.9989501936263926 0.00016993005980374986
1661.8480834960938 1.0004833777916702 0.00016999535312206665
1661.8689575195312 1.0005616173785425 0.00017006491367303078
1661.8897705078125 0.9991511944131776 0.00017000532086888675
1661.9105834960938 1.0010953160350329 0.00017012759681344792
1661.9314575195312 0.9987290729365412 0.00016999221160361126
1661.9522705078125 1.0004688931368955 0.0001700298791138729
1661.9730834960938 1.0003231162523885 0.00016999409319393212
1661.9939575195312 0.9996729868320591 0.00016977136465225187
1662.0147705078125 1.0008066342453121 0.00016971848169095288
1662.0355834960938 0.9993188156236887 0.0001694502719902895
1662.0564575195312 0.9995484864147729 0.0001694599908690262
1662.0772705078125 1.0001845145075043 0.00016951681113073
1662.0980834960938 1.0003115620652456 0.00016931937189837155
1662.1189575195312 1.000209317056434 0.000169225704957618
1662.1397705078125 0.9998078701813702 0.00016915102691533927
1662.1605834960938 0.9999676444483077 0.0001690507978294317
1662.1814575195312 0.9996953332587386 0.0001689642949018219
1662.2022705078125 1.0001078400795802 0.00016889087064071433
1662.2230834960938 1.0001283023521645 0.00016892020719943556
1662.2439575195312 1.0004108873364388 0.0001689551499839089
1662.2647705078125 0.9999014012341167 0.00016908557964022628
1662.2855834960938 0.9999000933213081 0.00016902224850294005
1662.3064575195312 0.9999283389388377 0.00016890699531022923
1662.3272705078125 0.9993564595742865 0.00016881221245339766
1662.3480834960938 1.0001485295872403 0.00016880197646653754
1662.3689575195312 1.0007025534870457 0.000168624856890297
1662.3897705078125 1.0000502373602846 0.00016858528721618946
1662.4105834960938 0.999405074903537 0.00016851674717500154
1662.4314575195312 1.0001286646858543 0.00016851158248357262
1662.4522705078125 1.0002948381068097 0.00016855242909422023
1662.4730834960938 0.9998230603245061 0.0001685077222284726
1662.4939575195312 1.0000297825488158 0.00016839666064557906
1662.5147705078125 0.9996384368512651 0.00016865939808749422
1662.5355834960938 1.0002080963809015 0.00016853809372551217
1662.5564575195312 1.000551524762033 0.000168599305003153
1662.5772705078125 0.9998431408268366 0.0001686854098600786
1662.5980834960938 0.9994836552877973 0.0001688219890475597
1662.6189575195312 1.000119026040161 0.00016885805940433472
1662.6397705078125 1.000429252801293 0.0001689299565559014
1662.6605834960938 0.9993842669868576 0.00016896968809553548
1662.6814575195312 0.9953293624739254 0.00016866709221420175
1662.7022705078125 0.9925415800295359 0.00016842072603111193
1662.7230834960938 0.9977919563761237 0.00016881030394042521
1662.7439575195312 0.9999597407946691 0.00016887765847540084
1662.7647705078125 1.0005256398798634 0.00016884100149434204
1662.7855834960938 0.9992988708842192 0.00016876198601623445
1662.8064575195312 1.0008539096272837 0.00016891167918885375
1662.8272705078125 1.0003537716218445 0.00016866712016111278
1662.8480834960938 0.9997063824154651 0.00016884136450492768
1662.8689575195312 0.9991298226497025 0.00016886461082155153
1662.8897705078125 1.000154779585271 0.00016879941873876414
1662.9105834960938 0.9998939832738396 0.00016880956251422825
1662.9314575195312 1.0002584882461336 0.00016877465250750723
1662.9522705078125 1.0009301167190097 0.00016872789814398572
1662.9730834960938 0.9996678713537599 0.00016863680191496467
1662.9939575195312 0.9996480039907377 0.0001684551206524144
1663.0147705078125 0.9997754097621521 0.00016848318986948966
1663.0355834960938 0.9992063984210925 0.00016839506260897546
1663.0564575195312 1.0009537866985518 0.0001682356300205382
1663.0772705078125 0.999895678282608 0.0001681081579087143
1663.0980834960938 1.0005460362153404 0.0001680974635211776
1663.1189575195312 0.9995037461339537 0.0001679562179716295
1663.1397705078125 1.000431821786605 0.00016809034351836208
1663.1605834960938 0.9996070755073269 0.00016796711792628352
1663.1814575195312 0.99995833558659 0.00016808202591289708
1663.2022705078125 0.9999761318431728 0.00016821895294630808
1663.2230834960938 0.999965309621272 0.0001681386978460125
1663.2439575195312 1.000453379396471 0.0001684118517631212
1663.2647705078125 0.9996472171619888 0.00016810306599936996
1663.2855834960938 0.99988795053503 0.00016805601809886348
1663.3064575195312 0.9997352903449689 0.0001679357762733881
1663.3272705078125 0.9999009840566351 0.00016796851478092633
1663.3480834960938 1.00081458003426 0.0001679525726432308
1663.3689575195312 0.9995926089926882 0.00016774629991423557
1663.3897705078125 1.0003969931363341 0.00016775422642346702
1663.4105834960938 0.999703861361448 0.00016765194478779495
1663.4314575195312 1.0004772996825297 0.00016768760701033248
1663.4522705078125 0.9989562818446401 0.00016750190599403822
1663.4730834960938 1.0005685242173479 0.00016756726585824325
1663.4939575195312 1.0000112863262638 0.00016752432600562276
1663.5147705078125 1.0005699860929398 0.00016765635142247678
1663.5355834960938 0.9991368016969755 0.00016766969827181514
1663.5564575195312 0.9995722786431637 0.00016770521245091513
1663.5772705078125 1.0004389463403438 0.0001677441770655258
1663.5980834960938 1.0006269085381791 0.00016778644656741736
1663.6189575195312 0.9997501123575367 0.00016806327755926708
1663.6397705078125 1.0001796154239733 0.00016786202304585265
1663.6605834960938 0.9998897339637577 0.00016795107154537908
1663.6814575195312 0.9989143950373597 0.00016801705407889212
1663.7022705078125 1.0009987841650931 0.0001681434981373139
1663.7230834960938 0.9997472977494555 0.00016814041012736547
1663.7439575195312 1.000658657367113 0.00016811611020516552
1663.7647705078125 0.9997018036208728 0.00016811370437397718
1663.7855834960938 0.999332589013184 0.00016789717797733406
1663.8064575195312 1.0004172056803418 0.00016813548457801227
1663.8272705078125 0.9997188968424966 0.00016791014556157103
1663.8480834960938 1.001150971293138 0.0001680879070448982
1663.8689575195312 0.9989978238747632 0.00016797031582422791
1663.8897705078125 0.9998398841690413 0.0001680801003444962
1663.9105834960938 1.0003241947201518 0.0001679586406880316
1663.9314575195312 0.9995964318397473 0.0001678803643506562
1663.9522705078125 1.0009149773712447 0.00016779123467113992
1663.9730834960938 0.9989572031963572 0.000167664257987952
1663.9939575195312 1.000874460557533 0.00016776686914963043
1664.0147705078125 0.9995761564386924 0.0001676864945160753
1664.0355834960938 1.0004812397116458 0.00016759678434287816
1664.0564575195312 0.9999567608014515 0.00016753456940663735
1664.0772705078125 0.9992207156554898 0.000167417204591455
1664.1189575195312 0.999869603852486 0.00016737552916370457
1664.1397705078125 1.000477624252811 0.00016740391807996513
1664.1605834960938 1.0006251534675337 0.0001673008630401809
1664.1814575195312 0.9993300699899259 0.00016736536706131854
1664.2022705078125 0.9997910773746778 0.00016727469339934868
1664.2230834960938 1.000205619530406 0.0001671964375366215
1664.2439575195312 1.000496280688822 0.00016736758175670086
1664.2647705078125 1.0000285014006518 0.00016717074694742523
1664.2855834960938 0.9993576211370696 0.00016710992982585827
1664.3064575195312 0.9997537625329164 0.0001671961615525854
1664.3272705078125 1.000301427601799 0.00016724484020277082
1664.3480834960938 1.0009437138205945 0.00016724551233990816
1664.3689575195312 0.999300448145181 0.00016715542558156206
1664.3897705078125 0.9996197995783148 0.00016717075045950754
1664.4105834960938 1.0004779800044263 0.00016700702820227477
1664.4314575195312 0.9996649822972454 0.00016681781545722856
1664.4522705078125 1.0006441364541887 0.00016687524091574864
1664.4730834960938 0.9985951682780511 0.00016663996358041137
1664.4939575195312 1.000693684258955 0.00016673844710417979
1664.5147705078125 1.000877117928867 0.00016675636480433507
1664.5355834960938 0.9991711192749958 0.00016662575543184083
1664.5564575195312 1.0006326813481539 0.0001667368761591831
1664.5772705078125 0.99963499046365 0.00016657925856513944
1664.5980834960938 0.9997315940187096 0.00016656858794353427
1664.6189575195312 1.0001060978926033 0.00016654179966802036
1664.6397705078125 0.999533220750599 0.0001666484164637588
1664.6605834960938 1.000962741428129 0.0001666361977561957
1664.6814575195312 0.9996126791707082 0.0001666430728256649
1664.7022705078125 1.000513771818874 0.0001668768186910459
1664.7230834960938 0.9990882312795214 0.0001666160872527044
1664.7439575195312 1.0006995774297986 0.0001665779445888559
1664.7647705078125 0.9992049030546842 0.00016642912637824332
1664.7855834960938 1.0001970996823302 0.0001664482841041089
1664.8064575195312 1.0002344387696729 0.0001664919869657762
1664.8272705078125 1.0001694373141552 0.00016653250437741743
1664.8480834960938 0.9999952847062493 0.00016634743830833847
1664.8689575195312 0.9998660285875466 0.00016629963148136396
1664.8897705078125 0.9999656916931644 0.00016631370250512443
1664.9105834960938 1.0004128712169813 0.00016616845039292154
1664.9314575195312 0.9994426548459574 0.00016614736303950024
1664.9522705078125 1.00016131514303 0.00016619080250494868
1664.9730834960938 1.0004953730571247 0.00016608122568704766
1664.9939575195312 0.9993102919496604 0.00016634165278820565
1665.0147705078125 0.999666271711555 0.0001660404639512096
1665.0355834960938 1.000829446133454 0.000165906050187331
1665.0564575195312 0.9996479312568866 0.00016574380605047592
1665.0772705078125 0.999984170679869 0.00016568102546111695
1665.0980834960938 1.0002100488381571 0.00016571903193454422
1665.1189575195312 0.9996432906423954 0.00016564559275881706
1665.1397705078125 1.000167958290105 0.00016551938032823352
1665.1605834960938 1.0007251286908716 0.00016559387861456306
1665.1814575195312 0.9994641436688202 0.00016561599460037692
1665.2022705078125 0.999625610591415 0.00016555135240341022
1665.2230834960938 1.0000297698649 0.00016562301698659938
1665.2439575195312 1.000154928238054 0.00016535835460013539
1665.2647705078125 1.000418368500187 0.0001654163173663344
1665.2855834960938 0.9994062602429712 0.00016552601542052538
1665.3689575195312 1.000525377856299 0.000165398558906225
1665.3897705078125 0.9991390140902746 0.00016528477532878086
1665.4105834960938 1.000815242858615 0.00016546592916079022
1665.4314575195312 1.0000317523070603 0.00016535848224968018
1665.4522705078125 0.9993166660076778 0.00016524169806721208
1665.4730834960938 1.0005257102286271 0.00016546815373069999
1665.4939575195312 0.9998441851449661 0.00016536026353681057
1665.5147705078125 1.0002111426148321 0.0001654002217302841
1665.5355834960938 1.0001971154866443 0.00016544093921514176
1665.5564575195312 0.9994656778800751 0.00016537913834896274
1665.5772705078125 0.9999667439254919 0.00016527605309008014
1665.5980834960938 1.0005095956801688 0.0001653696467765696
1665.6189575195312 0.9991940808563798 0.0001653969351556588
1665.6397705078125 1.0007186313568663 0.00016544547611613107
1665.6605834960938 0.9999679367675827 0.000165386063324969
1665.6814575195312 0.9996003333833989 0.00016538631869354218
1665.7022705078125 1.0001529337018056 0.0001653685362596373
1665.7230834960938 0.9999821328708997 0.00016531621148113066
1665.7439575195312 1.0000241764710385 0.00016544903371710866
1665.7647705078125 0.9999901345453488 0.00016527779185673974
1665.7855834960938 1.000268284517229 0.000165401908755709
1665.8064575195312 1.0003410821371468 0.00016542906253983375
1665.8272705078125 0.9989494526272514 0.00016539054211442135
1665.8480834960938 1.0007834339818253 0.00016554439018228744
1665.8689575195312 0.9993889179856494 0.00016546786847818976
1665.8897705078125 1.0009275911346045 0.00016545709680717207
1665.9105834960938 0.9991232974253447 0.0001654190358967558
1665.9314575195312 1.000303287440441 0.000165501472208555
1665.9522705078125 0.9996623352578554 0.0001654673248667326
1665.9730834960938 0.9998206373275585 0.0001655677168516083
1665.9939575195312 1.000767574324058 0.0001656000037451929
1666.0147705078125 1.0001250702135078 0.0001656344373455988
1666.0355834960938 1.000054550617784 0.00016546192954802072
1666.0564575195312 0.999457747725838 0.00016533209191886048
1666.0772705078125 0.9997085322916732 0.00016542345565291212
1666.0980834960938 1.0001534537402161 0.0001656288752149396
1666.1189575195312 1.000098389169679 0.00016573587634098448
1666.1397705078125 1.000131930277363 0.00016544847779684655
1666.1605834960938 1.000110096156409 0.0001654866273854826
1666.1814575195312 1.0003517807484505 0.00016548545885051503
1666.2022705078125 0.9998972108185984 0.00016558428190963402
1666.2230834960938 0.9991048619488921 0.00016548279670977365
1666.2439575195312 1.000353160636293 0.000165517683340955
1666.2647705078125 1.000204723388457 0.00016559756997439943
1666.2855834960938 1.0001999052550166 0.00016562281219000463
1666.3064575195312 0.9997346716934652 0.0001656798192463426
1666.3272705078125 1.0000288467463139 0.00016552836524537845
1666.3480834960938 1.000350578579848 0.00016564457124948308
1666.3689575195312 0.9992701932479381 0.00016556378856136036
1666.3897705078125 1.0002804260984943 0.0001655067308586625
1666.4105834960938 1.0002539302947262 0.00016556688942480656
1666.4314575195312 0.9994688358049105 0.000165512280022813
1666.4522705078125 1.0004816287811165 0.00016562078396746248
1666.4730834960938 0.9999205584642179 0.0001655760061476983
1666.4939575195312 1.0007288450027008 0.00016567921107493846
1666.5147705078125 0.9993930540231408 0.0001656529769644772
1666.5355834960938 0.9992983016665544 0.00016549122973736678
1666.5564575195312 1.0006207007278742 0.0001657210668629672
1666.5772705078125 0.9994986611842462 0.00016547920956035085
1666.5980834960938 1.0008019510434552 0.0001656356252639515
1666.6189575195312 0.9996101758513295 0.00016559734787963042
1666.6397705078125 1.0002735541676548 0.0001656520604416359
1666.6605834960938 0.9994991646762803 0.00016548574997406575
1666.6814575195312 0.9997756781827503 0.0001654654118192987
1666.7022705078125 1.0011089435769585 0.00016552078606749837
1666.7230834960938 0.9994775121940062 0.00016552022497036233
1666.7439575195312 0.9996981096231493 0.0001656302319849055
1666.7647094726562 1.0002169520800261 0.00016554907004640547
1666.7855834960938 1.000202531631858 0.00016557161842693755
1666.806396484375 0.9996896252649496 0.00016551764398544077
1666.8272094726562 1.0005161269152285 0.0001655331923283718
1666.8480834960938 0.9990807382387076 0.00016546114192070104
1666.868896484375 1.0003146351243017 0.0001655326648656503
1666.8897094726562 1.0005513501199954 0.0001656635503093357
1666.9105834960938 0.9995883974290511 0.00016554127244509885
1666.931396484375 0.9997253114639592 0.00016551417527477648
1666.9522094726562 1.0003557097876317 0.0001656153513308158
1666.9730834960938 0.9997549432238988 0.0001655948639898218
1666.993896484375 1.0003293864133924 0.00016554040371487508
1667.0147094726562 0.9999254087636918 0.00016549069315532352
1667.0355834960938 1.000199769883742 0.0001656255544079553
1667.056396484375 0.9999383222767969 0.0001656821219793738
1667.0772094726562 0.9999678213695263 0.00016563545446572983
1667.0980834960938 0.9997277861025257 0.00016580171632828302
1667.118896484375 1.0001034216663456 0.00016559603677396395
1667.1397094726562 0.999811916259242 0.00016554732532301957
1667.1605834960938 0.9999319629297956 0.00016552291094841016
1667.181396484375 1.0001534713004174 0.00016996687169546125
1667.2022094726562 1.0000762433847687 0.00016561961476954353
1667.2230834960938 1.000139239715591 0.00016556431982930715
1667.243896484375 1.0004782265784196 0.00016557450020368518
1667.2647094726562 0.9997816309915338 0.0001656755720320754
1667.2855834960938 0.9991115169830325 0.0001656831415056462
1667.306396484375 1.0002066198384532 0.0001656765738744677
1667.3272094726562 1.0002492806134506 0.00016559833765198692
1667.3480834960938 1.0003163382613485 0.0001656484906031853
1667.368896484375 0.9997442003537462 0.00016559210249961822
1667.3897094726562 1.0002246140744064 0.00016561512455445237
1667.4105834960938 0.9998340560856047 0.00016565375824327815
1667.431396484375 0.9997504765185093 0.0001655955836871911
1667.4522094726562 1.0005523295618652 0.00016559484376556176
1667.4730834960938 0.9991060126541598 0.0001656121809100733
1667.493896484375 1.0003666696751936 0.00016559168306435433
1667.5147094726562 1.000461199478613 0.00016552976909108813
1667.5355834960938 0.9998310190171315 0.00016550379199741698
1667.556396484375 1.000076195165172 0.00016563314435949028
1667.5772094726562 0.999660339908416 0.00016560491137102324
1667.5980834960938 0.9998614834782127 0.0001657379988237331
1667.618896484375 1.0001537541403367 0.00016577685050792677
1667.6397094726562 0.9997666045700784 0.00016561785448426653
1667.6605834960938 0.9998209629223211 0.0001655824604683899
1667.681396484375 1.000320773498713 0.00016578842253923745
1668.6397094726562 0.9997789076535101 0.00016943310681981585
1668.6605834960938 1.0000226081207393 0.00017001014363189217
1668.681396484375 1.0004964446891085 0.00017070091263345736
1668.7022094726562 0.9999109531390681 0.00017119505236445854
1668.7230834960938 1.0000596511508975 0.00017200619438787707
1668.743896484375 0.9991242158507275 0.00017265137966980673
1668.7647094726562 1.000910114165157 0.000173484830263008
1668.7855834960938 0.9998534867348307 0.00017438223606526448
1668.806396484375 0.9999391359724867 0.00017531087889538743
1668.8272094726562 1.000193157115205 0.00017591684462666524
1668.8480834960938 1.0004841352471652 0.00017658862137727218
1668.868896484375 0.9989949597917078 0.0001769927929323864
1668.8897094726562 0.9996702008769391 0.0001772312554937341
1668.9105834960938 1.0011719117468576 0.0001772863491816425
1668.931396484375 0.9989350086511618 0.0001769725597994071
1668.9522094726562 1.0007750074567119 0.00017693960166725696
1668.9730834960938 0.9997550288874222 0.00017678112744717455
1668.993896484375 0.9999535852385669 0.00017687717715693412
1669.0147094726562 1.0004637963462657 0.00017710282532671333
1669.0355834960938 0.9989286596715977 0.00017736169236855814
1669.056396484375 1.0007450858178855 0.00017784244860528714
1669.0772094726562 0.9998128272499309 0.00017810368258336801
1669.0980834960938 1.0008178457229921 0.00017829691060683667
1669.118896484375 0.9991355553017848 0.00017871002469732193
1669.1397094726562 0.9999338260125533 0.00017871733700815457
1669.1605834960938 1.0010129463616462 0.00017896018959107088
1669.181396484375 0.9985219557622514 0.00017922135044763193
1669.2022094726562 1.0002447101556704 0.00017942509066751368
1669.2230834960938 1.0006784551058956 0.0001795689609335949
1669.243896484375 0.999925376496103 0.00017965278343740637
1669.2647094726562 0.9998173587524283 0.00017967700483915655
1669.2855834960938 0.9999167179529516 0.0001795203411724882
1669.306396484375 1.0000717215164552 0.00017963978720602857
1669.3272094726562 1.0003190996565627 0.00017970758224319873
1669.3480834960938 1.0000279761386939 0.00017964411539469685
1669.368896484375 0.9996345563018627 0.00017985038977482245
1669.3897094726562 0.9992150222539578 0.00017981191382749682
1669.4105834960938 1.000655902787757 0.00017994418507999522
1669.431396484375 1.0008454875818427 0.00018005547849865106
1669.4522094726562 0.9993846872682354 0.0001802774239016457
1669.4730834960938 1.0004022509331836 0.0001805436824671099
1669.493896484375 0.9993850263524308 0.0001809090674377383
1669.5147094726562 0.9993841644894462 0.00018106003593904854
1669.5355834960938 1.000727485748792 0.00018128917745927623
1669.556396484375 1.000361806282793 0.00018150388415635638
1669.5772094726562 0.999866701041621 0.0001814913103995324
1669.5980834960938 1.0000233196882864 0.00018146659609631697
1669.618896484375 0.999797539114296 0.00018124145792398525
1669.6397094726562 0.999932851649919 0.0001812080693448918
1669.6605834960938 1.000059092744364 0.0001810361503135583
1669.681396484375 1.000026328708742 0.0001804819718747072
1669.7022094726562 0.999947869491317 0.00018017335344094884
1669.7230834960938 0.9996478918371255 0.00017988540028045469
1669.743896484375 1.0004572429158647 0.00017961245366896253
1669.7647094726562 1.0009200497771626 0.00017946688153198806
1669.7855834960938 0.9991937170042906 0.00017943912238939757
1669.806396484375 0.9995942095948842 0.0001795444970865752
1669.8272094726562 0.9910445135427737 0.00017935409906551778
1669.8480224609375 0.9908692473828498 0.0001794825446708658
1669.8688354492188 0.9982095838477294 0.00017969612640498012
1669.8897094726562 1.0001791782533125 0.00017965205021010277
1669.9105224609375 1.0002548265975346 0.00017927734121928014
1669.9313354492188 0.9992982741945781 0.00017887142967394165
1669.9522094726562 1.0005669306693776 0.00017853801769619607
1669.9730224609375 0.9989963347273424 0.00017791080756268064
1669.9938354492188 1.0006991171682469 0.00017751531270706946
1670.0147094726562 0.9993131922613897 0.00017734604198238872
1670.0355224609375 1.000676643263922 0.0001768509886496658
1670.0563354492188 1.0003668496140063 0.0001767510335607716
1670.0772094726562 0.999623409126058 0.00017650082923352997
1670.0980224609375 0.9996530105752351 0.00017650881564224387
1670.1188354492188 1.0001523942386001 0.00017661280478171366
1670.1397094726562 0.9998189075571923 0.00017665443579347668
1670.1605224609375 1.0003383190751811 0.00017660249572994406
1670.1813354492188 0.9998210498692623 0.00017653082764189243
1670.2022094726562 0.9995850971430907 0.0001763385941394349
1670.2230224609375 1.0001455282709704 0.0001764058469479586
1670.2438354492188 1.0010522815448017 0.00017618470850154218
1670.2647094726562 0.9998412741754221 0.00017602471545284063
1670.2855224609375 0.9995582559983412 0.00017577294466119642
1670.3063354492188 0.9990610136755208 0.0001756698855408239
1670.3272094726562 1.0007399073521794 0.00017557728206272257
1670.3480224609375 1.0003160698715141 0.00017541972860912514
1670.3688354492188 0.9998148810924843 0.00017526633287976259
1670.3897094726562 0.9996276955732087 0.0001750880865985267
1670.4105224609375 1.000122642746314 0.00017513065716800059
1670.4313354492188 1.000358165057409 0.00017517947458663423
1670.4522094726562 0.9998802472620525 0.0001752615926271444
1670.4730224609375 1.0003028230520012 0.00017530384982079885
1670.4938354492188 0.9992016884408695 0.0001754176502339486
1670.5147094726562 1.0011515924934362 0.00017585966274847987
1670.5355224609375 0.9990383419538501 0.00017586329784327165
1670.5563354492188 0.9998291267765933 0.00017614567307214655
1670.5772094726562 1.0007602063023138 0.00017627672744325245
1670.5980224609375 0.9990076864226416 0.0001762900333361816
1670.6188354492188 1.001066987596153 0.00017650917805496299
1670.6397094726562 1.0000937599377269 0.000176551625542224
1670.6605224609375 0.9991515249886831 0.00017625081172626794
1670.6813354492188 1.0002327313865775 0.000176170405152103
1670.7022094726562 0.9996620811875123 0.00017596360384415137
1670.7230224609375 1.0004386620038983 0.00017585798732731465
1670.7438354492188 1.000251919948563 0.00017585372484760144
1670.7647094726562 0.9999795220583574 0.000175882324201377
1670.7855224609375 1.0002475190850515 0.0001760294619937349
1670.8063354492188 0.9994490613675205 0.00017602869468404003
1670.8272094726562 0.9996834336875473 0.00017612349219203833
1670.8480224609375 1.0006658521150138 0.0001762961467608057
1670.8688354492188 0.9992349248993498 0.00017614434640539353
1670.8897094726562 1.000263562267643 0.0001761064494801252
1670.9105224609375 1.000528149549161 0.00017590702807736977
1670.9313354492188 0.999916083662858 0.00017587507929922325
1670.9522094726562 1.000009484353766 0.00017556366532326884
1670.9730224609375 0.9993145946027095 0.000175285155023865
1670.9938354492188 1.0004784854498634 0.00017501136370024045
1671.0147094726562 0.9999226650461467 0.00017475809662744772
1671.0355224609375 1.0002187591369045 0.0001746131274050419
1671.0563354492188 1.0000636472987647 0.000174536906437462
1671.0772094726562 0.9995638915657321 0.0001744888567085991
1671.0980224609375 1.000636547995089 0.0001746079456565273
1671.1188354492188 0.9988418643733552 0.00017462069922716099
1671.1397094726562 1.000850519926728 0.00017470319825298083
1671.1605224609375 1.0000791951824934 0.00017485611536654968
1671.1813354492188 0.9999937975358284 0.0001746400659835273
1671.2022094726562 0.9998458989558672 0.00017465720116576625
1671.2230224609375 0.9998715590003713 0.00017463756184306667
1671.2438354492188 0.9997787354936681 0.0001747072786935215
1671.2647094726562 1.0005979887226633 0.00017439035900953013
1671.2855224609375 0.999781140586562 0.00017411546079553142
1671.3063354492188 1.0000935397765907 0.00017404298603711476
1671.3272094726562 0.9995265482877903 0.00017379175240641475
1671.3480224609375 0.9999237999420924 0.00017358920841370796
1671.3688354492188 1.0005087536483017 0.00017342006921985338
1671.3897094726562 1.000260415419524 0.00017345565239754697
1671.4105224609375 1.0000331739276478 0.00017351083558585876
1671.4313354492188 0.9994103651753196 0.0001733603449844359
1671.4522094726562 0.9999477493768452 0.00017338614683403284
1671.4730224609375 1.0001483134943423 0.0001734105944390373
1671.4938354492188 0.999951212729723 0.00017349590250521283
1671.5147094726562 1.0002956694135792 0.00017349184339302855
1671.5355224609375 0.9994434837556099 0.00017370324006060116
1671.5563354492188 1.0013697333013185 0.00017376453894914017
1671.5772094726562 0.9984776534468142 0.00017370842559755675
1671.5980224609375 1.0005724242605776 0.00017399648830168006
1671.6188354492188 0.9997092200681224 0.00017376202753925863
1671.6397094726562 1.0002522149775093 0.00017378138635278602
1671.6605224609375 1.0005398038811253 0.00017371167917248846
1671.6813354492188 0.9988518648855713 0.0001734254028399393
1671.7022094726562 1.0010143692705065 0.00017371097833911018
1671.7230224609375 0.9993505326085131 0.00017350687096004497
1671.7438354492188 1.0007682936680917 0.00017375477231751547
1671.7647094726562 0.9997883273212055 0.00017375719680852537
1671.7855224609375 0.999205275697862 0.0001738901851719817
1671.8063354492188 1.0003535746485623 0.00017397155183338447
1671.8272094726562 0.9994504601102701 0.00017390859364651033
1671.8480224609375 1.001405712803756 0.00017402453525419242
1671.8688354492188 0.9993917385226142 0.00017408528009838143
1671.8897094726562 1.0003019791994616 0.0001742042233776463
1671.9105224609375 0.9989376571968619 0.0001742121807121222
1671.9313354492188 1.0003563774437876 0.00017396661880897152
1671.9522094726562 1.0006444747924241 0.00017391634047625475
1671.9730224609375 0.9998982085621451 0.00017366721894230408
1671.9938354492188 0.999938094451606 0.00017341990679510156
1672.0147094726562 0.9998055923009658 0.00017323634920286346
1672.0355224609375 0.999446845816173 0.00017328004013279636
1672.0772094726562 1.000896395023392 0.00017298815387563977
1672.0980224609375 0.9993617985474612 0.00017284823276279702
1672.1188354492188 1.000517667617959 0.0001728841360342448
1672.1397094726562 0.9999777081708168 0.00017276189194127353
1672.1605224609375 0.9996749462203453 0.000172827752474203
1672.1813354492188 0.9998469825630399 0.00017268409658046453
1672.2022094726562 1.000414966269545 0.00017272286404739943
1672.2230224609375 1.0003432387911784 0.0001728166359734013
1672.2438354492188 0.9992955164369441 0.00017274751328223497
1672.2647094726562 1.0006158356312622 0.00017257739629596028
1672.2855224609375 0.9989515044117707 0.00017234515236379803
1672.3063354492188 1.000629627814482 0.0001724921675188774
1672.3272094726562 0.9999414390060674 0.0001719789200964582
1672.3480224609375 1.0002523015823046 0.00017195645676601178
1672.3688354492188 0.9998982333757299 0.00017199442682463737
1672.3897094726562 0.999960222834152 0.00017198967623499535
1672.4105224609375 1.000569427300844 0.00017195525110892874
1672.4313354492188 0.9987181820488054 0.00017190197513096395
1672.4522094726562 1.0010988454633367 0.00017210648554656438
1672.4730224609375 0.9999497756343624 0.00017196641673954656
1672.4938354492188 0.9991898905099814 0.00017198191680810465
1672.5146484375 1.0003946364240628 0.00017217314842994804
1672.5354614257812 0.9996937621847335 0.00017233080960901744
1672.5563354492188 1.0007361320537032 0.00017242223771441164
1672.5771484375 0.9995785390417439 0.00017252706937623646
1672.5979614257812 1.0002897225773573 0.00017258541845251415
1672.6188354492188 0.9994713264533701 0.00017249926663046378
1672.6396484375 1.0005991218109664 0.0001725312009686046
1672.6604614257812 0.9995380653653515 0.00017246186031300438
1672.6813354492188 1.0001488876682818 0.00017256198544943964
1672.7021484375 1.000078682689956 0.00017253623330626408
1672.7229614257812 0.9995357998633574 0.0001724690551350287
1672.7438354492188 1.0004555253686669 0.0001725656747756765
1672.7646484375 1.000195012524311 0.00017261531454575754
1672.7854614257812 1.0002303464390365 0.00017263478917490475
1672.8063354492188 0.9994357594971223 0.00017263514905373572
1672.8271484375 1.00026569617908 0.00017287935837981548
1672.8479614257812 0.9989724506793377 0.0001728923272560337
1672.8688354492188 1.0005696878100343 0.00017292338105396292
1672.8896484375 1.0006287079749545 0.00017302452955012576
1672.9104614257812 0.9995786612675303 0.00017293675922928908
1672.9313354492188 1.0006734744146026 0.0001729320445382987
1672.9521484375 0.9990494566275674 0.00017274493635594364
1672.9729614257812 1.0003408775718614 0.0001725662692569717
1672.9938354492188 1.0003097469249398 0.00017246444819892282
1673.0146484375 0.9992453343424527 0.00017236919252259673
1673.0354614257812 1.000576855546318 0.00017223825072592381
1673.0563354492188 0.9997384480861218 0.0001722043516210852
1673.0771484375 1.000470593350684 0.00017203679824558135
1673.0979614257812 0.9996727249784776 0.00017184074662312165
1673.1188354492188 0.9996570325055962 0.00017179215720357718
1673.1396484375 0.9998035649327268 0.0001717784740055342
1673.1604614257812 1.0009987789450971 0.00017175434320810997
1673.1813354492188 0.9995081715300874 0.00017166584381381167
1673.2021484375 1.0001467113960765 0.00017192511380696707
1673.2229614257812 1.0000368139224802 0.00017182843359754874
1673.2438354492188 1.0002145659880504 0.00017171254757252356
1673.2646484375 0.9993966863994738 0.0001716512551415106
1673.2854614257812 0.999670686986104 0.00017154923982118167
1673.3063354492188 1.0005890792841092 0.00017142483416585492
1673.3271484375 0.9997143807267205 0.00017136594165929547
1673.3479614257812 1.000716757583583 0.00017151490404396973
1673.3688354492188 0.9996853712662356 0.00017122693794693064
1673.3896484375 0.9998224696279169 0.00017120505798154663
1673.4104614257812 1.0002118300968907 0.0001710603049345269
1673.4313354492188 0.9997113503744606 0.0001710892768979737
1673.4521484375 0.9999394306746041 0.000171059820092845
1673.4729614257812 0.9998886095067311 0.00017186046216870207
1673.4938354492188 1.000817017688283 0.00017122748327398467
1673.5146484375 0.9991582048806099 0.00017129914525308948
1673.5354614257812 0.9999689717383216 0.00017148496243368308
1673.5563354492188 1.0007802292155996 0.00017167710334392014
1673.5771484375 0.9995151176344208 0.0001715748632504354
1673.5979614257812 1.0000405341605774 0.00017179811421723888
1673.6188354492188 0.9996597109106042 0.00017179922915851534
1673.6396484375 1.0008376782522033 0.0001720303615063246
1673.6604614257812 0.999331930268065 0.00017223242700137846
1673.6813354492188 1.000313840721299 0.0001722716135519453
1673.7021484375 0.9994575383310326 0.00017219899511989616
1673.7229614257812 1.0000065906705344 0.00017210850836529281
1673.7438354492188 1.0014395315009508 0.0001723127957084066
1673.7646484375 0.9984360395083978 0.00017209138431826268
1673.7854614257812 1.0002529221609757 0.00017214355251005345
1673.8063354492188 1.0006449630288239 0.00017230836509745032
1673.8271484375 0.9997196880708212 0.00017246134704419384
1673.8479614257812 0.9998469784853483 0.00017233093680577496
1673.8688354492188 0.9997617407320403 0.0001722619045661098
1673.8896484375 1.000159878356947 0.00017238354450709902
1673.9104614257812 1.0004613027965252 0.00017217491368990502
1673.9313354492188 0.9995920826011775 0.00017203005164129724
1673.9521484375 1.0001125059346865 0.00017186686701720443
1673.9729614257812 0.9994377805177628 0.00017181858733976264
1673.9938354492188 1.0008019689920358 0.00017182413682244611
1674.0146484375 1.0003759041646143 0.00017158992352385173
1674.0354614257812 0.9995439523147511 0.0001714629995581741
1674.0563354492188 0.9990703670975742 0.0001713095911762569
1674.0771484375 1.0001646943451947 0.0001712922179937634
1674.0979614257812 1.0002860061766663 0.00017107923816442623
1674.1188354492188 1.0010978409892077 0.0001712520580543613
1674.1396484375 0.9998236625818585 0.0001711548291918048
1674.1604614257812 0.9995569833457317 0.00017113337979324494
1674.1813354492188 0.9989960121221649 0.00017112293388814326
1674.2021484375 1.0008227560368315 0.0001712847624332348
1674.2229614257812 0.9995345207981645 0.0001711447144322388
1674.2438354492188 1.000562198508822 0.00017108111989314452
1674.2646484375 1.0001398471143834 0.00017091521020468417
1674.2854614257812 0.9998137615775564 0.0001710000995405901
1674.3063354492188 1.0001678178918507 0.00017099044504797277
1674.3271484375 0.9994842737530663 0.00017082063366175972
1674.3479614257812 1.0005160235234314 0.00017076203046363132
1674.3688354492188 0.9992727243727857 0.00017059958944150755
1674.3896484375 1.0007602262602249 0.0001705308402192169
1674.4104614257812 1.0000171843719161 0.0001703848935661586
1674.4313354492188 0.9995747193204475 0.00017038005882280714
1674.4521484375 1.0003707968226003 0.00017052580703011275
1674.4729614257812 0.9995046448202842 0.00017066188270383682
1674.4938354492188 1.000564817630526 0.00017079035312552338
1674.5146484375 0.9990467628842317 0.0001707462458406331
1674.5354614257812 1.0003426070865227 0.0001709517908113554
1674.5563354492188 1.001051701891601 0.0001711118798528157
1674.5771484375 0.999019462370858 0.00017099591851197802
1674.5979614257812 1.0005125079862514 0.0001714363524769406
1674.6188354492188 0.9997777977344553 0.0001714095297591155
1674.6396484375 0.9995837336988109 0.00017163957229704064
1674.6604614257812 1.0005098823607614 0.00017159751764457134
1674.6813354492188 0.999552212468644 0.00017159068551787768
1674.7021484375 1.0001454436505666 0.0001716795791191584
1674.7229614257812 1.000960990627837 0.00017173602151528142
1674.7438354492188 0.9988587467621615 0.0001716770495417838
1674.7646484375 1.00080205554917 0.00017190115236150882
1674.7854614257812 0.9993251555635746 0.00017164895408327156
1674.8063354492188 1.0001901131848616 0.00017177894958295717
1674.8271484375 0.9997359238169479 0.000171739855496453
1674.8479614257812 0.9999927767407685 0.0001717910294726532
1674.8688354492188 1.0004272377025414 0.00017185910113560584
1674.8896484375 0.9996261936862643 0.00017170200102807414
1674.9104614257812 1.0007317803384035 0.00017162630775171758
1674.9312744140625 0.9994676793164937 0.00017149208974401016
1674.9520874023438 1.000055332137342 0.00017156184733821
1674.9729614257812 0.9999369641648407 0.00017141013113025963
1674.9937744140625 0.9995034297172198 0.0001712715623626675
1675.0145874023438 1.0008571946011435 0.00017115368782375185
1675.0354614257812 0.9998738148920464 0.00017103460283137743
1675.0562744140625 1.0004827574851092 0.00017094030564583648
1675.0770874023438 0.9992247066882395 0.00017084748641738853
1675.0979614257812 0.9996762758424186 0.00017105601400272926
1675.1187744140625 1.0001716399664908 0.0001708811030778579
1675.1395874023438 1.0000031108777605 0.0001708290390910618
1675.1604614257812 1.000313365787176 0.00017068440977133293
1675.1812744140625 1.0002877142606812 0.00017074715333510786
1675.2020874023438 1.000099477192895 0.00017074510224845136
1675.2229614257812 0.9991197167585869 0.00017058830081343333
1675.2437744140625 1.0003629946724697 0.00017067355785200006
1675.2645874023438 0.9995624830706057 0.00017058072475410033
1675.2854614257812 1.00087364647258 0.0001706749065964072
1675.3062744140625 1.0001128419494805 0.00017050634459910924
1675.3270874023438 0.9991815357976114 0.00017059296338503088
1675.3479614257812 1.0005610816715251 0.00017041088492844933
1675.3687744140625 0.9997272833118367 0.00017020792646892997
1675.3895874023438 1.0002005504058369 0.0001701964242694239
1675.4104614257812 0.9998837237076613 0.00017021174139990867
1675.4520874023438 0.9990873175694187 0.0001703365224172601
1675.4729614257812 1.0011838337250996 0.00017035510899193217
1675.4937744140625 0.9998780932395332 0.00017033908751553771
1675.5145874023438 0.9997997176823517 0.00017042448663426448
1675.5354614257812 1.0002113779554263 0.00017055783825144056
1675.5562744140625 0.999572788471388 0.00017066442612508336
1675.5770874023438 1.0002540895141445 0.00017102419130949145
1675.5979614257812 1.0001095319908044 0.00017125624861536595
1675.6187744140625 1.0000466710036064 0.0001713008200953903
1675.6395874023438 1.0002128214811 0.00017142411059039805
1675.6604614257812 0.9988951122443942 0.00017135164064831313
1675.6812744140625 1.0006617951103982 0.00017148465717525973
1675.7020874023438 1.000206209721856 0.00017141531495642296
1675.7229614257812 0.999870220790024 0.00017149572465485833
1675.7437744140625 1.000351926055425 0.00017152771369913336
1675.7645874023438 0.9992158691293213 0.00017143398314005547
1675.7854614257812 1.0002178650999152 0.00017159537768196917
1675.8062744140625 1.000252368646775 0.00017154627010403887
1675.8270874023438 1.0000776587710325 0.00017165168871471494
1675.8479614257812 1.0000445489198242 0.00017171028011131969
1675.8687744140625 0.999468261705271 0.00017159828781302362
1675.8895874023438 1.0004875025655846 0.00017172448395136257
1675.9104614257812 1.0001435036617747 0.00017179093927641764
1675.9312744140625 0.9995992839243484 0.00017164938630226354
1675.9520874023438 1.0004170489809572 0.00017172549686462175
1675.9729614257812 0.9990994049079283 0.00017165075720027836
1675.9937744140625 1.0007356972644657 0.00017142984443427268
1676.0145874023438 1.0000401497957834 0.00017121252879991546
1676.0354614257812 0.999731193753345 0.00017110563881624904
1676.0562744140625 1.0000789873637688 0.00017102587955829756
1676.0770874023438 0.9993836456892624 0.00017076874925719705
1676.0979614257812 1.0013328936516057 0.00017088736219987116
1676.1187744140625 0.9993838308423878 0.0001705917076601856
1676.1395874023438 1.00009494678437 0.0001706577399383557
1676.1604614257812 0.9996347261367005 0.00017066163165364187
1676.1812744140625 0.9996826387267741 0.00017045666292385506
1676.2020874023438 1.0011116919125638 0.0001704900671640103
1676.2229614257812 0.998873758891272 0.00017047584617668009
1676.2437744140625 1.0007193534841752 0.00017059998978500944
1676.2645874023438 0.9994030879722156 0.0001705513457301289
1676.2854614257812 1.0013309301112823 0.0001705414033835405
1676.3062744140625 0.9990663303473974 0.0001704121819691121
1676.3270874023438 0.9997537296976777 0.0001703605463859256
1676.3479614257812 0.9999138761481967 0.0001701150077430925
1676.3687744140625 0.9998612861810968 0.0001700668082273197
1676.3895874023438 1.0009077874410701 0.0001701454559372001
1676.4104614257812 0.9997415166518498 0.00017002402283748224
1676.4312744140625 0.9999019943220604 0.00016999219337965625
1676.4520874023438 1.0002569556249576 0.00017000350662678128
1676.4729614257812 0.9995137505722416 0.00017008555638518022
1676.4937744140625 0.9997080028130838 0.00017008644813313714
1676.5145874023438 1.0001764452064632 0.00017009776505107172
1676.5354614257812 1.0003144858522275 0.00017033778293284416
1676.5562744140625 0.9999554309624987 0.00017031573881465058
1676.5770874023438 1.0005482920470774 0.00017054380882590629
1676.5979614257812 0.9999830079500343 0.00017061753126578868
1676.6187744140625 0.9989116123756964 0.00017074028376516778
1676.6395874023438 1.0002783886489888 0.00017078486226100072
1676.6604614257812 1.0001599537758528 0.00017082316472321897
1676.6812744140625 1.0001129299095886 0.0001709005487733478
1676.7020874023438 1.0000660716141843 0.00017085365591568247
1676.7229614257812 1.0002496330249537 0.00017087603165268295
1676.7437744140625 0.9995305353898926 0.00017082120120135675
1676.7645874023438 1.0000046536800293 0.00017077039889780245
1676.7854614257812 1.0000332964986138 0.00017081659879225486
1676.8062744140625 1.0004309394731083 0.0001708477255912051
1676.8270874023438 0.9994229657760061 0.0001707357906279318
1676.8479614257812 1.0009796246241518 0.00017073633588969976
1676.8687744140625 0.9987210244422466 0.00017085817861525767
1676.8895874023438 0.9998940082839262 0.0001709357515302745
1676.9104614257812 1.0011426746224277 0.00017097855519129419
1676.9312744140625 1.0004854445146567 0.0001708614517440599
1676.9520874023438 0.9991919329930397 0.00017082074481908599
1676.9729614257812 0.9945749866745878 0.00017030538988212096
1676.9937744140625 0.9939375382910371 0.00017020947000523734
1677.0145874023438 0.9988466787821229 0.00017045666282575238
1677.0354614257812 0.9999707582945174 0.0001704387951561938
1677.0562744140625 0.9999082317308897 0.00017039387171019415
1677.0770874023438 0.999744205912185 0.0001701541300887002
1677.097900390625 1.0008966922249591 0.00017008655599604105
1677.1187133789062 0.9996348697687123 0.00016992678419991945
1677.1395874023438 1.0001232905302346 0.0001699761108991822
1677.160400390625 1.0000402869635951 0.00016970635618179233
1677.1812133789062 0.9998859904219949 0.00016977916587240102
1677.2020874023438 1.000060271141684 0.00016986886916077733
1677.222900390625 1.0000065263570097 0.0001698894293420693
1677.2437133789062 1.0001026963907984 0.00016986529094828925
1677.2645874023438 0.9994692291786558 0.00016977605489674907
1677.285400390625 1.0002204296654933 0.0001696269814362633
1677.3062133789062 1.000118624916807 0.00016952134994122515
1677.3270874023438 1.0002710367004273 0.0001692772182673323
1677.347900390625 0.9989492315527625 0.0001692905662145507
1677.3687133789062 1.0012637370844193 0.00016931628249178138
1677.3895874023438 0.9999605039870277 0.00016922410263390088
1677.410400390625 0.9998962275137532 0.000169041130052435
1677.4312133789062 0.9996437789154862 0.00016907993325265984
1677.4520874023438 0.9989553727960053 0.0001689241008026539
1677.472900390625 1.0009551940433137 0.00016890821489978775
1677.4937133789062 1.0005696628620913 0.00016890725411120432
1677.5145874023438 1.0002975422112752 0.00016902480974198883
1677.535400390625 0.9983671096996053 0.00016903833540927798
1677.5562133789062 1.0013995036604322 0.00016942019103769962
1677.5770874023438 0.9992930991386721 0.00016932413328534367
1677.597900390625 1.0002862375457724 0.0001694720170005855
1677.6187133789062 1.0003935939259947 0.00016949921530590858
1677.6395874023438 0.9985351632668547 0.0001694841251117448
1677.660400390625 1.0013059023171726 0.0001696313383247703
1677.6812133789062 0.9994743206347295 0.0001696067779757451
1677.7020874023438 1.000370364547022 0.00016967130092474786
1677.722900390625 1.0000059689517058 0.000169670632295382
1677.7437133789062 0.9996012545642174 0.00016968013153809385
1677.7645874023438 1.0001586386000045 0.00016965457493530727
1677.785400390625 1.000401529295781 0.00016947440564960375
1677.8062133789062 0.9996999294828309 0.0001694637309714131
1677.8270874023438 0.9996767811984092 0.00016950641671221631
1677.847900390625 1.000045886227105 0.0001694540404567566
1677.8687133789062 1.0003106392476968 0.00016951595602430488
1677.8895874023438 1.0003307238109975 0.00016954855075189913
1677.910400390625 0.9991979172541549 0.0001694669057980849
1677.9312133789062 1.0004596546095972 0.0001695017570438332
1677.9520874023438 1.000158249653902 0.00016942959202157165
1677.972900390625 0.9996508406246495 0.0001692910839358496
1677.9937133789062 1.0003425447827128 0.00016930800065073827
1678.0145874023438 0.9997780533921536 0.00016922215199185884
1678.035400390625 1.000098015539797 0.00016920957287717685
1678.0562133789062 0.9992052541867424 0.00016902803219006352
1678.0770874023438 1.0009890390880123 0.00016915674198592212
1678.097900390625 0.9994728561946266 0.0001689749278170466
1678.1187133789062 1.0003026019138275 0.00016894577857433778
1678.1395874023438 1.000569958005211 0.00016893343170020324
1678.160400390625 0.9988507065666135 0.00016886683248905926
1678.1812133789062 1.0008799549590797 0.0001691191827013183
1678.2020874023438 0.9993714791813215 0.00016900793593027037
1678.222900390625 0.9999313092141944 0.0001690254517319841
1678.2437133789062 1.000488797538659 0.0001689338402169962
1678.2645874023438 1.000438367081506 0.00016883386960256773
1678.285400390625 0.9995254711007333 0.00016874681910470578
1678.3062133789062 0.9997740403489168 0.0001687387954931746
1678.3270874023438 0.9994290386162905 0.0001687255998135713
1678.347900390625 1.0004452016798984 0.00016886363288668257
1678.3687133789062 1.0007818127262476 0.00016862268513113385
1678.3895874023438 0.9996799334183998 0.00016857700432066692
1678.410400390625 0.9994537140029156 0.00016832728575660695
1678.4312133789062 1.0001713217414225 0.0001682139110615863
1678.4520874023438 1.0004269365902732 0.00016825091423083274
1678.472900390625 0.9995472277440847 0.0001683497620067656
1678.4937133789062 1.0002437096653582 0.00016842686679807608
1678.5145874023438 0.9997842396079248 0.00016849162395019256
1678.535400390625 1.0001943868042633 0.0001687918344559105
1678.5562133789062 1.0001904008709774 0.00016860381164730847
1678.5770874023438 0.9997660855445597 0.0001686392808680721
1678.597900390625 1.0001928377698528 0.0001687669366971881
1678.6187133789062 0.9993079193397726 0.00016905403202315618
1678.6395874023438 1.000871421785364 0.0001690075044108432
1678.660400390625 0.9995878932966878 0.0001688877837045964
1678.6812133789062 0.9996709005422872 0.000168931933718831
1678.7020874023438 1.0003740484940233 0.00016898208725206766
1678.722900390625 0.9998193298810291 0.00016890084023963908
1678.7437133789062 1.0006047844152866 0.00016889224350289205
1678.7645874023438 0.9993332180124295 0.00016877751144507198
1678.785400390625 1.0005844893479399 0.00016884499938243648
1678.8270874023438 0.9993719850940931 0.00016870253534832962
1678.847900390625 1.0001684828386657 0.00016872087938955108
1678.8687133789062 1.0001824497493956 0.00016885013340948649
1678.8895874023438 1.0001012286125155 0.00016874297646236492
1678.910400390625 0.9997779930129875 0.00016860605431539552
1678.9312133789062 0.99994910387108 0.00016853103812136032
1678.9520874023438 0.9997737167713722 0.0001686296887991575
1678.972900390625 1.0006825181269123 0.00016855225315242045
1678.9937133789062 0.9997564645265615 0.00016853832281272935
1679.0145874023438 1.0001181894287225 0.00016847059186131987
1679.035400390625 0.9995824501701952 0.00016838449767057358
1679.0562133789062 0.9998838864107814 0.00016839080343387605
1679.0770263671875 1.0002308581329644 0.0001680414330935158
1679.0978393554688 0.9998563938849561 0.0001679762428325379
1679.1187133789062 1.0005870103267143 0.00016808329073564543
1679.1395263671875 0.9991234487200346 0.0001681082704996455
1679.1603393554688 1.0008772278735976 0.00016811449014342763
1679.1812133789062 1.0001775920400358 0.000168134576265147
1679.2020263671875 0.9991830820202413 0.000168008271535015
1679.2228393554688 1.000184726447181 0.00016804977729682733
1679.2437133789062 0.9998798108293206 0.00016790107398221416
1679.2645263671875 1.0003270567548472 0.00016782714321384026
1679.2853393554688 0.9999277501384551 0.00016782873968849038
1679.3062133789062 0.999826475933591 0.00016778088544350798
1679.3270263671875 1.0003024042128452 0.00016772993842572757
1679.3478393554688 0.9994302277471504 0.00016763360043944506
1679.3687133789062 1.0007464879890982 0.00016760718175120153
1679.3895263671875 0.9992016290529742 0.0001674903093584724
1679.4103393554688 1.0005726583107502 0.00016729555215821098
1679.4312133789062 0.9996303491687399 0.00016713308475768056
1679.4520263671875 1.0005502972042206 0.00016733785319943744
1679.4728393554688 1.0000301481446228 0.00016731683207496525
1679.4937133789062 0.99975952458524 0.00016740855834963475
1679.5145263671875 0.9998047211214537 0.00016714507440692656
1679.5353393554688 0.9994752142151164 0.00016712575071216047
1679.5562133789062 1.000506027995392 0.0001672042430766351
1679.5770263671875 1.0004845087089187 0.0001669383436147426
1679.5978393554688 0.9999370615675989 0.00016695400451864194
1679.6187133789062 0.9990772181514966 0.00016691580215542635
1679.6395263671875 1.0006369863556925 0.00016697326794312648
1679.6603393554688 1.000487363759779 0.00016692502815796162
1679.6812133789062 0.9996972117978166 0.00016678013552629957
1679.7020263671875 0.9996783367753215 0.00016668607833658427
1679.7228393554688 0.9996715555571062 0.00016658372524746198
1679.7437133789062 1.0002288376123238 0.00016646254864305363
1679.7645263671875 1.0005322376425048 0.0001664963933556303
1679.7853393554688 0.9994026051014466 0.00016630533006132243
1679.8062133789062 1.0003239298806088 0.0001663123331786318
1679.8270263671875 1.000034181567896 0.00016636387327974175
1679.8478393554688 0.9999057097941427 0.00016645529936295796
1679.8687133789062 1.0005074311056892 0.00016626703984585944
1679.8895263671875 0.9991769454329436 0.00016614486158570587
1679.9103393554688 1.0004366167608878 0.00016634438158127595
1679.9312133789062 0.9994923537701921 0.00016631400318854278
1679.9520263671875 1.000222761702469 0.00016622952644248053
1679.9728393554688 1.0008359892432084 0.00016631438415170484
1679.9937133789062 0.9993101472681194 0.00016628092505921438
1680.0145263671875 1.0000796990722796 0.00016633027007848048
1680.0353393554688 0.9996991595348209 0.0001661472087830206
1680.0562133789062 1.0003373934751292 0.0001662410785022869
1680.0770263671875 0.9996236052247233 0.0001661899933643425
1680.0978393554688 1.000056359449678 0.00016620985199079552
1680.1187133789062 1.0003560536101594 0.00016634961475392736
1680.1395263671875 0.9999968464784612 0.00016639839854420933
1680.1603393554688 1.0006124269096908 0.00016628648171080257
1680.1812133789062 0.9991013426506956 0.0001662748442770698
1680.2020263671875 0.9993491248383054 0.00016637963978033193
1680.2228393554688 1.0009152187215618 0.00016621104868362022
1680.2437133789062 0.9996781358341728 0.00016628876687207008
1680.2645263671875 1.0008931557532526 0.0001662793596648614
1680.2853393554688 0.9993809102679306 0.0001662390271393501
1680.3062133789062 0.9994957583894524 0.0001663420411659512
1680.3270263671875 1.0006653997929562 0.0001663343316395711
1680.3478393554688 1.00002965100825 0.0001664093636159917
1680.3687133789062 0.999555310161184 0.00016627603919089226
1680.3895263671875 0.9999352288801658 0.00016624803505990945
1680.4103393554688 1.0004610629997694 0.00016634341406546483
1680.4312133789062 0.999997439448789 0.00016641900727196502
1680.4520263671875 0.9996069754319834 0.0001663837624362228
1680.4728393554688 1.000276046997973 0.00016645984010552102
1680.4937133789062 0.9999770356262688 0.00016637124367206387
1680.5145263671875 0.9997615965635903 0.00016631674974008784
1680.5353393554688 1.000432954942927 0.00016635354166591606
1680.5562133789062 0.999472748746649 0.0001663767815541211
1680.5770263671875 0.9999589904744229 0.00016655835057756456
1680.5978393554688 1.001141330939284 0.00016644020383604503
1680.6187133789062 0.9986039334170514 0.00016649401203817958
1680.6395263671875 1.0008530615115414 0.00016648498557714645
1680.6603393554688 0.9997134448837862 0.00016646642060370122
1680.6812133789062 1.0000365022192825 0.00016637729829795597
1680.7020263671875 0.9997419086683779 0.0001663036147434317
1680.7228393554688 1.0006670606880241 0.0001663836933580429
1680.7437133789062 0.9992348798331084 0.00016638131374357312
1680.7645263671875 0.9997467560198473 0.0001665263660889512
1680.7853393554688 1.0013924451104743 0.00016650692684662532
1680.8062133789062 0.9989927032697657 0.00016647481729707543
1680.8270263671875 1.0002161378171672 0.00016637041354159997
1680.8478393554688 0.999877843945965 0.0001663747661106249
1680.8687133789062 1.0001814248593424 0.00016650297230438838
1680.8894653320312 1.0001049012356797 0.00016640349456006702
1680.9103393554688 0.9995259241935956 0.00016652843250987396
1680.93115234375 1.0001456213868563 0.00016647520172239098
1680.9519653320312 1.0002904210392676 0.00016649677350461485
1680.9728393554688 1.0000289101192763 0.0001665499942178022
1680.99365234375 0.9999155544608738 0.000166479769278418
1681.0144653320312 0.9999165045350505 0.0001663241134715507
1681.0353393554688 0.9995081358361305 0.00016645089990584408
1681.05615234375 1.000784922578289 0.0001665526554527009
1681.0769653320312 0.9999869449430714 0.00016652431787133863
1681.0978393554688 0.9998460826023351 0.00016671446104700368
1681.11865234375 0.9994708370498929 0.00016646418331769575
1681.1394653320312 0.9997817374092547 0.00016656946880861813
1681.1603393554688 1.0009914567472005 0.00016654876979233042
1681.18115234375 0.9999791598532766 0.000166458911830936
1681.2019653320312 1.0000974135701723 0.0001664606027371597
1681.2228393554688 0.998602822376157 0.00016659591644327873
1681.24365234375 1.001197675110139 0.0001665906005264931
1681.2644653320312 0.9997153141889065 0.0001665915041516416
1681.2853393554688 0.9997680073982239 0.00016647124961096925
1681.30615234375 1.0006983159340885 0.00016654521616932253
1681.3269653320312 0.9995352463322928 0.00016629225749389953
1681.3478393554688 1.0003573947082622 0.00016617358012130333
1681.36865234375 1.0000273810568634 0.00016605596422926953
1681.3894653320312 0.9991201581978287 0.0001658177885570261
1681.4103393554688 0.999701602845885 0.00016596927992110439
1681.43115234375 1.0007481181422933 0.00016592137564172467
1681.4519653320312 1.0006189525151414 0.0001660693075381982
1681.4728393554688 0.9997169602825142 0.00016625558855570875
1681.49365234375 1.0000942051020858 0.00016659328015997883
1681.5144653320312 0.9993990257629353 0.0001667780173106962
1681.5353393554688 1.0003107683246264 0.0001667316969511577
1681.55615234375 0.9995500433104932 0.00016667001595596447
1681.5769653320312 1.0001413883141335 0.00016688589515528328
1681.5978393554688 1.0006311317328793 0.0001667854755468832
1681.61865234375 0.9996808450891276 0.00016673390212176018
1681.6394653320312 1.000290024809764 0.00016678337156888023
1681.6603393554688 0.9990027627511848 0.00016659417961546383
1681.68115234375 1.0003593313875476 0.0001667249851277599
1681.7019653320312 1.0007221018687855 0.00016685030094645516
1681.7228393554688 0.9997830379533322 0.00016679243529610444
1681.74365234375 0.9996617665228467 0.00016698167608715587
1681.7644653320312 1.0001858019623626 0.00016705228971717196
1681.7853393554688 0.999656809346445 0.0001669148861190283
1681.80615234375 1.0004174977207225 0.0001670035004441496
1681.8269653320312 0.999823950384578 0.0001668474347067292
1681.8478393554688 0.9997203322580616 0.00016705460042926873
1681.86865234375 1.000659614547206 0.00016699152971506284
1681.8894653320312 0.9994702442635996 0.00016701899783145042
1681.9103393554688 1.0006022463618145 0.00016724321304621527
1681.93115234375 0.9990368241230767 0.00016705296940024443
1681.9519653320312 1.0009274982755345 0.00016718157190502475
1681.9728393554688 0.9993872537663722 0.00016696009281162887
1681.99365234375 1.0001249829474306 0.0001672952583315805
1682.0144653320312 1.0005507537584932 0.0001672546861049846
1682.0353393554688 0.9992405478887573 0.00016722412536725648
1682.05615234375 1.0006378354465333 0.00016741243646893324
1682.0769653320312 0.9993631140978494 0.00016750206417679274
1682.0978393554688 1.0004278984840358 0.00016741932833389626
1682.11865234375 0.9999133477246388 0.00016741735716356123
1682.1394653320312 0.9997122477037669 0.00016740409979568697
1682.1603393554688 1.0002665068342969 0.00016749204424002244
1682.2019653320312 1.0002727793822699 0.0001677053123578176
1682.2228393554688 0.9993528848868678 0.0001676165093242973
1682.24365234375 1.000274028301216 0.00016789757142737744
1682.2644653320312 1.0001345473128458 0.00016783058366214948
1682.2853393554688 1.000289309936705 0.00016771353422805803
1682.30615234375 0.9993853066431793 0.0001678286608278291
1682.3269653320312 1.0002962397813342 0.00016791565755039012
1682.3478393554688 0.9999739546230239 0.00016807199869691396
