time flux flux_err
1653.9510498046875 1.00062482743273 0.00024329696297294015
1653.9718627929688 1.0000065143790493 0.00024332536247418065
1653.9927368164062 0.9996775227362465 0.00024310966513533354
1654.0135498046875 0.9989643206115951 0.0002434651198728653
1654.0343627929688 0.9994499523214765 0.00024379615450452878
1654.0552368164062 1.0005707044631376 0.00024487826563859995
1654.0760498046875 1.0001977365495978 0.00024616836493620637
1654.0968627929688 1.0005078222812447 0.0002483339335039031
1654.1177368164062 0.9996057537075648 0.00025101801432985126
1654.1386108398438 1.0001311156502544 0.00025314177996589105
1654.159423828125 1.0002110330655698 0.00025565816749474043
1654.1802368164062 0.9999374992387436 0.0002581448075413687
1654.2011108398438 0.9997921966905041 0.00026051303841411665
1654.221923828125 0.9998353759392193 0.0002625875607328741
1654.2427368164062 1.0000966005818421 0.000264662790096501
1654.2636108398438 0.9995765413655588 0.0002663590824432128
1654.284423828125 1.0018373198039439 0.0002675970738040641
1654.3052368164062 1.0005435187943088 0.0002686801810953102
1654.3261108398438 1.0000629895996094 0.00026926037067145616
1654.346923828125 0.9996627648251107 0.000270201386648935
1654.3677368164062 0.9999382139521875 0.00027090145471376126
1654.3886108398438 1.0001643675405267 0.00027224108202606237
1654.409423828125 0.9997531469852652 0.0002729895965868276
1654.4302368164062 1.0005527532703415 0.000273723673035521
1654.4511108398438 1.00134613759333 0.00027420726145969244
1654.471923828125 1.0005208796892677 0.0002747685233628517
1654.4927368164062 0.9993770880337982 0.00027509624628259405
1654.534423828125 1.0019708642397684 0.0002759981347777519
1654.5761108398438 1.0014990821172212 0.00027599411861672403
1654.596923828125 1.000076108937924 0.00027568006871188296
1654.6177368164062 1.0003439736791429 0.0002752345858575331
1654.6386108398438 0.9993672295398451 0.00027449520686492334
1654.659423828125 0.99978277131854 0.0002737494098083835
1654.6802368164062 0.9999965794695432 0.00027317194368120176
1654.7011108398438 1.0007127239664364 0.00027278499375703747
1654.721923828125 0.9997389865403352 0.00027241698335461897
1654.7427368164062 1.0001434997039467 0.00027236534206986527
1654.7636108398438 0.9994361332863342 0.0002720398419844375
1654.784423828125 0.9998253011487074 0.0002715536929555393
1654.8052368164062 1.0005813126380143 0.00027122031300944055
1654.8261108398438 1.0004927763459772 0.0002707680052563349
1654.846923828125 1.0001339866378096 0.00027061870221523656
1654.8677368164062 0.9998827065356379 0.00026955753597827903
1654.8886108398438 0.9991036161389537 0.0002686616325978858
1654.909423828125 0.9983364486027031 0.0002680804414462407
1654.9302368164062 0.9991294430885161 0.00026722681553068836
1654.9511108398438 1.0008746069890193 0.00026647882590767884
1654.971923828125 1.0005567658433618 0.00026575056733169793
1654.9927368164062 1.000171695015578 0.0002653107453426823
1655.0136108398438 1.001730911346583 0.0002651331724127324
1655.034423828125 1.0004332468760067 0.0002649386461849377
1655.0552368164062 0.9990452741228707 0.0002652812714045222
1655.0761108398438 0.9995931317808162 0.0002651238205141159
1655.096923828125 1.0001400113308387 0.00026521689654899675
1655.1177368164062 1.0003514810996437 0.0002656770174226912
1655.1386108398438 1.0005238374469152 0.0002652133940481652
1655.159423828125 0.9997206088179971 0.0002648021748813374
1655.1802368164062 0.9992755497912253 0.0002650066334403735
1655.2011108398438 1.0004122659955188 0.000264665883657079
1655.221923828125 1.0005694467997719 0.00026403157459025436
1655.2427368164062 0.9999586050986892 0.0002641290723916895
1655.2636108398438 0.9995021526266803 0.0002634359753944203
1655.284423828125 0.9995599035666555 0.00026302238810600633
1655.3052368164062 1.000217252998267 0.00026292606845908033
1655.3261108398438 1.000085985573142 0.0002622707230795216
1655.346923828125 1.0006769595210232 0.0002622183272523656
1655.3677368164062 1.0002964032533799 0.00026195808180632166
1655.3886108398438 0.9994755685906421 0.0002621466503487851
1655.409423828125 0.9993838682411357 0.0002622653631851665
1655.4302368164062 0.999974545087557 0.0002621815757315384
1655.4511108398438 1.0001462224763147 0.0002623510810850715
1655.471923828125 1.000471543497257 0.0002623864906669144
1655.4927368164062 0.9997426982653559 0.00026239943923166603
1655.5136108398438 0.9999294901545944 0.00026274013373630016
1655.534423828125 1.0003572547795772 0.0002628240937216579
1655.5552368164062 0.999995036710395 0.00026328228924821765
1655.5761108398438 0.9996884299615724 0.0002632737277172358
1655.596923828125 1.0000400360285515 0.0002634993945192774
1655.6177368164062 1.0004874503978283 0.00026366514717562396
1655.6386108398438 0.9991613388751077 0.00026324802912579634
1655.659423828125 0.9998886816292705 0.0002630025118022429
1655.6802368164062 1.0005625462716643 0.00026302139505229725
1655.7011108398438 1.000345863917961 0.0002627194308526684
1655.721923828125 0.9997861584433828 0.0002626854296184939
1655.7427368164062 0.9977799219274925 0.00026251920061300246
1655.784423828125 0.9970528163734307 0.000262267158395286
1655.8052368164062 0.9999178967555274 0.0002621552657273189
1655.8261108398438 0.9995017863043291 0.00026192328678865804
1655.846923828125 1.0002434898945216 0.00026176409693984704
1655.8677368164062 1.0004674706606331 0.00026162901953609186
1655.8886108398438 0.999987107142909 0.0002611304207458624
1655.909423828125 0.9995880937314343 0.0002609115929242199
1655.9302368164062 0.9996469530638612 0.00026004997100741455
1655.9511108398438 1.0002594106240033 0.0002596618562350218
1655.971923828125 1.0008241607623798 0.0002593546621599424
1655.9927368164062 0.9991144674255196 0.00025866947133129225
1656.0136108398438 0.9998772808328713 0.0002587566715043315
1656.034423828125 1.0007693100956798 0.00025855448315762814
1656.0552368164062 1.000111409131712 0.0002582530996177561
1656.0761108398438 0.9994045448478435 0.0002581040670121151
1656.096923828125 0.9996850796096068 0.00025781938826653373
1656.1177368164062 0.9998049753391989 0.00025796099951569336
1656.1386108398438 1.0009560828577624 0.0002579914783907388
1656.159423828125 1.0002297127922084 0.0002580284066603226
1656.1802368164062 0.9995557874065758 0.0002583441343576814
1656.2011108398438 0.9996914261836438 0.00025789353866092975
1656.2219848632812 1.0002466423055445 0.00025783868322652113
1656.2427978515625 0.9996212780855924 0.0002577542182176231
1656.2636108398438 0.9998011909105854 0.0002575298393888765
1656.2844848632812 1.0008335974423967 0.0002570538646106121
1656.3052978515625 0.999770645784334 0.00025657315935248326
1656.3261108398438 1.0003945654733064 0.0002562333304033926
1656.3469848632812 0.9990942757376886 0.0002558202523413238
1656.3677978515625 1.0000847518184535 0.0002558355945090788
1656.3886108398438 1.0007652447836988 0.00025549236253405764
1656.4094848632812 0.9998326294693174 0.0002554348931243458
1656.4302978515625 0.9994690908853384 0.0002552808664902492
1656.4511108398438 0.9998019567406751 0.00025544549880125245
1656.4719848632812 1.0005105335102684 0.0002556419403375558
1656.4927978515625 1.000270106298193 0.0002555704549929777
1656.5136108398438 0.9996056048347391 0.0002558986664878234
1656.5344848632812 1.0004314401903611 0.00025633869510219184
1656.5552978515625 0.9992543934480909 0.00025628969706134776
1656.5761108398438 1.0005533559743058 0.0002574305014626285
1656.5969848632812 0.9994523657893571 0.0002568139417887036
1656.6177978515625 1.0006061648786135 0.00025724764200933475
1656.6386108398438 1.0005301521486318 0.0002571809420442186
1656.6594848632812 0.9989821146526033 0.0002571113158129404
1656.6802978515625 1.0002995209892103 0.00025708334679103325
1656.7011108398438 0.9996427532989344 0.00025690590381583953
1656.7219848632812 1.0002404784260917 0.0002572388561232288
1656.7427978515625 1.0002518767098518 0.000256834519099871
1656.7636108398438 0.9999832488508289 0.0002570020767770519
1656.7844848632812 1.0000984448625585 0.0002568837351393842
1656.8052978515625 1.000069498493058 0.0002566773646991646
1656.8261108398438 0.9994077006960536 0.0002565821387059214
1656.8469848632812 0.9998766755543451 0.000256808891125621
1656.8677978515625 1.0007501332150621 0.0002564415602442474
1656.8886108398438 0.9996505868198144 0.00025647014539220594
1656.9094848632812 1.000452242839194 0.00025616832842701863
1656.9302978515625 0.9996418575849825 0.0002555336809101404
1656.9511108398438 0.9997678028738559 0.00025516934012946373
1656.9719848632812 1.0002874827326653 0.00025479317222105346
1656.9927978515625 0.9997344132798164 0.0002545911696345
1657.0136108398438 0.9999211085221263 0.0002542223466322359
1657.0344848632812 1.0008116429512866 0.000254008755596407
1657.0552978515625 0.9990181900898658 0.00025379219702996144
1657.0761108398438 1.0002802377457087 0.00025398382956219297
1657.0969848632812 1.0005538642079614 0.00025378674131880716
1657.1177978515625 0.999527013417329 0.0002539709268567654
1657.1386108398438 0.9999975259994519 0.0002539983660613221
1657.1594848632812 0.9999585512952367 0.00025457171298772494
1657.1802978515625 1.0002639191073428 0.00025417865983616225
1657.2011108398438 0.99980001393765 0.0002544805409847748
1657.2219848632812 1.0001776344935396 0.0002542681299196137
1657.2427978515625 1.0001198536719518 0.00025418035103175917
1657.2636108398438 0.9995488894387218 0.0002540242125853763
1657.2844848632812 0.9998085881299785 0.0002540330469427444
1657.3052978515625 1.000453070374746 0.00025356420117850665
1657.3261108398438 1.0001914607410685 0.0002533569999279981
1657.3677978515625 0.9997428651892781 0.0002525192383859004
1657.3886108398438 0.9997055458340182 0.00025228715157933103
1657.4094848632812 1.0001547787492222 0.0002527637573008027
1657.4302978515625 1.0000283666888832 0.0002523791648409281
1657.4511108398438 1.00020482695872 0.0002523704423735049
1657.4719848632812 1.0004859865085398 0.0002526391212627973
1657.4927978515625 0.9985638622255884 0.00025294410189346394
1657.5136108398438 0.9995339259521174 0.00025298061467530407
1657.5344848632812 0.999439812140449 0.00025301363638381225
1657.5552978515625 1.0001942188942397 0.00025351924976349364
1657.5761108398438 1.000326816413085 0.0002537928483170622
1657.5969848632812 1.0006881804318992 0.0002540380013046574
1657.6177978515625 0.9994282317661002 0.00025411239082496253
1657.6386108398438 0.9993641534637534 0.0002541729708231277
1657.6594848632812 1.0002128322152863 0.00025413723093441166
1657.6802978515625 0.999833710683857 0.00025423731792113954
1657.7011108398438 1.0009418408380923 0.0002540388457767797
1657.7219848632812 0.999253758642133 0.00025414327489371816
1657.7427978515625 1.0000936862900733 0.00025393712479186296
1657.7636108398438 1.0003111348160976 0.0002539985997090841
1657.7844848632812 0.9999564395070302 0.00025397986812845724
1657.8052978515625 0.9999819080360827 0.0002542772103335445
1657.8261108398438 0.9996334310477242 0.00025384993881820336
1657.8469848632812 0.9999643435874565 0.00025404520314414
1657.8677978515625 1.0002051889710777 0.00025417465821716976
1657.8886108398438 0.9998443887913243 0.000254020321022932
1657.9094848632812 1.0005190767221932 0.0002536451858354748
1657.9302978515625 0.9998306351946852 0.0002535528737462445
1657.9511108398438 1.0002476568013703 0.00025328332724623817
1657.9719848632812 0.9995003452195154 0.0002530119460756886
1657.9927978515625 1.0000215740815523 0.0002532702746116085
1658.0136108398438 0.9996169852538171 0.0002527810465279395
1658.0344848632812 1.000592503297346 0.0002525811832818718
1658.0552978515625 1.0000515676862836 0.00025270277476937593
1658.0761108398438 0.999857955369407 0.000253001581100995
1658.0969848632812 0.9995860528218562 0.000252394284924247
1658.1177978515625 1.0006465929386692 0.00025297369989152595
1658.1386108398438 0.9998721032766074 0.0002525753092124586
1658.1594848632812 0.9997162217775447 0.00025321885492730456
1658.1802978515625 1.000510938768606 0.00025310517033171157
1658.2011108398438 0.9994063119082988 0.00025311220030632665
1658.2219848632812 1.0006777205939306 0.0002532838094359319
1658.2427978515625 0.9994636457830345 0.0002534342341046176
1658.2636108398438 0.9997719158087957 0.0002532964249600704
1658.2844848632812 1.0002204436085667 0.0002533402611573436
1658.3052978515625 0.9997938526984199 0.00025289158495181256
1658.3261108398438 1.0006703815537212 0.00025272209139602344
1658.3469848632812 0.9998694713504631 0.00025229959953681445
1658.3678588867188 0.9994973383779767 0.0002521449074284219
1658.388671875 1.00062491836011 0.00025206388917768733
1658.4094848632812 0.9977741885206514 0.00025164985450182797
1658.4303588867188 0.9971674533151557 0.000251645387217241
1658.451171875 0.997281937953292 0.00025162990098966646
1658.4719848632812 0.9993224770667547 0.00025171738496378686
1658.4928588867188 1.0002459132988997 0.000251918929617111
1658.513671875 1.0001789569903485 0.00025200950575223803
1658.5344848632812 0.9998654729839855 0.00025233184150007286
1658.5553588867188 1.0002249334657474 0.00025234065967399505
1658.576171875 0.9986599709385432 0.00025288125551606007
1658.5969848632812 0.9995068713884723 0.00025280991785203705
1658.6178588867188 1.000382319216752 0.000252963511882596
1658.638671875 1.0001731087515378 0.00025296399783049047
1658.6594848632812 0.9999740739939624 0.0002527808976086602
1658.6803588867188 0.999403579325865 0.0002528138971192558
1658.701171875 1.0000056002207571 0.00025306948690929253
1658.7219848632812 1.0008012927115724 0.00025264601717051927
1658.7428588867188 0.9995697673431615 0.0002528048266293524
1658.763671875 0.9995779450070429 0.000252405212697114
1658.7844848632812 1.000361294294431 0.00025252697928493736
1658.8053588867188 1.0003963572765302 0.0002529324215911481
1658.826171875 1.0001160948035484 0.00025257612453138484
1658.8469848632812 0.9993273309526902 0.0002526884085997926
1658.8678588867188 0.9999518930440591 0.00025256071185304887
1658.888671875 1.0003461787916275 0.0002524346608502567
1658.9094848632812 1.0001697622394123 0.0002525057456985173
1658.9303588867188 0.9995754105449567 0.0002523640363133867
1658.951171875 0.9998730738114086 0.0002521810135486645
1658.9719848632812 1.0001618769413059 0.00025223047517192626
1658.9928588867188 1.0005002515498793 0.0002520313025064698
1659.013671875 0.9998855043587489 0.00025181369737438153
1659.0344848632812 0.9994349687152879 0.00025138328282432157
1659.0553588867188 0.9999381615710574 0.0002517082808735724
1659.076171875 1.0006342607070782 0.0002512758385074139
1659.0969848632812 1.000086874751919 0.0002513565438706213
1659.1178588867188 0.9996100702384971 0.00025113775427961616
1659.138671875 0.9997054301075422 0.00025106958711786006
1659.1594848632812 1.0002002027052919 0.00025128503744360477
1659.1803588867188 1.0000832780723867 0.0002512702822808994
1659.201171875 1.0006059291760159 0.0002513845964041482
1659.2219848632812 0.9998887095673 0.000251404045315259
1659.2428588867188 0.9993357238126717 0.00025139081172079647
1659.263671875 1.0000286186323797 0.00025167831933086104
1659.2844848632812 0.9997141621944139 0.0002514753436564189
1659.3053588867188 1.000594175199597 0.0002513200354465409
1659.326171875 1.0000304004719203 0.0002511645729422219
1659.3469848632812 0.9997011127461997 0.00025083556675785227
1659.3678588867188 1.0000545757638764 0.00025055677956028046
1659.388671875 1.0003825356014868 0.00025087475050359807
1659.4094848632812 0.9999847578835592 0.00025064643031374995
1659.4303588867188 0.9997059955287059 0.00025037946857092843
1659.451171875 0.9998656641304579 0.00025070884683803273
1659.4719848632812 0.9999956732328079 0.0002504196605496557
1659.4928588867188 1.0000482946996405 0.0002507851866648436
1659.513671875 1.0002603892339144 0.00025084787989863204
1659.5344848632812 1.000202758923338 0.00025056014085650657
1659.5553588867188 0.9995906828693133 0.000250931348283751
1659.576171875 0.9999207072773071 0.0002507543591904057
1659.5969848632812 0.999960593715368 0.0002508980719924111
1659.6178588867188 0.9999943623431117 0.00025107927613344697
1659.638671875 1.0004536655042315 0.00025093716644179623
1659.6594848632812 1.0000116439203879 0.0002509102322746066
1659.6803588867188 0.999831888540599 0.00025101661118420997
1659.701171875 0.9995537204171989 0.0002510197643950445
1659.7219848632812 1.0003826949857904 0.0002508844804092165
1659.7428588867188 0.999927988826733 0.0002508219143448573
1659.763671875 0.9997767060630447 0.0002507917679352677
1659.7844848632812 1.0004624121216033 0.0002509153298384448
1659.8053588867188 0.9999097610719929 0.00025082180415314043
1659.826171875 1.000156636162015 0.00025117349407456977
1659.8469848632812 0.9994440798385431 0.0002508921155621173
1659.8678588867188 1.0001776970201604 0.0002511520564753407
1659.888671875 1.0001687347893047 0.0002507997533024621
1659.9094848632812 0.9999630189415971 0.0002508297489295772
1659.9303588867188 0.9998726877044907 0.0002508311918810749
1659.951171875 1.0001928859406 0.0002508599601383848
1659.9719848632812 0.9996680471570921 0.00025055674217687197
1659.9928588867188 1.0004060675541 0.00025038859493654273
1660.013671875 1.0001033182994552 0.0002498717243417909
1660.0344848632812 0.9995370641796192 0.0002495545444686517
1660.0553588867188 1.0000801127113659 0.00024958380935939564
1660.076171875 1.0002194066189276 0.00024967475366555045
1660.0969848632812 0.9997793039719103 0.0002492889321944295
1660.1178588867188 1.0000256252505457 0.00024926128690921104
1660.138671875 1.0001924303789764 0.0002490819701376283
1660.1594848632812 1.000096662835324 0.0002491293293510052
1660.1803588867188 0.9995487241592945 0.0002490538143948014
1660.201171875 1.0001996442139145 0.00024910116711789363
1660.2219848632812 1.0000722434907146 0.00024926273882423827
1660.2428588867188 1.000269429386647 0.0002490983910476385
1660.263671875 0.9998390407608414 0.0002493605777107876
1660.2844848632812 0.9995773765727876 0.000249081900501098
1660.3053588867188 0.9998315087054923 0.00024917198723316345
1660.326171875 1.000609152314196 0.0002492454870899866
1660.3469848632812 0.9999043220519219 0.00024872728630437855
1660.3678588867188 1.0004782784320219 0.0002490470970065655
1660.388671875 0.9994676304596564 0.00024861632733781935
1660.4094848632812 0.9997928818109667 0.000248740091979745
1660.4303588867188 1.0001232183203623 0.00024870690026310404
1660.451171875 0.9998560416074254 0.00024875833193719563
1660.4719848632812 1.000227387596987 0.00024877645609409997
1660.4928588867188 1.0004614212242793 0.00024885902137059327
1660.513671875 0.9992538685098318 0.00024875163117323576
1660.5344848632812 1.000182086071075 0.00024868652058781116
1660.5553588867188 0.9999834757920864 0.0002487883879001395
1660.576171875 1.0006338044476175 0.00024887896234972244
1660.5969848632812 0.9993376508982363 0.0002490077700022635
1660.6178588867188 1.0001476414418566 0.00024982910334314987
1660.638671875 0.9998166949563356 0.0002491934986144656
1660.6594848632812 1.0003629126266989 0.00024929069508294036
1660.6803588867188 0.9999363425766538 0.0002493747210608427
1660.7012329101562 0.9994720036180289 0.00024936216468269884
1660.7428588867188 1.0001820622068 0.0002490649676661238
1660.7637329101562 1.000305586270232 0.0002491302089314977
1660.7845458984375 1.0002842655198767 0.00024926844578235306
1660.8053588867188 0.9997067103667616 0.0002492724514169217
1660.8262329101562 0.9998318740377795 0.0002492330044905824
1660.8470458984375 1.0002054014414672 0.0002493278341281301
1660.8678588867188 0.9999204082456548 0.0002490996090615218
1660.8887329101562 1.0001936638738178 0.0002492019326539791
1660.9095458984375 0.9996755406833993 0.0002489404003020412
1660.9303588867188 0.999812656029762 0.00024884465842955607
1660.9512329101562 1.0001920082773241 0.000248814816662777
1660.9720458984375 0.999885566455232 0.0002486142810254553
1660.9928588867188 1.0005211098024749 0.00024823941917894934
1661.0137329101562 0.9998023672937785 0.00024814850366528115
1661.0345458984375 0.999989099579238 0.0002481230338324117
1661.0553588867188 1.000049143883474 0.00024782105586370804
1661.0762329101562 0.9986231940905147 0.00024762913643506233
1661.0970458984375 0.9969231182060128 0.00024783220768137846
1661.1178588867188 0.9971777343915138 0.0002475827570682024
1661.1387329101562 0.9994816026683164 0.0002473283650499433
1661.1595458984375 1.0002952643180096 0.0002474002424062279
1661.1803588867188 1.0001809726399495 0.00024760720381166807
1661.2012329101562 0.9997767688105826 0.0002474869699792686
1661.2220458984375 1.000056599766881 0.0002473000104957349
1661.2428588867188 1.000615045843434 0.00024726215490884367
1661.2637329101562 0.9995136974995094 0.00024744452110676927
1661.2845458984375 0.9996924689015969 0.0002473312603386601
1661.3053588867188 1.0000585125314787 0.00024704155266688685
1661.3262329101562 1.0001153553199167 0.0002470631934134588
1661.3470458984375 1.0001744335733922 0.000247289956589124
1661.3678588867188 1.000123820484793 0.000246746114199173
1661.3887329101562 0.9994073882669446 0.00024727989685091795
1661.4095458984375 1.0003693957044328 0.000246807158084947
1661.4303588867188 0.9999373889959804 0.0002466865808755022
1661.4512329101562 1.0006647138498814 0.00024678580136381744
1661.4720458984375 0.9992143203012577 0.0002464874449930819
1661.4928588867188 0.9999569834427695 0.0002469264409438553
1661.5137329101562 1.0000931263859825 0.0002466169980345191
1661.5345458984375 0.999993214042468 0.00024665461403277825
1661.5553588867188 1.0002303155063066 0.0002468026924237694
1661.5762329101562 0.9999498738384377 0.0002467633752610009
1661.5970458984375 0.9998170047252322 0.00024723273941630445
1661.6178588867188 1.0004387424121663 0.0002470465575855613
1661.6387329101562 0.9998561503014668 0.0002471272527221863
1661.6595458984375 0.9999004827744792 0.0002474177129731758
1661.6803588867188 0.9997830975235372 0.00024714790694411456
1661.7012329101562 0.9998817874300917 0.00024717592096426403
1661.7220458984375 1.0002734509900533 0.0002471505693409074
1661.7428588867188 1.0002772142521286 0.0002470832140625685
1661.7637329101562 0.9994162974994095 0.0002471423471023269
1661.7845458984375 1.0004818506618467 0.00024698575583015104
1661.8053588867188 0.9998817279110346 0.00024709464689699675
1661.8262329101562 1.0000386641956713 0.00024703024905622326
1661.8470458984375 0.9997342626390149 0.00024685098932632075
1661.8678588867188 1.0001368625855673 0.000247341285173007
1661.8887329101562 1.000013502670973 0.0002473684633225648
1661.9095458984375 1.000056589608186 0.0002471179043070576
1661.9303588867188 1.000048794007326 0.0002472094489405303
1661.9512329101562 0.999679958977456 0.0002468308595026977
1661.9720458984375 1.0004300047361876 0.0002469183126809864
1661.9928588867188 1.0001398756037734 0.0002467609876122136
1662.0137329101562 0.9997791827322228 0.00024652418589179027
1662.0345458984375 0.999173950436534 0.00024651367041222217
1662.0553588867188 1.0005436543158444 0.00024622037798449116
1662.0762329101562 1.0005903874718414 0.0002464792527321103
1662.0970458984375 0.9998154113591662 0.0002460947398531394
1662.1178588867188 0.9996546537968496 0.0002460990867819279
1662.1387329101562 0.9999636903710722 0.0002458480611836021
1662.1595458984375 1.0005573070108236 0.00024597214422353585
1662.1803588867188 0.9992913367696318 0.00024583665459120306
1662.2012329101562 1.0000684130866333 0.00024579733441375636
1662.2220458984375 1.0000923735632454 0.00024583959341527913
1662.2428588867188 1.0002334050042463 0.00024576188040287847
1662.2637329101562 1.0002016566479337 0.000245661115436756
1662.2845458984375 0.999861958928246 0.00024578252529538596
1662.3053588867188 0.9998224299511577 0.00024556438876485455
1662.3262329101562 0.9998083795772096 0.0002457018957655073
1662.3470458984375 0.9999143586438705 0.00024564087044785213
1662.3678588867188 1.0004151730025186 0.00024536756627507644
1662.3887329101562 1.0000390375500467 0.0002451635536372654
1662.4095458984375 0.9999112301952019 0.00024551704326966644
1662.4303588867188 0.9997852820574539 0.00024531208908915486
1662.4512329101562 1.0001101563460721 0.00024532725200893454
1662.4720458984375 1.0002725895805629 0.00024514472880966093
1662.4928588867188 0.9997372240484625 0.00024513399359837927
1662.5137329101562 0.9999098173717945 0.00024516806978624886
1662.5345458984375 0.9998632508345398 0.0002454221939405653
1662.5553588867188 1.0003277571540876 0.0002453008131138528
1662.5762329101562 1.000144583408627 0.0002455826829554503
1662.5970458984375 0.9999259856776663 0.000245771675591143
1662.6178588867188 0.9997580483381144 0.00024570638551240997
1662.6387329101562 1.0000785638511651 0.00024586633805295425
1662.6595458984375 0.9998772462752065 0.00024584337991507296
1662.6803588867188 1.00004455667252 0.00024605636214774943
1662.7012329101562 0.9999708476217658 0.0002458457293218019
1662.7220458984375 1.0001684885398463 0.00024607873719932247
1662.7428588867188 1.0001340096557823 0.00024585962780935536
1662.7637329101562 0.9998475978535011 0.0002458459733172006
1662.7845458984375 1.0000593440262935 0.0002458484574152919
1662.8053588867188 0.999884697078933 0.00024582621999830005
1662.8262329101562 1.0000585545321474 0.0002458121137792055
1662.8470458984375 1.0000368107741429 0.0002462850561935074
1662.8678588867188 1.0000063416725056 0.00024600819654726385
1662.8887329101562 0.9997543661365259 0.00024587381648182765
1662.9095458984375 0.9998055771090921 0.0002459261037747438
1662.9303588867188 1.0003338587025912 0.0002459007070327925
1662.9512329101562 1.0005108236067914 0.00024578093947989326
1662.9720458984375 0.9995681191092175 0.0002458065398078066
1662.9928588867188 0.999955781282599 0.000245695351479694
1663.0137329101562 0.9996837035012277 0.0002455839292513466
1663.0345458984375 1.0000918462040225 0.0002458162462991431
1663.0553588867188 1.0004801481189949 0.0002454746219170816
1663.0762329101562 0.9999954007070829 0.0002453156002514011
1663.0970458984375 0.9996078714335139 0.00024539517487253516
1663.1178588867188 1.0001751902186342 0.0002452011812090723
1663.1387329101562 1.000206602946941 0.00024549433192341596
1663.1595458984375 0.9994308639755675 0.0002451252994998271
1663.1803588867188 1.0003692557139419 0.00024528133133164514
1663.2012329101562 1.0000020676438757 0.00024521849519701817
1663.2220458984375 0.9998980615624634 0.000245033635005181
1663.2428588867188 1.0001493811734516 0.0002452383655142976
1663.2637329101562 0.9996733474496647 0.0002452008897316293
1663.2846069335938 1.0001853516897796 0.0002454082414075906
1663.305419921875 1.0004920988679133 0.0002451019381838916
1663.3262329101562 0.9990504691281162 0.0002453353876629525
1663.3471069335938 1.000452880556255 0.00024497516145754675
1663.367919921875 1.0003113896082645 0.00024501557352393793
1663.3887329101562 1.000111105542593 0.00024505233485466185
1663.4096069335938 0.999679206259541 0.00024479696001681206
1663.430419921875 0.9995576520018613 0.0002449333955343171
1663.4512329101562 1.0000841542411756 0.0002446754652346391
1663.4721069335938 1.0006395968385682 0.0002448213444558868
1663.492919921875 0.9997171286768206 0.0002450337896080932
1663.5137329101562 1.0000727945174448 0.00024487412518483994
1663.5346069335938 0.9997785999330291 0.0002448422312285557
1663.555419921875 0.999823371204106 0.00024473538301417603
1663.5762329101562 1.0004891424749007 0.00024491640814664883
1663.5971069335938 0.9999141863215608 0.0002451079642047313
1663.617919921875 0.9998567940800274 0.00024489180894743975
1663.6387329101562 0.9998024726553477 0.0002449861921025669
1663.6596069335938 1.0000268505036058 0.00024515225308537525
1663.680419921875 1.000350829162312 0.0002450114797493434
1663.7012329101562 1.0004445409197222 0.0002452011638776533
1663.7221069335938 0.9995112590323311 0.00024514282531924237
1663.742919921875 1.0000311873300447 0.00024505815541818715
1663.7637329101562 0.9969887104419106 0.00024500945402593097
1663.7846069335938 0.9979669159274219 0.0002450110808671009
1663.805419921875 0.9993276228063318 0.00024506998379728294
1663.8262329101562 1.0004309453062903 0.0002452044856573626
1663.8471069335938 1.0000520071204233 0.00024523503546447213
1663.867919921875 1.0001409097263212 0.0002451819445365548
1663.8887329101562 1.0003531129936554 0.0002450956096328277
1663.9096069335938 0.999364834579535 0.0002447515843253721
1663.930419921875 0.9999016959371385 0.0002447246939071389
1663.9512329101562 1.0003706667363679 0.000244587708084273
1663.9721069335938 1.0000462657950493 0.0002445135544642648
1663.992919921875 1.0000623584256163 0.0002447821206099298
1664.0137329101562 0.9997783636045664 0.0002444982564340686
1664.0346069335938 1.0004023199023948 0.00024413653473298692
1664.055419921875 0.9994776418917485 0.0002443152873644009
1664.0762329101562 0.99954862107923 0.00024410335019588834
1664.117919921875 1.000314935090653 0.00024386541686861546
1664.1387329101562 1.000731086034222 0.00024377030321756592
1664.1596069335938 1.0001515339237363 0.0002437219595262534
1664.180419921875 0.9989302838720554 0.00024363233318184857
1664.2012329101562 1.000334774519224 0.00024363537517969078
1664.2221069335938 1.0004134204245392 0.00024374777699397515
1664.242919921875 1.0003462275374708 0.00024390435143676934
1664.2637329101562 0.9995536703384488 0.0002439038251553725
1664.2846069335938 0.9995754332238528 0.00024373018019774025
1664.305419921875 0.9998245199198567 0.00024398881312861232
1664.3262329101562 1.000078856443146 0.00024364739305928983
1664.3471069335938 1.0009371350220886 0.0002437216677709006
1664.367919921875 0.9993745461547484 0.00024337038898256547
1664.3887329101562 1.0000996068091985 0.00024345346873252927
1664.4096069335938 0.9997458252480965 0.0002432894032391504
1664.430419921875 0.999982864024413 0.00024354236107622683
1664.4512329101562 1.0008900912448235 0.00024326023664565817
1664.4721069335938 0.9994602004409483 0.00024312059358841433
1664.492919921875 0.9995307064462624 0.00024322810411228692
1664.5137329101562 0.9999050114283959 0.00024319270022256882
1664.5346069335938 1.000174877703626 0.00024307813501719646
1664.555419921875 1.000606365681633 0.00024306951805028114
1664.5762329101562 1.0004621310744197 0.00024296500317507974
1664.5971069335938 0.9992736128470426 0.00024290458305657533
1664.617919921875 0.9997817374671507 0.0002432084749968827
1664.6387329101562 0.9995974726536148 0.0002435102955681675
1664.6596069335938 1.0006251201869572 0.00024281568518326712
1664.680419921875 1.0000458487229087 0.0002428588544373349
1664.7012329101562 0.9996793660049899 0.00024291967953271677
1664.7221069335938 1.0001095214577365 0.00024314817259924758
1664.742919921875 1.0004727031817704 0.00024255480360081325
1664.7637329101562 0.9995415322510646 0.00024279633181499273
1664.7846069335938 1.000123382827917 0.00024251236092609596
1664.805419921875 0.9994452218715721 0.00024237292931656424
1664.8262329101562 1.0005383356695505 0.00024237122282885616
1664.8471069335938 1.0003959079794014 0.00024242051516522236
1664.867919921875 0.999584508183692 0.00024255888705189882
1664.8887329101562 0.9999777012992976 0.0002426442646847418
1664.9096069335938 1.0000940626589885 0.00024236353036158025
1664.930419921875 0.9996513758793989 0.0002420231529710549
1664.9512329101562 0.9999199128120416 0.0002423172160556435
1664.9721069335938 1.0006792682473884 0.00024232939701292547
1664.992919921875 1.0000230218259794 0.00024210780799622042
1665.0137329101562 0.9997266574668615 0.00024230327468397744
1665.0346069335938 0.999785073104957 0.00024239471676226916
1665.055419921875 1.0001094709739602 0.00024201371608928812
1665.0762329101562 1.0000266504686477 0.00024210635917068713
1665.0971069335938 0.9996766926448485 0.00024202173237571146
1665.117919921875 1.0003669592723594 0.00024197518918742285
1665.1387329101562 0.9997793408520804 0.0002419153394779135
1665.1596069335938 1.0002193862065114 0.0002419404423892404
1665.180419921875 1.0001764202845695 0.00024210294675003065
1665.2012329101562 0.999912894552515 0.0002420307847719292
1665.2221069335938 0.9997296057231126 0.00024234491675187924
1665.242919921875 0.9999137301804369 0.00024218802523171852
1665.2637329101562 1.000711921142238 0.00024213315759990376
1665.2846069335938 0.9994241707370825 0.0002421669960935802
1665.367919921875 1.0001051754185508 0.00024216507707711799
1665.3887329101562 0.9995654822130215 0.00024196966471657586
1665.4096069335938 1.0003400120919068 0.00024224457590472944
1665.430419921875 1.0000063125851766 0.00024201538935964085
1665.4512329101562 1.0003750874097261 0.00024229402669964433
1665.4721069335938 0.9997222298611058 0.00024198270538512852
1665.492919921875 0.9999335527854437 0.00024219174874298723
1665.5137329101562 1.00004868286071 0.00024269948044651108
1665.5346069335938 0.9999503697791203 0.00024232851307562662
1665.555419921875 1.000302482263502 0.00024216765414273727
1665.5762329101562 0.9996397240265685 0.00024275658631891562
1665.5971069335938 1.0000961609086096 0.00024220452655243107
1665.617919921875 0.9997771927260867 0.00024207742579632387
1665.6387329101562 0.9999552834791895 0.00024235050756180314
1665.6596069335938 1.0004314734604123 0.00024226602967833912
1665.680419921875 0.9999825780991406 0.00024222087358798518
1665.7012329101562 0.9998878041934386 0.00024231624229751017
1665.7221069335938 0.9999384796357014 0.00024241829647573382
1665.742919921875 1.0001351824321902 0.00024220381862592296
1665.7637329101562 0.9998006404651818 0.00024225164890757727
1665.7846069335938 1.0001515349928964 0.00024227867369903
1665.805419921875 1.000184482953207 0.00024223727075388382
1665.8262329101562 0.9994467360143909 0.00024221674054367967
1665.8471069335938 1.000205585006173 0.00024240066836173603
1665.867919921875 1.0001481207698926 0.000242151962886275
1665.8887329101562 0.9999094764960132 0.00024274144618414447
1665.9096069335938 1.0002386227050746 0.00024250626664815454
1665.930419921875 0.9997971506628144 0.00024246869177569434
1665.9512329101562 0.9999294873418562 0.00024236024559163362
1665.9721069335938 0.9998022148185345 0.00024259620498029674
1665.992919921875 1.0004515140777868 0.0002423292401023514
1666.0137329101562 0.9996488761368248 0.00024226709632166172
1666.0346069335938 1.0008164069482641 0.00024268846978044278
1666.055419921875 0.9992436364013625 0.0002422599191264783
1666.0762329101562 1.0000656906564833 0.00024255420469498714
1666.0971069335938 0.9999082471789408 0.0002422321917674431
1666.117919921875 0.9998184087252601 0.00024257887839588331
1666.1387329101562 1.0002198438785992 0.00024248478105779887
1666.1596069335938 1.0001597628921806 0.0002420574819836201
1666.180419921875 1.0003195771861033 0.0002423873497597706
1666.2012329101562 0.9997068895311118 0.00024212591723955183
1666.2221069335938 0.9994920308697642 0.00024225664153352573
1666.242919921875 1.0007618338868314 0.0002422268009083718
1666.2637939453125 0.9996672394376005 0.00024270016765232832
1666.2846069335938 1.0001869993563335 0.00024228668659494114
1666.3054809570312 0.9993877118958949 0.00024229144280107288
1666.3262939453125 1.0006649626458664 0.00024233939303958094
1666.3471069335938 0.9997886131901339 0.0002423968037581795
1666.3679809570312 1.0003118874887844 0.00024279166307890446
1666.3887939453125 0.9997468111780256 0.00024270651253590313
1666.4096069335938 0.9997990534150132 0.00024266378212427513
1666.4304809570312 0.997796253246578 0.0002421598556228482
1666.4721069335938 0.9986433140237188 0.0002423243174374751
1666.4929809570312 0.9999246742785601 0.00024228945173456498
1666.5137939453125 0.9999463417860349 0.00024258174118689174
1666.5346069335938 0.9999488095624103 0.00024238407204494561
1666.5554809570312 1.000324740240464 0.00024232216799358527
1666.5762939453125 1.000178271971461 0.00024227379654265265
1666.5971069335938 0.9999045848368142 0.0002423220478818749
1666.6179809570312 0.9996706566539927 0.00024236770374432966
1666.6387939453125 1.000253023692579 0.00024253150908804848
1666.6596069335938 1.0001025277358861 0.00024236295009496365
1666.6804809570312 0.9997543150189648 0.0002423634902489427
1666.7012939453125 1.000020612008072 0.00024211520035966467
1666.7221069335938 1.0001963524594115 0.00024247107013052708
1666.7429809570312 1.0000039753025927 0.0002425276274885683
1666.7637939453125 0.9997798456653149 0.00024258676544047845
1666.7846069335938 1.0000293014818122 0.00024210602619795533
1666.8054809570312 0.9997192226743038 0.0002423764418529007
1666.8262939453125 1.0003753250296263 0.0002423338451139295
1666.8471069335938 0.9998449337462768 0.00024232660222862353
1666.8679809570312 1.0002572428460008 0.0002424785931405438
1666.8887939453125 0.9998185006614929 0.00024236757064808267
1666.9096069335938 0.9999940641672604 0.0002424412157767123
1666.9304809570312 1.00011199349015 0.00024223220387594962
1666.9512939453125 1.0004233866095875 0.00024222939540818121
1666.9721069335938 0.9995274445567786 0.0002425519535634612
1666.9929809570312 0.9998790494902743 0.0002423063740665975
1667.0137939453125 0.9998971792823919 0.00024221885550707595
1667.0346069335938 0.9999445000803769 0.00024216902786308486
1667.0554809570312 1.00022433912137 0.00024258658945716554
1667.0762939453125 1.0000229781812067 0.00024237706377561096
1667.0971069335938 1.0002404243936591 0.0002425996056774641
1667.1179809570312 1.0000943053050735 0.00024231386002735857
1667.1387939453125 0.9994476316279591 0.00024219747201236988
1667.1596069335938 0.9998786915586853 0.00024225806602293698
1667.1804809570312 1.0018674452601024 0.0002449543973986475
1667.2012939453125 1.0003727819695056 0.00024218365928753928
1667.2221069335938 1.000083671958227 0.00024237603784589378
1667.2429809570312 1.0001661173278282 0.0002423545766113233
1667.2637939453125 0.9997976263509921 0.00024213591886190335
1667.2846069335938 0.9997842418407104 0.00024243471437218045
1667.3054809570312 1.0001190091035925 0.00024263276502028505
1667.3262939453125 0.9999530386906555 0.00024224476442562818
1667.3471069335938 0.999915260818845 0.00024219246902631975
1667.3679809570312 1.0005526505808626 0.0002423713747581992
1667.3887939453125 0.9995426605035918 0.00024233088560004706
1667.4096069335938 0.999944518818831 0.00024219377432484204
1667.4304809570312 0.999802270004345 0.00024210799874841918
1667.4512939453125 1.0003021800499414 0.00024219588807062911
1667.4721069335938 1.0004106520329386 0.0002422778546104431
1667.4929809570312 0.9996049221321784 0.0002422254575750581
1667.5137939453125 0.9999229810999466 0.00024271182956124788
1667.5346069335938 1.000145996315517 0.00024211691773867193
1667.5554809570312 0.9999402172472183 0.00024233432679285444
1667.5762939453125 0.9996966870731988 0.00024213573022742018
1667.5971069335938 1.000554640422228 0.00024205313961165215
1667.6179809570312 0.9995160448454712 0.0002420121403791153
1667.6387939453125 1.0008021659224307 0.00024210314162843565
1667.6596069335938 0.9998192597520582 0.0002421917599164921
1667.6804809570312 0.9997695334046311 0.0002426315232814486
1668.6387939453125 1.000254431036372 0.0002536660259759564
1668.6596069335938 0.999724426760389 0.00025443898923208883
1668.6804809570312 0.9999155804593968 0.0002551222494079181
1668.7012939453125 0.9994935411890126 0.0002565062448067552
1668.7221069335938 1.0007747619040956 0.00025684859377902996
1668.7429809570312 1.0000608749723696 0.00025783438038663595
1668.7637939453125 0.9997874150800358 0.0002590360963284333
1668.7846069335938 1.0000549307137452 0.00026017293345731977
1668.8054809570312 0.9996841929887408 0.0002616671344618683
1668.8262939453125 1.0002498479387234 0.0002628046494369856
1668.8471069335938 1.000295313289657 0.0002635759187231197
1668.8679809570312 0.9993612840107031 0.00026421959152805587
1668.8887939453125 0.9997177186819474 0.00026446015131095075
1668.9096069335938 0.9997460085748145 0.00026376776201502875
1668.9304809570312 0.9998257899051651 0.00026303828840289087
1668.9512939453125 0.9985932367652112 0.00026238213352270756
1668.9721069335938 1.000222600916173 0.00026170602327744996
1668.9929809570312 1.0006494463125488 0.00026150779883686424
1669.0137939453125 0.9996729457550108 0.00026113427693213407
1669.0346069335938 0.9997335961219703 0.00026109131165416333
1669.0554809570312 1.0002055826371041 0.0002613463737916963
1669.0762939453125 0.999763311110135 0.0002608732679633455
1669.1387939453125 0.9978359255071328 0.0002609458370128215
1669.1596069335938 1.000251587797671 0.00026071189837177455
1669.1804809570312 0.9997497299265939 0.0002608928820698886
1669.2012939453125 0.9999743182156889 0.0002608866988155694
1669.2221069335938 1.0003801082561639 0.00026066950805246327
1669.2429809570312 0.9997665924317 0.0002603206041841693
1669.2637939453125 1.0002328784110674 0.000260273373997953
1669.2846069335938 0.9995238784915276 0.0002600182998624413
1669.3054809570312 0.9999518203700875 0.00026032718336745813
1669.3262939453125 1.0004614105817007 0.00025965920457832973
1669.3471069335938 1.000465163162763 0.00025952384704357824
1669.3679809570312 0.999439893645266 0.00025954944097317776
1669.3887939453125 0.9996776957934657 0.0002595300626700428
1669.4096069335938 1.000293286097941 0.0002595392260382168
1669.4304809570312 0.9999679954133023 0.0002595213937074511
1669.4512939453125 1.0000644425682887 0.000259707549462332
1669.4721069335938 0.999705221070395 0.0002598417521336026
1669.4929809570312 1.0000785899015925 0.0002600439104494368
1669.5137939453125 1.0005811750640994 0.00026039168530307157
1669.5346069335938 0.99936226916276 0.00026032661387563507
1669.5554809570312 1.0004384909650499 0.0002605741445705696
1669.5762939453125 1.0000285292836617 0.00026063613902978835
1669.5971069335938 0.9990963995721835 0.00026045442291993304
1669.6179809570312 1.0007898961915107 0.00026052716628281194
1669.6387939453125 1.0000759061408269 0.000260135896428976
1669.6596069335938 1.0004434506463056 0.0002597981641505935
1669.6804809570312 0.9991412212827567 0.000259387468769405
1669.7012939453125 0.9995057406451194 0.0002589348574344623
1669.7221069335938 1.000273361683661 0.00025856577217599387
1669.7429809570312 1.000702808588079 0.00025835608479861193
1669.7637939453125 1.0002915703718815 0.00025842612805142056
1669.7846069335938 0.9995156208874237 0.0002582786534179938
1669.8054809570312 0.9997926127379855 0.0002584693192839762
1669.8262939453125 1.0000748764139884 0.00025844828498661584
1669.8471069335938 1.0001486084496518 0.0002585782827940742
1669.8679809570312 0.9998216234322188 0.00025869427956985323
1669.8887939453125 1.0000831656893074 0.0002583584245001828
1669.9096069335938 0.9998879133330684 0.00025815393128396743
1669.9304809570312 1.0002138387399966 0.0002576398549507209
1669.9512939453125 0.9996491694187429 0.00025703847955252016
1669.9721069335938 1.0003789364651687 0.0002566923113480224
1669.9929809570312 1.000243455677679 0.0002560570682490737
1670.0137939453125 0.9996260681196647 0.00025561439374900127
1670.0346069335938 0.999563579349832 0.00025535116929477906
1670.0554809570312 1.0001022419256074 0.0002550924531853204
1670.0762939453125 1.0003797427474528 0.00025514682949257753
1670.0971069335938 1.0006116038947934 0.00025491271260749655
1670.1179809570312 0.9996752758628846 0.0002549931385865831
1670.1387939453125 0.9993251784913331 0.00025504332539730095
1670.1596069335938 0.9998118967423505 0.0002550745249137838
1670.1804809570312 1.0003360579788356 0.000255341200920084
1670.2012939453125 1.0008011030187642 0.0002552615986666124
1670.2221069335938 0.9998197087741555 0.00025478577145530095
1670.2429809570312 0.999645106623265 0.00025476210567000715
1670.2637939453125 0.9993090286108524 0.0002544210490491168
1670.2846069335938 1.0002802351106452 0.00025421028706319954
1670.3054809570312 1.000545272089702 0.00025413366068001604
1670.3262939453125 0.9997289876533506 0.0002540083300360312
1670.3471069335938 1.0001833422522968 0.00025381392665574864
1670.3679809570312 0.9999763814769136 0.0002534742491339877
1670.3887939453125 1.0000787805120268 0.0002535448563804584
1670.4096069335938 1.0000305555313673 0.000253414546524359
1670.4304809570312 0.9994313497009514 0.00025352448635339135
1670.4512939453125 1.0000128428876622 0.00025377129068350967
1670.4721069335938 1.0006170273186024 0.0002535092066740087
1670.4929809570312 0.9996040513003396 0.00025430983468746436
1670.5137939453125 1.000560832862313 0.0002541638864859377
1670.5346069335938 0.999651949335143 0.00025442540919662284
1670.5554809570312 0.9997074877046902 0.00025482271492165663
1670.5762939453125 1.0003711043871883 0.00025508614376162263
1670.5971069335938 0.999596749137219 0.0002550517939795177
1670.6179809570312 1.000356573156389 0.000255324239625905
1670.6388549804688 1.0002130182826319 0.0002552883237290004
1670.65966796875 0.9996201855344861 0.00025515825789938415
1670.6804809570312 0.999489446392003 0.00025522978379449355
1670.7013549804688 1.0002865136903107 0.00025477417601417034
1670.72216796875 1.0004966851301724 0.00025470099577248726
1670.7429809570312 0.9998622329987458 0.0002548182107149613
1670.7638549804688 1.0004382496609197 0.0002546394453518476
1670.78466796875 0.9994139314503012 0.00025502257464352947
1670.8054809570312 1.0000573627560299 0.0002549723999812125
1670.8263549804688 0.9999626016448342 0.0002551190725388952
1670.84716796875 0.9999452352627055 0.0002549467665233532
1670.8679809570312 1.0000803111066874 0.00025510872551191594
1670.8888549804688 0.9997774481214944 0.0002550918770742593
1670.90966796875 1.0001907824774856 0.0002548007245072238
1670.9304809570312 1.0001848999738332 0.0002545404950706343
1670.9513549804688 1.0004266783837468 0.00025415882752022036
1670.97216796875 0.9992951286354644 0.00025413580009783304
1670.9929809570312 0.9996280972875048 0.00025356688953385737
1671.0138549804688 1.0002099023333797 0.0002532920086302555
1671.03466796875 1.000583720788568 0.000253055462441596
1671.0554809570312 1.000276874126514 0.0002529630016618853
1671.0763549804688 0.9996030533399967 0.00025316117918879093
1671.09716796875 0.9993666148879838 0.0002529222617218161
1671.1179809570312 1.0004210939551426 0.00025328828252203214
1671.1388549804688 1.0000935671185116 0.00025348923180098636
1671.15966796875 0.9999509763232628 0.0002532029963413539
1671.1804809570312 0.9999047464525186 0.00025325040747675243
1671.2013549804688 1.0001242504056036 0.0002531629522381719
1671.22216796875 1.0002639816844978 0.0002532785616418081
1671.2429809570312 0.9998324771993092 0.0002531612524115006
1671.2638549804688 0.9996009273674238 0.00025281271128567775
1671.28466796875 1.0002920236818214 0.000252635863476119
1671.3054809570312 1.0000576845602713 0.00025232990590002945
1671.3263549804688 0.9999814063372157 0.00025226432038522923
1671.34716796875 1.000086402465734 0.0002520629924101254
1671.3679809570312 0.9997774781721194 0.00025214909128747765
1671.3888549804688 0.9998634809647905 0.0002517598268384507
1671.40966796875 1.000196967986662 0.00025184825531669974
1671.4304809570312 0.9999187745757068 0.00025171527328513265
1671.4513549804688 1.0005583932848043 0.00025168955486902197
1671.47216796875 0.9997262461402777 0.00025187284478741335
1671.4929809570312 0.9995336267622829 0.0002515911009046721
1671.5138549804688 1.0002740221417854 0.00025219877745758917
1671.53466796875 0.9999488080989142 0.0002526165802937814
1671.5554809570312 0.9998082623810327 0.0002523734491617612
1671.5763549804688 1.0000635919107634 0.0002522028779242722
1671.59716796875 1.0007089686640824 0.00025236810002343533
1671.6179809570312 1.0000140724306714 0.00025242443144300877
1671.6388549804688 0.9992823534483228 0.0002524063771985132
1671.65966796875 0.9997530264916744 0.0002523796133632399
1671.6804809570312 1.000325901910171 0.00025226050385854964
1671.7013549804688 1.000165638832146 0.00025224774879807193
1671.72216796875 1.000185290966198 0.0002524786997328946
1671.7429809570312 0.9998038613848452 0.0002523930768537581
1671.7638549804688 0.9964093183952077 0.00025227486289698784
1671.78466796875 0.9968071516809156 0.0002522970604412804
1671.8054809570312 0.9977415206994708 0.0002527598817744568
1671.8263549804688 1.0000733665874906 0.000252744539034976
1671.84716796875 0.9998611582446847 0.00025280948213131225
1671.8679809570312 0.9999215897290173 0.0002529985856654214
1671.8888549804688 0.9998216456788556 0.0002531524091616723
1671.90966796875 1.0004343503761626 0.00025291110030747053
1671.9304809570312 0.9997317960486198 0.0002530230814119434
1671.9513549804688 1.0003439822696993 0.0002527083050793687
1671.97216796875 0.9997596288265184 0.00025248659742880197
1671.9929809570312 1.0002211895823074 0.00025254324829880896
1672.0138549804688 0.9998769569840228 0.00025201195600319014
1672.03466796875 0.9994182843943918 0.0002520172721317645
1672.0763549804688 1.0004207526068654 0.0002517603976425796
1672.09716796875 0.9998965907966603 0.0002514909610935989
1672.1179809570312 1.0007940299535714 0.0002517654707499404
1672.1388549804688 0.9991399777725647 0.00025153074253094306
1672.15966796875 1.0002174934358363 0.00025153203217445175
1672.1804809570312 1.0001119075210918 0.0002519661663028475
1672.2013549804688 1.0001517837793668 0.0002517906836613849
1672.22216796875 0.9999550566296432 0.00025160345018603774
1672.2429809570312 0.9992310817433643 0.00025184258324339006
1672.2638549804688 1.0007395580369318 0.0002515575418675988
1672.28466796875 0.999955056795311 0.00025136579387211386
1672.3054809570312 0.9995626740473694 0.0002511361012325771
1672.3263549804688 1.000175888031967 0.00025101731434286735
1672.34716796875 1.0005275870391888 0.00025079112224520906
1672.3679809570312 0.9996496638002775 0.0002509747305154097
1672.3888549804688 0.9999027908361601 0.00025051610878923944
1672.40966796875 0.9999250440267902 0.00025058508007068484
1672.4304809570312 1.000075036983763 0.00025079296608301844
1672.4513549804688 1.0001818202693287 0.0002509291387590733
1672.47216796875 1.0002925769255138 0.00025116703761152913
1672.4929809570312 0.9994970055511633 0.00025102395859747675
1672.5138549804688 0.9998673876068236 0.00025102708215840575
1672.53466796875 1.0000986060844215 0.00025121485011281574
1672.5554809570312 1.0000897797729744 0.00025142550505588595
1672.5763549804688 1.000064359156355 0.00025173507742762876
1672.59716796875 0.9999800623259336 0.00025145946302353417
1672.6179809570312 1.0002389849576956 0.0002516122600249827
1672.6388549804688 0.9997475509799593 0.00025180765692240146
1672.65966796875 0.9999527908560001 0.00025177025636852207
1672.6804809570312 1.000082076474578 0.0002520498465953462
1672.7013549804688 0.9997403188264093 0.0002524132488263602
1672.72216796875 1.0001092109762395 0.0002518729684362538
1672.7429809570312 1.0004259866822407 0.0002516176767231703
1672.7638549804688 0.9998598591284263 0.00025194158485143035
1672.78466796875 0.9997990894212062 0.0002519077764816176
1672.8054809570312 0.9996530785794713 0.00025224513292477303
1672.8263549804688 1.0001153834915786 0.0002523308278097744
1672.84716796875 1.0005928706824816 0.0002522695553189814
1672.8679809570312 1.0002198414939114 0.0002524016145539206
1672.8888549804688 0.9995428156994465 0.0002524544968014856
1672.90966796875 0.999436181357071 0.000252719439034341
1672.9304809570312 1.0002441415303904 0.0002525435616940374
1672.9513549804688 1.0005070092203288 0.00025250618296775813
1672.97216796875 0.999856726655087 0.00025232681451371747
1672.9929809570312 0.9995275953821455 0.00025191282337176386
1673.0138549804688 1.0001826474824058 0.0002515871724901325
1673.03466796875 1.0006280850805378 0.00025178376169388987
1673.0554809570312 0.9994969102016239 0.0002513461983587611
1673.0763549804688 1.000366939415016 0.0002512561815518953
1673.09716796875 0.9991556001746832 0.0002512023065533719
1673.1179809570312 1.0002460885129973 0.0002510380012526213
1673.1388549804688 1.0004952937937943 0.00025114263931673523
1673.15966796875 0.9997810458125568 0.0002510128473038923
1673.1804809570312 1.0001439319350296 0.00025132043215169494
1673.2013549804688 0.9998689273984928 0.0002511066407723736
1673.22216796875 1.0000255319141338 0.00025114630972061216
1673.2429809570312 0.9999728496215529 0.00025114803508086646
1673.2638549804688 0.9999079022281819 0.00025109356847235803
1673.28466796875 0.9995132263673588 0.00025102048198124096
1673.3054809570312 1.0008682077337867 0.00025106848038276326
1673.3263549804688 0.9997513419934932 0.00025074178660789765
1673.34716796875 1.0003319364619532 0.0002506647996112287
1673.3679809570312 0.9994578476891917 0.0002505453253248209
1673.3888549804688 1.0001349402820294 0.00025014927529456136
1673.40966796875 1.0000445458532317 0.0002501389685571124
1673.4304809570312 0.9999909674934365 0.00024998417083941615
1673.4513549804688 0.9995214601996206 0.0002502266673797306
1673.47216796875 1.0004194685518157 0.00025010020963213664
1673.4929809570312 1.0003536323451108 0.0002505098666493933
1673.5138549804688 0.9998693111581712 0.00025033878340112307
1673.53466796875 0.9995454350472734 0.0002503853425198313
1673.5554809570312 1.0001000751515086 0.0002506651418529435
1673.5763549804688 1.0006382564156209 0.000251075090996579
1673.59716796875 0.9994818617336347 0.0002511614189223287
1673.6179809570312 1.0000876789453235 0.00025118603230338965
1673.6388549804688 0.999457570491552 0.00025116374985926924
1673.65966796875 1.0005724673260827 0.00025122241846253085
1673.6804809570312 0.9998763814733814 0.00025140219275909695
1673.7013549804688 1.0002468233040247 0.0002516670137368112
1673.72216796875 1.0000060544210971 0.0002514100813458128
1673.7429809570312 0.9998238204541582 0.0002515795150421467
1673.7638549804688 0.9998336774686426 0.0002515019149726619
1673.78466796875 1.0001969923143652 0.00025169706807223817
1673.8054809570312 0.9998622210779131 0.00025165429982036897
1673.8263549804688 1.0002281775859772 0.00025173664017879167
1673.84716796875 0.9997810247697546 0.0002523097255775029
1673.8679809570312 0.9999186023718956 0.0002517662855980663
1673.8888549804688 1.0000845453980929 0.00025169718788928654
1673.90966796875 1.0001516531177845 0.0002519405091215353
1673.9304809570312 1.0002789050678471 0.00025155904994632095
1673.9513549804688 0.9996838147845609 0.0002511962223732595
1673.97216796875 0.9997292978034675 0.00025107335311367685
1673.9929809570312 1.0001137794880044 0.00025070889131719956
1674.0138549804688 0.999832883026276 0.0002505972014511259
1674.03466796875 1.0002171100694097 0.0002505348899860531
1674.0554809570312 1.0001238899889195 0.00025017452859987614
1674.0763549804688 1.0002133930438233 0.00025052367864662067
1674.09716796875 1.000286197951477 0.00025009078076870334
1674.1179809570312 0.9993325662059288 0.0002500920178749351
1674.1388549804688 0.9996877757945095 0.00025048597297617375
1674.15966796875 1.000222313404699 0.0002502328654618406
1674.1804809570312 1.0002586063950332 0.00025012053057627253
1674.2013549804688 1.0001202124018953 0.0002501655058471976
1674.22216796875 0.9998918111144343 0.00025013812130415895
1674.2429809570312 1.0001333695986145 0.0002499394338309882
1674.2638549804688 0.9996085134896256 0.0002499683319679467
1674.28466796875 0.9998948060952689 0.0002498560232544615
1674.3054809570312 1.0003801084108523 0.00024959030771354367
1674.3263549804688 0.9997214100218788 0.0002495259937325042
1674.34716796875 1.0002713507860272 0.00024916331510163223
1674.3679809570312 1.000183279861617 0.0002492595483695358
1674.3888549804688 0.9997307724546693 0.0002488684738431587
1674.40966796875 0.9998331998751903 0.00024890423593132476
1674.4304809570312 0.997415572388598 0.00024899916524522285
1674.4513549804688 0.9968721997539638 0.00024910725535803846
1674.47216796875 0.9978785893684362 0.0002488654307684797
1674.4929809570312 1.000185638187247 0.00024891086283639974
1674.5138549804688 1.0002297210945768 0.00024918942296161417
1674.53466796875 0.9996208159121165 0.0002496235326316526
1674.5554809570312 1.0001685146090311 0.00024949575511697044
1674.5763549804688 0.9996682073402401 0.00024959724540061444
1674.59716796875 1.0005029577300633 0.00025023010783521016
1674.6179809570312 1.0000428121907554 0.0002500942666277224
1674.6388549804688 0.9995889298219394 0.00025033938809227075
1674.65966796875 0.9999713064210073 0.0002503415084359915
1674.6804809570312 1.0001301778987575 0.00025033702937626016
1674.7013549804688 1.00047080681468 0.00025045086493489393
1674.72216796875 0.9999567164945004 0.0002503033612562799
1674.7429809570312 0.9990862394205033 0.0002501121003524934
1674.7638549804688 1.0002298177551883 0.0002500531306264822
1674.78466796875 1.0001272950811404 0.0002501521927236117
1674.8054809570312 1.0004901699936048 0.00025030154440262045
1674.8263549804688 1.0000874017947987 0.00025015841570934444
1674.84716796875 0.9995326053817399 0.0002501583461352537
1674.8679809570312 1.0000443879090197 0.0002505829626118475
1674.8888549804688 1.000098170262403 0.00025039352405840866
1674.90966796875 0.9996567543393582 0.00024993566215943797
1674.9304809570312 1.000102460371148 0.00024984151448104907
1674.9513549804688 0.9999906712106337 0.0002497870167283266
1674.97216796875 1.000671283588201 0.00024948996380922734
1674.9929809570312 1.0001798910863693 0.00024955527242443923
1675.0138549804688 0.999128623261446 0.000249399396976404
1675.03466796875 0.9997471880465282 0.0002490189936441419
1675.0554809570312 0.9999667422214655 0.00024882677605275895
1675.0763549804688 1.0008413081688627 0.0002490001998958761
1675.09716796875 0.9996796772304696 0.0002488745276727174
1675.1179809570312 1.0004444401551253 0.00024844409735666094
1675.1388549804688 0.9993687811759353 0.00024841113676834744
1675.15966796875 0.9996925033885481 0.0002483681465717317
1675.1804809570312 1.0002788612967826 0.0002483829268522053
1675.2013549804688 1.000569860885445 0.0002485568057262101
1675.22216796875 1.000055070037942 0.0002483935889139045
1675.2429809570312 0.9996922369657786 0.00024858871346390964
1675.2638549804688 0.9996693822543772 0.00024830670543370934
1675.28466796875 0.9998745889179421 0.0002482328273793747
1675.3054809570312 1.0000003517754392 0.00024822463334033066
1675.3263549804688 1.0005381189515636 0.000247893184394309
1675.34716796875 0.9998948611367747 0.00024785084543351706
1675.3679809570312 0.9998478051558917 0.0002480076393704685
1675.3888549804688 1.0004107962876636 0.00024764406911060324
1675.40966796875 0.9994830573721073 0.0002475874605548589
1675.4513549804688 1.0001510226095667 0.0002475607969170354
1675.47216796875 0.9998734901894213 0.00024780338363528315
1675.4929809570312 0.9999418718886288 0.0002477312170252766
1675.5138549804688 1.000312192512177 0.0002479657977364083
1675.53466796875 0.9999608969110512 0.00024811140230908727
1675.5554809570312 0.9999699445863084 0.00024819298356453586
1675.5763549804688 1.0000498023215074 0.00024831854275223576
1675.59716796875 0.9997791114473427 0.0002489172332492196
1675.6179809570312 0.999955087996981 0.00024867228634799113
1675.6388549804688 1.0005233997615297 0.00024892614655091616
1675.65966796875 0.9996992856496594 0.0002488297025871467
1675.6804809570312 0.9994862673783224 0.00024877207780947547
1675.7013549804688 1.0003316119788577 0.0002486752607646146
1675.72216796875 1.0001155869624234 0.0002491627630021733
1675.7429809570312 1.000451397155683 0.00024858403905647403
1675.7638549804688 0.9994814347077267 0.0002487899705149731
1675.78466796875 0.9997302670237397 0.00024848394443726795
1675.8054809570312 1.000388034743731 0.0002486038913655099
1675.8263549804688 1.0002895603169222 0.00024854211954691114
1675.84716796875 0.9998402655324273 0.0002491882244363525
1675.8679809570312 0.9995510225434192 0.0002489913140167009
1675.8888549804688 1.0000462857101462 0.00024893876375530535
1675.90966796875 1.0001638966988122 0.0002491236543087179
1675.9304809570312 1.0004267470311652 0.00024887999845602443
1675.9513549804688 0.99959083374965 0.00024835711328450395
1675.97216796875 1.0000021998059299 0.0002483827254501474
1675.9929809570312 0.9998366359085653 0.0002482922153679771
1676.0138549804688 1.0004446203236521 0.00024793177244198153
1676.03466796875 0.9996866349035606 0.0002479822236334775
1676.0554809570312 0.9999012718650921 0.0002475291345760745
1676.0763549804688 1.0001096449149376 0.0002474445344147727
1676.09716796875 1.0003076067174246 0.00024727726023816864
1676.1179809570312 0.9997798222636657 0.00024718473970252407
1676.1388549804688 0.9998464825026464 0.0002472949758274738
1676.15966796875 1.000310081059254 0.00024707787523234825
1676.1804809570312 0.9998919189705565 0.00024756216531924576
1676.2013549804688 0.9998632938569455 0.0002472187440789531
1676.22216796875 1.000059895123335 0.0002470416925412534
1676.2429809570312 0.9996931400034939 0.0002471229297813363
1676.2638549804688 1.0003666991980755 0.00024720969728960726
1676.28466796875 0.9998718813899615 0.00024697108758667594
1676.3054809570312 1.000106095743046 0.0002471773433326806
1676.3263549804688 1.0001510038762356 0.0002468497114012436
1676.34716796875 0.9998367228301944 0.00024716628822067096
1676.3679809570312 1.0000026509239097 0.00024682356602278487
1676.3888549804688 1.0000089621628134 0.00024641698949656705
1676.40966796875 1.00002129695311 0.0002465679249023261
1676.4304809570312 0.9997543126501182 0.0002465295438263401
1676.4513549804688 1.0001808503838898 0.0002465059533329796
1676.47216796875 0.9998408541092253 0.00024646589723243805
1676.4929809570312 1.0006002903359201 0.00024678422082897864
1676.5138549804688 0.9994325293605217 0.0002465325769779768
1676.53466796875 1.0002400556055797 0.0002469095655584317
1676.5554809570312 0.9997944974001776 0.0002468268274136439
1676.5763549804688 0.9998511868002345 0.00024678336258598374
1676.59716796875 1.0000740525885408 0.000246850836825367
1676.6179809570312 1.000483914418124 0.0002468137711014599
1676.6388549804688 0.9998130619406415 0.00024708748516288177
1676.65966796875 0.9998840626921652 0.00024746388288262737
1676.6804809570312 0.9999791605527022 0.0002473953663841797
1676.7013549804688 1.0000889143022251 0.00024746099586761745
1676.72216796875 0.9996448509453284 0.0002472528146536294
1676.7429809570312 1.000084576376651 0.0002472669420698675
1676.7638549804688 1.0004603571173607 0.0002471791248105061
1676.78466796875 1.0001232377153724 0.00024719145089175705
1676.8054809570312 0.999820679560486 0.00024738819702781027
1676.8263549804688 0.9995047595013636 0.00024715489903918346
1676.84716796875 0.9998720756021865 0.00024718732885479805
1676.8679809570312 1.0001521074203414 0.00024714886398456785
1676.8888549804688 1.000277097455578 0.00024741674964950933
1676.90966796875 1.0003669267565036 0.00024721375986007686
1676.9304809570312 0.9998531049723107 0.00024712978032841615
1676.9513549804688 0.9999519371799216 0.00024699022485414197
1676.97216796875 0.9996969503908405 0.00024693028582520635
1676.9929809570312 0.999556677407294 0.00024670701012014196
1677.0138549804688 1.0005409643649665 0.0002468942607540931
1677.03466796875 1.0000044933136223 0.0002467058513887569
1677.0554809570312 1.0004394149863787 0.0002467882929174023
1677.0763549804688 0.9999875477291154 0.0002466884272503021
1677.09716796875 0.9979735122743646 0.0002464024563536438
1677.1179809570312 0.9970870322169876 0.00024635196286402924
1677.1388549804688 0.9969986124509863 0.0002467828511638591
1677.15966796875 0.9993442836880415 0.0002466406062183421
1677.1804809570312 1.000139999728143 0.0002467446212555178
1677.2013549804688 0.9998987602154763 0.0002467864990932554
1677.22216796875 1.0003165600254598 0.00024678686662912976
1677.2429809570312 0.999783758624678 0.0002463275479943666
1677.2638549804688 1.000019342476534 0.0002462650643930339
1677.28466796875 1.0000551430704259 0.00024654410815032487
1677.3054809570312 0.9997545607237229 0.00024613676373273454
1677.3263549804688 1.0007419574551268 0.00024638737479841164
1677.34716796875 0.9998468696830676 0.0002460510822054535
1677.3679809570312 0.9997804674094509 0.0002459108253620035
1677.3888549804688 0.9995018196370248 0.0002460310939734949
1677.40966796875 1.0002898991132345 0.00024584635559023486
1677.4304809570312 1.0002740801398395 0.00024581669616547097
1677.4513549804688 0.999914643498026 0.00024571279218576705
1677.47216796875 0.9997089790175939 0.00024604271859327286
1677.4929809570312 1.00026199070092 0.0002460959487997408
1677.5138549804688 0.9998778712557104 0.00024590584009757325
1677.53466796875 1.0001657925334135 0.0002459363591539531
1677.5554809570312 0.999926607396248 0.00024623854612181685
1677.5763549804688 1.0002103874752841 0.000246194168114408
1677.59716796875 0.9997464113450137 0.00024626788130217375
1677.6179809570312 0.9997998869811087 0.000246384564300678
1677.6388549804688 1.0000825535403517 0.0002466828114099438
1677.65966796875 1.0000662783593255 0.00024679395476264094
1677.6804809570312 1.0002402940052075 0.00024693365374544966
1677.7013549804688 1.000246087994918 0.00024690782648340064
1677.72216796875 0.9995227347367164 0.0002470448556350038
1677.7429809570312 1.0001577710164784 0.0002467788840084905
1677.7638549804688 0.9995814144467743 0.0002467099171158669
1677.78466796875 1.0000545785084378 0.00024667342979567305
1677.8054809570312 1.0007877252176283 0.00024677321301860714
1677.8263549804688 0.9995334357195167 0.00024662393312542986
1677.84716796875 0.9997418017299451 0.0002466802788968106
1677.8679809570312 0.9998479467075979 0.00024692737657866016
1677.8888549804688 1.0005573038932436 0.0002466026701533378
1677.90966796875 0.9998729991623921 0.00024664589989513083
1677.9304809570312 1.0000650683818093 0.0002465378131781762
1677.9513549804688 1.0001557405215409 0.00024668185934955647
1677.97216796875 0.999451322644135 0.00024646977314172396
1677.9929809570312 1.000078891858937 0.00024636923728304757
1678.0138549804688 1.000120834576759 0.00024648622924313324
1678.03466796875 1.0003016306517367 0.00024637542952906565
1678.0554809570312 0.9999671065168018 0.0002464248511420737
1678.0763549804688 0.999552051589635 0.0002462549654068263
1678.09716796875 1.000030891987641 0.00024614086609654854
1678.1179809570312 1.0003138692023088 0.00024622931521396256
1678.1388549804688 1.0002102104495099 0.0002460483836008051
1678.15966796875 0.9997214867023428 0.00024603156196746634
1678.1804809570312 0.9998361815208274 0.00024610510232300574
1678.2013549804688 1.0001126653912356 0.00024623346047752135
1678.22216796875 0.9996979626820816 0.0002460431428471652
1678.2429809570312 1.0004257587948524 0.0002459411532555995
1678.2638549804688 0.9997185715594675 0.00024592061964900605
1678.28466796875 1.0003954520196303 0.0002456946510050115
1678.3054809570312 0.999988808067188 0.00024582188117894884
1678.3263549804688 0.999810361955533 0.0002456578646575299
1678.34716796875 0.9999754305991718 0.0002454960160766685
1678.3679809570312 0.9997575676241046 0.0002454626560412972
1678.3888549804688 1.0002221631569552 0.00024556759613873286
1678.40966796875 1.000072849672407 0.0002458949766706338
1678.4304809570312 1.0002671353123842 0.0002457668688225599
1678.4513549804688 0.9997018419940614 0.0002450618595865874
1678.47216796875 1.000002528548664 0.00024522544874850565
1678.4929809570312 0.9997537233016577 0.0002454857886937031
1678.5138549804688 1.000022515342776 0.0002453542663978369
1678.53466796875 1.000129954164592 0.0002454563083945637
1678.5554809570312 0.9999131702889457 0.00024530979948682107
1678.5763549804688 1.0005705285985842 0.0002453262623960694
1678.59716796875 0.999848532791639 0.00024530046359354116
1678.6179809570312 0.9994863097064148 0.0002455371639588303
1678.6388549804688 1.0001181537893977 0.00024552490283792107
1678.65966796875 1.0002801040589913 0.00024586424119349767
1678.6804809570312 0.9999275427914366 0.00024583500897808647
1678.7013549804688 1.000145909586236 0.00024602904276953703
1678.72216796875 0.9995261683804273 0.0002458887560914491
1678.7429809570312 1.0002337647921942 0.00024594415673438036
1678.7638549804688 0.9998986762729561 0.0002462147610937031
1678.78466796875 1.0001415048319668 0.00024550285145196084
1678.8263549804688 1.000066087044754 0.00024544292545613806
1678.84716796875 1.0001871779953664 0.0002455817487472982
1678.8679809570312 0.9993477297006551 0.0002453965974454918
1678.8888549804688 0.9999622019119887 0.00024546784335522157
1678.90966796875 1.0008057204184118 0.000245249349583123
1678.9304809570312 1.0002714195565443 0.0002455467307419745
1678.9513549804688 0.9994332242609316 0.0002451736428344574
1678.97216796875 0.9994303227975682 0.0002450513952529092
1678.9929809570312 1.0001614629978437 0.0002449783704387632
1679.0138549804688 1.0005604752831592 0.000245221157249903
1679.03466796875 0.9996348605350273 0.00024517087929577
1679.0554809570312 1.0002448864001825 0.00024495691435952484
1679.0763549804688 0.9999754815683098 0.00024461405298294777
1679.09716796875 0.9998861137969118 0.00024480160724615695
1679.1180419921875 1.0000242731603435 0.00024476267869594996
1679.1388549804688 0.9999757681643056 0.00024436215986544676
1679.1597290039062 0.9999044299596511 0.00024447293333615166
1679.1805419921875 1.0002185610711858 0.00024419913957556
1679.2013549804688 0.9999196756986167 0.00024412704187843986
1679.2222290039062 0.9997295881075754 0.00024404904681658783
1679.2430419921875 1.000055850635197 0.00024408700944306936
1679.2638549804688 1.0004643265473399 0.0002438289850573633
1679.2847290039062 0.9997251280098711 0.0002438994852754139
1679.3055419921875 1.0002727553516975 0.00024394872411717498
1679.3263549804688 1.000144653421236 0.00024362950473914843
1679.3472290039062 0.9991996581902267 0.00024369353460743039
1679.3680419921875 0.9997094952152401 0.00024351801187100938
1679.3888549804688 1.0006601033895564 0.00024345272014522588
1679.4097290039062 1.00020269849357 0.00024318615701823598
1679.4305419921875 1.0005309411942664 0.00024306212264722454
1679.4513549804688 0.9991363765745559 0.00024310276513763457
1679.4722290039062 0.999932256066992 0.00024306744341397036
1679.4930419921875 0.9997809432418195 0.00024298671118491263
1679.5138549804688 1.0004948909881826 0.00024290917581470088
1679.5347290039062 1.0004209648810856 0.00024287457462393626
1679.5555419921875 0.999220454528283 0.00024275489151469505
1679.5763549804688 1.0001718614673083 0.00024295058440695585
1679.5972290039062 1.0004617767570076 0.00024279354863606655
1679.6180419921875 0.999878773415564 0.00024327290402404244
1679.6388549804688 0.9995696974724896 0.00024289159196131283
1679.6597290039062 0.9998787570504046 0.00024283517326626156
1679.6805419921875 1.0005529264244206 0.00024286942904965124
1679.7013549804688 0.9997512987930265 0.0002428518442354408
1679.7222290039062 1.00016779394746 0.00024275735400832032
1679.7430419921875 0.9999783135812248 0.00024269859215788453
1679.7638549804688 0.9978233186334537 0.0002427234913071235
1679.7847290039062 0.9973160750317159 0.00024287873791635855
1679.8055419921875 0.9967670198126353 0.00024255919845186905
1679.8263549804688 0.9994677686969572 0.00024282608280992384
1679.8472290039062 1.0003104447653048 0.00024295285515106078
1679.8680419921875 1.0002213812049643 0.00024277849219790038
1679.8888549804688 1.0000175413654842 0.00024300216495632467
1679.9097290039062 1.0002303076229868 0.0002427923358315121
1679.9305419921875 0.9994681942861231 0.00024279378743478956
1679.9513549804688 1.0000660989438364 0.00024289525248422938
1679.9722290039062 0.9998875351254959 0.00024270489741384828
1679.9930419921875 1.0002923973347573 0.0002428685002701087
1680.0138549804688 0.9999453283298767 0.00024314190750701815
1680.0347290039062 0.9999537378326161 0.00024350681154496772
1680.0555419921875 1.0001749959403656 0.00024284892348104396
1680.0763549804688 0.9999860865985996 0.00024281374599341275
1680.0972290039062 0.9995880435910421 0.00024295736912829032
1680.1180419921875 1.0002492474118951 0.0002428115187666975
1680.1388549804688 1.000118680234396 0.00024298187314680022
1680.1597290039062 1.0000022020099553 0.0002430709837084844
1680.1805419921875 0.9999018287249091 0.00024286294483650907
1680.2013549804688 0.9994830006190287 0.00024272220407103214
1680.2222290039062 1.0005809903116842 0.0002427290922907011
1680.2430419921875 1.000331873638224 0.00024277357099507392
1680.2638549804688 0.999573069676718 0.00024305208869739164
1680.2847290039062 1.0003382282002793 0.00024298615800481913
1680.3055419921875 0.9994977468070153 0.00024297368185934707
1680.3263549804688 0.9997804627962943 0.00024310542160567574
1680.3472290039062 1.0004207641693266 0.0002429047758272075
1680.3680419921875 1.0003184518779307 0.00024321268499709583
1680.3888549804688 0.9999419121639044 0.0002429645862768425
1680.4097290039062 0.9996334078581617 0.00024299151413769899
1680.4305419921875 0.9999171864332853 0.00024365673687787087
1680.4513549804688 0.9998835728441007 0.0002429133647418957
1680.4722290039062 1.0005679434415267 0.00024298661620751556
1680.4930419921875 0.9998846856588773 0.00024317596555663073
1680.5138549804688 0.9994764621244161 0.00024288484818063975
1680.5347290039062 1.0004966010916698 0.00024294975845269614
1680.5555419921875 0.9999129654948388 0.00024306482115331196
1680.5763549804688 1.000126408602039 0.00024304811017697287
1680.5972290039062 1.0000966246692413 0.00024281283374388564
1680.6180419921875 0.9996681935216308 0.00024286544881713603
1680.6388549804688 0.9996297465061139 0.00024292328564933156
1680.6597290039062 1.0002530409400663 0.0002429773198485993
1680.6805419921875 1.0001253608909653 0.0002431055043986483
1680.7013549804688 1.0005226620971803 0.00024311720465289155
1680.7222290039062 0.9998660984795397 0.0002428813354288457
1680.7430419921875 0.9996034335530491 0.00024277890578892848
1680.7638549804688 0.9997484060291455 0.00024307257995953975
1680.7847290039062 0.999952774554528 0.00024324074126232944
1680.8055419921875 1.000826675922479 0.00024295710418314445
1680.8263549804688 0.9995599311232191 0.00024280988167260125
1680.8472290039062 0.999697883219415 0.00024283660681104712
1680.8680419921875 1.000642071512468 0.00024310979849444727
1680.8888549804688 0.9995005762939374 0.00024292161664426468
1680.9097290039062 0.999916999863854 0.000243385815502697
1680.9305419921875 1.000523096301802 0.00024279960880345557
1680.9513549804688 0.9993651292296574 0.00024327464563621919
1680.9722290039062 1.0007605505793993 0.00024302136289492126
1680.9930419921875 0.999728003835284 0.00024320311413286792
1681.0138549804688 0.9993576961134756 0.00024284253385907568
1681.0347290039062 1.0001832450903023 0.00024312722438942985
1681.0555419921875 1.0006337143048112 0.00024293098438282868
1681.0763549804688 1.000228880057947 0.00024307517839089866
1681.0972290039062 0.9993901228285036 0.00024296471470656623
1681.1180419921875 0.9998207125244167 0.00024297872373315682
1681.1388549804688 0.999938066601043 0.000243154124398135
1681.1597290039062 1.0003293409723302 0.00024346798996630325
1681.1805419921875 0.9999144810843185 0.0002429231813024845
1681.2013549804688 1.000349188948185 0.0002427866856322918
1681.2222290039062 0.9995193453733879 0.00024312057725061066
1681.2430419921875 1.0001962829231472 0.00024294853530176965
1681.2638549804688 1.000025981541713 0.00024294772408437078
1681.2847290039062 1.0000339692056677 0.00024302513799058604
1681.3055419921875 0.9999262793564111 0.00024295822347530587
1681.3263549804688 0.999856167689148 0.0002429308121453851
1681.3472290039062 1.0002818399954327 0.00024281474925798825
1681.3680419921875 0.9998286528974026 0.00024270402501401335
1681.3888549804688 0.9998452167252404 0.00024263228939995878
1681.4097290039062 1.0003960882364822 0.00024257638286008984
1681.4305419921875 1.0001637571603212 0.00024273318477626628
1681.4513549804688 0.9995061885318752 0.0002427547394495202
1681.4722290039062 0.9997658324094004 0.00024275882001468312
1681.4930419921875 1.0002544104147986 0.00024287551403234445
1681.5138549804688 1.0000911737612965 0.0002430744672072616
1681.5347290039062 1.0001021161840997 0.00024290450474875834
1681.5555419921875 1.0000503571621562 0.00024286373440120194
1681.5763549804688 0.9999053640839026 0.0002429545306348422
1681.5972290039062 1.000028920921023 0.0002429437276483867
1681.6180419921875 0.9997751858472117 0.00024267672130693916
1681.6388549804688 0.9999422675195215 0.00024289338277041266
1681.6597290039062 1.0002368495394636 0.0002427880629230994
1681.6805419921875 1.0002195193457335 0.0002429305719541504
1681.7013549804688 0.9998123815624065 0.00024289607780551955
1681.7222290039062 0.9996311629294864 0.00024307850619234328
1681.7430419921875 1.0003858816480768 0.0002429442325614486
1681.7638549804688 1.0002050916289162 0.00024284884392090995
1681.7847290039062 0.9997032674572526 0.00024291609625487292
1681.8055419921875 0.9996621326909149 0.00024285355784223856
1681.8263549804688 1.0004069575327854 0.00024302929590542887
1681.8472290039062 1.000221175653237 0.0002428673843606619
1681.8680419921875 0.999745102300849 0.00024336119649011638
1681.8888549804688 1.0000084331798254 0.000243126690295995
1681.9097290039062 0.9996508047454526 0.0002428783603901233
1681.9305419921875 1.0002844282026073 0.00024317281935087463
1681.9513549804688 1.0001918876072051 0.0002429820929343427
1681.9722290039062 0.999889983521382 0.00024295004267583167
1681.9930419921875 0.9996511002121377 0.00024345270943515213
1682.0138549804688 1.0004476433279461 0.0002430564561646812
1682.0347290039062 0.9999898935335472 0.00024300391729364403
1682.0555419921875 0.9999985799727508 0.00024309995788028105
1682.0763549804688 0.9999597309285727 0.0002430014506002988
1682.0972290039062 0.9998945162885018 0.00024302376371302092
1682.1180419921875 0.9996695385960592 0.00024285041076886442
1682.1388549804688 0.9999559489052828 0.00024290772110475707
1682.1597290039062 1.00005597772323 0.00024284790799394896
1682.2013549804688 1.0009804769926134 0.0002430582412643307
1682.2222290039062 1.0000675521762477 0.00024296064201815917
1682.2430419921875 0.999280062174042 0.00024295413824095734
1682.2638549804688 0.9994996629643166 0.00024329290440654262
1682.2847290039062 0.9996845448014383 0.00024300350694596244
1682.3055419921875 1.0005886944144773 0.0002431726488268076
1682.3263549804688 1.0000598589369543 0.00024352111967477615
1682.34716796875 0.9999761671538627 0.00024333745613409636
