time flux flux_err
1624.9707641601562 0.815013157170921 0.0001447255755914359
1624.9916381835938 0.883861541144436 0.0001503727885600943
1625.012451171875 0.945563717603541 0.00015738828507835573
1625.0332641601562 0.9869534733727445 0.0001654691785882182
1625.0541381835938 1.0010729200147346 0.00017459719726626818
1625.074951171875 1.0040072884649511 0.00018414664039474298
1625.0957641601562 0.9958986582633239 0.0001936807275682003
1625.1166381835938 0.9957562473545107 0.00020364257253390792
1625.137451171875 1.0035761733907216 0.00021407318325211567
1625.1582641601562 1.00041349143956 0.0002244312924023164
1625.1791381835938 0.9937592798488504 0.00023105619910847904
1625.199951171875 1.0012053195363997 0.00023648220747641917
1625.2207641601562 1.004455339039689 0.00024024780398661463
1625.2416381835938 0.9897170075309613 0.00024385804072825818
1625.262451171875 1.0001015774207098 0.00024777637208020894
1625.2832641601562 1.0013956652668843 0.00024903765696556454
1625.3041381835938 0.9959516012349668 0.0002484795112233777
1625.324951171875 0.9855203370200509 0.0002503707396407506
1625.3457641601562 0.9949299223699768 0.0002520208331252482
1625.3666381835938 1.0095121043314688 0.000252793452342507
1625.387451171875 0.9999790856809299 0.00025288453372099257
1625.4082641601562 1.0075173728011029 0.00025182097078243386
1625.4291381835938 1.0033520407625494 0.00025034805273154245
1625.449951171875 1.0015461209085361 0.00024881110442192774
1625.4707641601562 0.9985162156270566 0.000245923546636801
1625.4916381835938 1.0013220421052873 0.00024440006563389896
1625.512451171875 0.9966703890839274 0.0002441251783026826
1625.5332641601562 1.004778683508693 0.0002443769650262226
1625.5541381835938 1.002596061679593 0.0002447577456623336
1625.574951171875 1.0102166404107504 0.00024499373147299236
1625.5957641601562 1.0020952608632745 0.00024490191768465315
1625.6166381835938 0.9974995589358294 0.00024542215821795195
1625.637451171875 0.997846262081824 0.0002455061268880173
1625.6582641601562 0.9958879698309637 0.0002458518483154024
1625.6791381835938 0.9983328635285628 0.00024574602990454767
1625.699951171875 0.9980795047509454 0.00024510265196893996
1625.7207641601562 1.0036753865737997 0.00024426253531376817
1625.7416381835938 0.9999777502986987 0.00024344563079158732
1625.762451171875 0.9976894947729703 0.00024270828000413976
1625.7832641601562 1.0021956092102184 0.00024184360656149284
1625.8041381835938 0.9980938968774359 0.00024151633959284578
1625.824951171875 1.0002836361319594 0.00024137554033343994
1625.8457641601562 1.0027344981774482 0.00024190090349200487
1625.8666381835938 1.0043981067206729 0.0002432375519712293
1625.887451171875 1.0027989484091007 0.0002452936004611087
1625.9082641601562 0.9989023128730576 0.0002472547009013133
1625.9291381835938 0.9981045402362982 0.0002496606875760164
1625.949951171875 0.9958235826610337 0.0002521298714635423
1625.9707641601562 0.9997084042514571 0.0002546378694458939
1625.9916381835938 1.0049838085251608 0.0002564893758963552
1626.012451171875 0.9983580886277242 0.0002577021170844252
1626.0332641601562 0.9913482740083795 0.0002582491156057401
1626.0541381835938 0.9997057283963894 0.00025915939404572174
1626.074951171875 1.0022048340063607 0.00025954005661533877
1626.0957641601562 1.0028218104319677 0.00025938747933210344
1626.1166381835938 0.9997452651944758 0.0002590218317449669
1626.137451171875 0.9988029480551138 0.0002586357179165636
1626.1582641601562 1.0030683326254863 0.0002584422092686272
1626.1791381835938 1.0029424008999468 0.00025725376470986264
1626.199951171875 1.0061409570923483 0.0002550308047946029
1626.2207641601562 0.9868841890872219 0.00025272781117486096
1626.2416381835938 0.9946694153037158 0.0002504048393788643
1626.262451171875 0.994713467932102 0.00024750720477270406
1626.2832641601562 1.0029479174789175 0.0002443326474512644
1626.3041381835938 1.006215995310576 0.0002413864894883647
1626.324951171875 0.9965785783994731 0.00023819608528275762
1626.3457641601562 1.0007127800260793 0.00023518413372317448
1626.3666381835938 0.9973370871689224 0.00023199766746460757
1626.387451171875 0.9987479295464858 0.00022939528365152032
1626.4082641601562 1.0019524075677686 0.00022684725554416584
1626.4291381835938 0.9992438692525539 0.00022427415995142602
1626.449951171875 1.0057595868765943 0.00022220595099573805
1626.4707641601562 0.9960703176737165 0.0002203251940190485
1626.4916381835938 1.0012534948374399 0.00021851501869663925
1626.512451171875 0.9985516772914316 0.0002173147692128076
1626.5332641601562 0.9995430522008255 0.0002160353305652249
1626.5541381835938 1.0005960819767923 0.00021468179033806665
1626.574951171875 1.0024312453579558 0.00021355359079879786
1626.5957641601562 0.9966300338917518 0.0002123605353107769
1626.6166381835938 0.9994063004383997 0.00021050535174831322
1626.637451171875 1.0015768517333987 0.00020923514623035855
1626.6583251953125 0.9971061743628553 0.00020787543145244115
1626.6791381835938 1.0072490889334604 0.00020658438242924295
1626.7000122070312 0.99813911851241 0.0002054008549487193
1626.7208251953125 0.9940935085613902 0.0002047318086443407
1626.7416381835938 1.0035748625172445 0.00020441363865559352
1626.7625122070312 1.005806930877302 0.00020434356964371732
1626.7833251953125 0.9954100958436155 0.0002044780559505005
1626.8041381835938 1.0036956691373267 0.00020433633236776556
1626.8250122070312 0.9967528842654512 0.00020422281393374692
1626.8458251953125 0.9944041138993087 0.00020350855289186158
1626.8666381835938 1.0050607393713444 0.00020214978412704866
1626.8875122070312 0.9960588069771494 0.00020080721229437054
1626.9083251953125 1.0011011518326538 0.00019899762854348646
1626.9291381835938 1.0024801837721695 0.0001967504607489083
1626.9500122070312 0.9958909555333315 0.00019468562470210927
1626.9708251953125 1.0047371431226306 0.00019267864847931474
1626.9916381835938 0.9971231316672091 0.00019024855098303539
1627.0125122070312 0.9982246745515361 0.00018870835225365007
1627.0333251953125 1.0021766955583915 0.00018716199198335563
1627.0541381835938 1.0005143786309054 0.0001853776423757758
1627.0750122070312 1.0055394282616776 0.00018430977554885112
1627.0958251953125 0.992708776488002 0.00018341491198558987
1627.1166381835938 1.0013815471166 0.00018223372826393601
1627.1375122070312 1.0016501988903599 0.00018163715625577184
1627.1583251953125 0.9970069938463472 0.00018065066132934873
1627.1791381835938 0.9999182993411918 0.00017936191161150268
1627.2000122070312 1.0038316962198683 0.00017804389760832387
1627.2208251953125 0.9951837516494078 0.0001769115323166774
1627.2416381835938 1.0020067765081868 0.0001753522359989928
1627.2625122070312 1.0009206910822075 0.00017398954247127693
1627.2833251953125 0.9971848792216066 0.00017272963946403472
1627.3041381835938 1.0047482930524183 0.0001716373527503195
1627.3250122070312 1.0016418543010865 0.0001701073457902943
1627.3458251953125 0.9949139989265322 0.00016916318798688046
1627.3666381835938 0.9986052254740043 0.0001678125059753935
1627.3875122070312 1.0002571038029173 0.00016644515562370214
1627.4083251953125 1.0007081020882425 0.00016556704037281255
1627.4291381835938 1.0002895331142951 0.00016480431485126152
1627.4500122070312 1.004530969573115 0.0001643028530451873
1627.4708251953125 1.0002881398238939 0.0001638946090276647
1627.4916381835938 0.9983939719553035 0.0001637014564432751
1627.5125122070312 0.9939759618748366 0.00016366551729534687
1627.5333251953125 1.0018970042058013 0.0001635792243079011
1627.5541381835938 1.0043918674213619 0.00016374314349025044
1627.5750122070312 0.9997698023446258 0.00016358458489696226
1627.5958251953125 0.9982665579960903 0.0001634670788917987
1627.6166381835938 0.9982151638709618 0.00016337064350558552
1627.6375122070312 0.9989749786343649 0.0001634206080804017
1627.6583251953125 1.003275061671851 0.00016314367010235965
1627.6791381835938 0.9992530041404559 0.00016308578655588188
1627.7000122070312 1.0027840399660854 0.00016297199621299416
1627.7208251953125 0.997123698287965 0.00016295499535035318
1627.7416381835938 1.0003668600094884 0.00016292408447484338
1627.7625122070312 0.9978104297276078 0.00016309171830342716
1627.7833251953125 1.00067244355121 0.00016294227826456532
1627.8041381835938 1.0027648112796719 0.00016290272844525153
1627.8250122070312 0.9981321918582743 0.00016292403101658462
1627.8458251953125 1.000094713724173 0.00016330320421172907
1627.8666381835938 1.0009444663699376 0.00016285659452014136
1627.8875122070312 0.998967028612525 0.00016296799582633911
1627.9083251953125 1.0006381991978792 0.00016278554658290695
1627.9291381835938 1.0001456052435165 0.00016248162374996373
1627.9500122070312 0.9993559317764764 0.0001624082415393264
1627.9708251953125 0.9986507431360132 0.00016240659331213765
1627.9916381835938 1.0009868758013596 0.00016229057919088145
1628.0125122070312 1.0027909573763314 0.00016207723873465425
1628.0333251953125 0.9996722106980028 0.00016181851422813158
1628.0541381835938 0.995530173052364 0.00016189363061477156
1628.0750122070312 1.003211028383905 0.0001615044221720098
1628.0958251953125 0.9948838645050636 0.00016145512800913624
1628.1375122070312 1.004986890813653 0.00016118950170488795
1628.1583251953125 1.0010507400932374 0.00016145478630086885
1628.1791381835938 1.0228936059083884 0.00016132090481612953
1628.2000122070312 1.0016537831531431 0.00016134599726383468
1628.2208251953125 0.9990594451557033 0.00016169363087490386
1628.2416381835938 0.9952181450830956 0.0001620342849207561
1628.2625122070312 0.9984636701620139 0.00016267864277041963
1628.2833251953125 1.0043693969424594 0.00016266842963897444
1628.3041381835938 1.0119388442681312 0.00016274591916273442
1628.3250122070312 1.0027555088106206 0.00016252801710889855
1628.3458251953125 0.9987679818520462 0.00016292991346467678
1628.3666381835938 0.9953351757254766 0.00016315472986207393
1628.3875122070312 1.0066207153101496 0.00016363498214788072
1628.4083251953125 0.9965600065790517 0.00016410280512874046
1628.4291381835938 0.9990885725419321 0.00016445730719862116
1628.4500122070312 0.9978777449751032 0.00016430573412406835
1628.4708251953125 1.0032247045164608 0.0001647187096000382
1628.4916381835938 0.9984348936774106 0.00016474787989036697
1628.5125122070312 0.9999411881008412 0.00016489494165085195
1628.5333251953125 1.0037796992698151 0.00016510761185345503
1628.5541381835938 0.9979392207898419 0.00016564706330922298
1628.5750122070312 1.0028902114295624 0.00016609716416552393
1628.5958251953125 0.9959965568750069 0.0001662210477335807
1628.6166381835938 1.0115804355095321 0.00016636723525768172
1628.6375122070312 0.998636491047793 0.00016652326971707313
1628.6583251953125 1.000457636599423 0.00016660819826622264
1628.6791381835938 1.0007522204837709 0.00016639068101378108
1628.7000122070312 0.9978026260599995 0.00016649516810828333
1628.7208251953125 1.0067843667462217 0.00016640110822237065
1628.7416381835938 0.9995881000177098 0.00016637960520735973
1628.7625122070312 0.9982814983525572 0.0001664117172935561
1628.7833251953125 0.9937079659953603 0.0001663922542614599
1628.8041381835938 1.0044616997688036 0.00016669756107442647
1628.8250122070312 1.0012947978867057 0.00016648510348639793
1628.8458251953125 1.001331390629246 0.00016656263629918485
1628.8666381835938 0.9955256778594966 0.0001662854541289334
1628.8875122070312 0.9999953163237536 0.0001663216795194875
1628.9083251953125 1.0021449782253036 0.00016642984372575002
1628.9291381835938 1.0006668228249505 0.00016655128661942486
1628.9500122070312 1.0020641541620496 0.00016679951094968108
1628.9708251953125 0.995913565619009 0.00016716807986576424
1628.9916381835938 1.0038781980057416 0.00016760500027504716
1629.0125122070312 0.9995245953874351 0.00016819185405051368
1629.0333251953125 0.997017655920734 0.00016837217373096038
1629.0541381835938 0.9994380286856788 0.000168930933871051
1629.0750122070312 1.0000292682678775 0.0001694479368175782
1629.0958251953125 1.0038248738626885 0.00016972789922997338
1629.11669921875 0.9996513124054098 0.00017005138198846002
1629.1375122070312 0.9976909384049706 0.0001702995532625681
1629.1583862304688 0.9989749024119562 0.00017085137842210007
1629.17919921875 0.9995780096684461 0.00017145546838548303
1629.2000122070312 1.0047983876493158 0.00017196256204206147
1629.2208862304688 0.9992782633567795 0.00017218462768590846
1629.24169921875 0.9965279890766314 0.00017273628772885763
1629.2625122070312 1.0002014730788906 0.00017329845376497414
1629.2833862304688 0.99683841067718 0.00017351350021815084
1629.30419921875 1.0068066291632347 0.00017369417569899854
1629.3250122070312 0.9969353036315095 0.00017392108651589558
1629.3458862304688 1.001534588833587 0.00017434830079798388
1629.36669921875 0.9995006683192259 0.0001749704213500621
1629.3875122070312 1.0008896791867299 0.00017565072177697444
1629.4083862304688 0.9989302041036677 0.0001765855412104574
1629.42919921875 1.0017913327552317 0.00017706670518887304
1629.4500122070312 0.9993065731221767 0.00017778859726507327
1629.4708862304688 0.9970581731761212 0.00017817071710089023
1629.49169921875 0.9990970325161405 0.00017862856345108945
1629.5125122070312 1.0024475879291603 0.00017894749452851633
1629.5333862304688 1.0015159388513577 0.00017914036000391654
1629.55419921875 1.0000220738599532 0.00017913857989896036
1629.5750122070312 0.9981520376915332 0.00017904555695888582
1629.5958862304688 0.99699146277022 0.00017927300773443798
1629.61669921875 1.0031245849030648 0.00017884502361360823
1629.6375122070312 0.9990752468895575 0.00017869390721972424
1629.6583862304688 1.0004723584787694 0.00017868435519749896
1629.67919921875 1.0031920925718065 0.0001785066177576909
1629.7000122070312 0.9987444235803962 0.0001788092453048144
1629.7208862304688 0.9991512320503321 0.00017912094053724035
1629.74169921875 0.9987748899626752 0.00017841354983370614
1629.7625122070312 1.0017024838733484 0.00017855667312743735
1629.7833862304688 0.9982092438037652 0.00017846310655797202
1629.80419921875 0.999738239082715 0.00017816100895839574
1629.8250122070312 1.0004494238476378 0.00017779926570092128
1629.8458862304688 0.9998173121724423 0.000177784177628842
1629.86669921875 1.0021186099970534 0.0001776918468425968
1629.8875122070312 0.9993555741242746 0.00017707652945733274
1629.9083862304688 0.9975057768966711 0.00017697739342546087
1629.92919921875 1.0003426046627748 0.00017700089419772806
1629.9500122070312 1.0017509164242988 0.0001770304983571189
1629.9708862304688 1.0004894280066803 0.00017722771778412732
1629.99169921875 0.999502117308139 0.00017755444447915784
1630.0125122070312 1.000781059390059 0.00017818265122370984
1630.0333862304688 1.0019322557234593 0.0001786700534175734
1630.05419921875 0.9975021950098142 0.00017949186809452966
1630.0750122070312 0.9988184010767795 0.00017990727264655262
1630.0958862304688 1.0006354093318517 0.00018064332674338753
1630.11669921875 0.9999959618882887 0.00018108029555923734
1630.1375122070312 1.0008110228770721 0.00018149929649952454
1630.1583862304688 0.998714562342372 0.00018197830392126151
1630.17919921875 1.0020188552276315 0.00018254606431838502
1630.2000122070312 0.9985250305295209 0.00018279733230958377
1630.2208862304688 0.9981442360632364 0.00018289114270501208
1630.24169921875 0.9997561175841299 0.00018288766006664092
1630.2625122070312 0.9998064669590093 0.0001830978737060633
1630.2833862304688 1.0031928689738796 0.0001835139390272424
1630.30419921875 1.0011072705715889 0.00018374095711426138
1630.3250122070312 0.9993458255460971 0.00018423873947448702
1630.3458862304688 0.9982274043735416 0.0001850628225728333
1630.36669921875 1.0006770470757866 0.0001860740224060719
1630.3875122070312 1.0019216360468381 0.00018672812971858493
1630.4083862304688 0.9988084513499192 0.00018764950468003755
1630.42919921875 0.9993970191626008 0.00018882189728183077
1630.4500122070312 0.9998637398886489 0.00018941148148949208
1630.4708862304688 1.0008602491350362 0.00019000403537330118
1630.49169921875 0.998369795050176 0.00019032175982231807
1630.5125122070312 1.0006197808949413 0.00019060016304519456
1630.5333862304688 1.0001741564799438 0.00019037380847496886
1630.55419921875 0.9991128082507919 0.00019046872938741205
1630.5750122070312 1.002179942845899 0.00019000580724546335
1630.5958862304688 0.9987485598150673 0.00018959456343536308
1630.61669921875 1.0006752748687322 0.00018945362416325858
1630.6375122070312 0.9993847674039407 0.00018887558808366412
1630.6583862304688 1.0030817918070611 0.00018866041757321754
1630.67919921875 0.9996269689509524 0.00018882358151648573
1630.7000122070312 1.0009282166475386 0.00018803897230359519
1630.7208862304688 1.0011066931551826 0.0001880671742457344
1630.74169921875 0.9998591464922444 0.0001876691975859415
1630.7625122070312 0.9992107232877596 0.0001877043269746087
1630.7833862304688 0.9986354016590515 0.00018784644364779215
1630.80419921875 1.0008202734611593 0.0001878164999628402
1630.8250122070312 0.9992377940994152 0.00018759240669448076
1630.8458862304688 0.998187925380068 0.00018704463406023304
1630.86669921875 1.0005976589661294 0.00018681556798704092
1630.8875122070312 1.0021905177559336 0.000186618286903549
1630.9083862304688 0.9994820441802559 0.0001866733587008711
1630.92919921875 1.0009541643254198 0.00018660197198092237
1630.9500122070312 0.9971153402487665 0.00018651748879021463
1630.9708862304688 1.0016189776999838 0.0001872368377249249
1630.99169921875 1.0011101421948985 0.00018720854000929966
1631.0125122070312 1.000622445888974 0.00018760438857083972
1631.0333862304688 0.9998455845929364 0.00018819395494420354
1631.05419921875 0.9972461120077545 0.00018878659135340096
1631.0750122070312 1.00213013605444 0.00018932356065359373
1631.0958862304688 0.9987867849446489 0.00018981609420464307
1631.11669921875 1.0004618695670593 0.0001902454401922426
1631.1375122070312 1.000862283351186 0.000190791216243999
1631.1583862304688 1.0005456620888136 0.00019072959844508184
1631.17919921875 0.9976048606692461 0.00019140856457399282
1631.2000122070312 0.9984990673341181 0.0001913627918458972
1631.2208862304688 0.9985156569089428 0.00019167800407250812
1631.2625122070312 1.0062467930633012 0.00019160126027847267
1631.2833862304688 0.9983119208071308 0.0001919438003733452
1631.30419921875 0.9992906971951778 0.00019242981587776434
1631.3250122070312 1.001154203566365 0.00019330840507166827
1631.3458862304688 1.0010483151807794 0.00019405861779298676
1631.36669921875 0.997126403279297 0.00019468315606486263
1631.3875122070312 1.0001690776956347 0.000195154367286592
1631.4083862304688 1.0013524602042918 0.00019577673467769253
1631.42919921875 0.9999258459878506 0.00019696091202992108
1631.4500122070312 0.9986731333766481 0.00019694207952453014
1631.4708862304688 1.0003892388620925 0.00019726322017398154
1631.49169921875 1.000409717404252 0.0001978810106796409
1631.5125122070312 1.003412373687036 0.0001979320436072954
1631.5333862304688 0.9958253694624835 0.00019819667814477814
1631.55419921875 0.9958835780337774 0.0001981247451343474
1631.5750122070312 1.004509033285895 0.00019772069904501377
1631.5958862304688 1.000470714824685 0.00019748889278972873
1631.61669921875 1.0002920988555073 0.00019724754969138562
1631.6375122070312 0.9988595419492086 0.00019689213701576337
1631.6583862304688 0.9992573573529105 0.00019638422591534833
1631.67919921875 1.000394073262766 0.00019637397467093696
1631.7000122070312 1.0028145910301125 0.00019608834459721193
1631.7208862304688 0.9964971416612503 0.00019612666039684688
1631.7417602539062 1.003557191543502 0.00019617317199330085
1631.7625732421875 0.9993441681124102 0.0001961108809506778
1631.7833862304688 0.9984934808508964 0.00019663876339438737
1631.8042602539062 1.0006629556955786 0.00019645200656076827
1631.8250732421875 0.9990029403089875 0.00019654758506889417
1631.8458862304688 0.9995501596099239 0.00019639236466008253
1631.8667602539062 0.9996795361590736 0.00019624767137137105
1631.8875732421875 1.000563498822216 0.00019587565855800344
1631.9083862304688 0.9998664037451606 0.00019607969488126613
1631.9292602539062 1.0020890668506237 0.00019612005022012454
1631.9500732421875 0.999484902118715 0.00019614206708290784
1631.9708862304688 0.9980556033410778 0.0001963932806770879
1631.9917602539062 1.0007246785991286 0.00019686365852748138
1632.0125732421875 1.0033870074173845 0.00019758266884656564
1632.0333862304688 0.9994407746820129 0.00019813553014025624
1632.0542602539062 0.9972252979431158 0.00019867822172211822
1632.0750732421875 0.9996082258541555 0.00019966479430334736
1632.0958862304688 1.000633504965605 0.00019985235691076696
1632.1167602539062 1.00037674287437 0.00019992469758865446
1632.1375732421875 0.9984248534903252 0.00020003790044665853
1632.1583862304688 1.0007638270559716 0.00020037531871966864
1632.1792602539062 1.001918051314488 0.00020044774670700097
1632.2000732421875 0.9992526832973093 0.0002005458778616707
1632.2208862304688 0.9994565355409012 0.00020066213405613257
1632.2417602539062 0.9964510847768772 0.00020074486316128205
1632.2625732421875 1.0031930545188856 0.0002008956805876539
1632.2833862304688 1.0003339947961896 0.00020167798169750664
1632.3042602539062 1.0036920708917776 0.00020193455656105844
1632.3250732421875 0.9967399895286002 0.00020216183597012151
1632.3458862304688 0.9975284051312158 0.0002027787026075024
1632.3667602539062 1.0026542353262604 0.0002031808972043934
1632.3875732421875 1.000045823237388 0.00020380243233793382
1632.4083862304688 1.0015530996726525 0.0002044634857053302
1632.4292602539062 0.9973146324448223 0.0002048544883330592
1632.4500732421875 1.0005127193613208 0.00020506104715374782
1632.4708862304688 0.9988984219760703 0.0002055950011279274
1632.4917602539062 1.0001633651436812 0.00020561055471629607
1632.5125732421875 1.0018060524206445 0.0002059654597416197
1632.5333862304688 0.9993000973910444 0.00020587124696087164
1632.5542602539062 0.9998744697383324 0.00020583566337897447
1632.5750732421875 1.0002999004436 0.0002058963253592744
1632.5958862304688 0.9968950537750302 0.0002059060450291066
1632.6167602539062 1.0048919557919007 0.00020586053225516622
1632.6375732421875 0.9978319580514413 0.00020567285178129768
1632.6583862304688 0.9995504690737045 0.00020549969434412917
1632.6792602539062 1.0006111511685787 0.00020555697012832175
1632.7000732421875 0.9971311517553881 0.0002051366185501528
1632.7208862304688 1.003284464825062 0.00020514498153189278
1632.7417602539062 0.9993639789139865 0.00020519829557241948
1632.7625732421875 1.0021411781330134 0.00020545226977830114
1632.7833862304688 0.9987636811884879 0.00020519245725452578
1632.8042602539062 0.9992396056977338 0.00020546829977594397
1632.8250732421875 0.9995605625706421 0.0002057724554533119
1632.8458862304688 0.9992545343391633 0.0002054966665404508
1632.8667602539062 1.000770252430857 0.00020570871454001876
1632.8875732421875 1.0007416419971469 0.00020583933357766707
1632.9083862304688 0.9988218899060634 0.00020573975322310902
1632.9292602539062 1.000958623178917 0.00020593156480284373
1632.9500732421875 1.0014641281543366 0.00020601975308317448
1632.9708862304688 0.9981733160212827 0.00020644856574657467
1632.9917602539062 0.9984621498658794 0.00020640730279854335
1633.0125732421875 1.0019182198277516 0.00020663238207749857
1633.0333862304688 0.9999841338236086 0.0002071572160201143
1633.0542602539062 1.0011344040414305 0.00020742067923485886
1633.0750732421875 0.9991693978070241 0.00020760981665206936
1633.0958862304688 0.9989148976961177 0.00020835312992096978
1633.1167602539062 1.0011661862552188 0.00020865125323797604
1633.1375732421875 1.0003626582639995 0.00020881549421293287
1633.1583862304688 0.9990118554006826 0.0002092288763061023
1633.1792602539062 0.9992396267290239 0.0002095634707218732
1633.2000732421875 0.999876626261299 0.00020981073880127114
1633.2208862304688 1.000556621929859 0.00020972347191578394
1633.2417602539062 1.0004792545999126 0.00021016058513241708
1633.2625732421875 0.999328707939733 0.00021001786642193103
1633.2833862304688 1.0009376963786574 0.00021029718087385745
1633.3042602539062 1.000404482577511 0.00021041256014885085
1633.3250732421875 0.9997155706499931 0.00021064571421050698
1633.3458862304688 0.9992578528698689 0.00021105945807669215
1633.3667602539062 0.9995375263520782 0.0002116572846246514
1633.3875732421875 1.0023525871532004 0.0002120329991776872
1633.4083862304688 0.99946592498998 0.0002123017638238712
1633.4292602539062 0.9981505511253157 0.00021231239411737227
1633.4500732421875 0.9991422192672967 0.00021263858809937122
1633.4708862304688 1.000663368065689 0.00021271496059734355
1633.4917602539062 1.0007187751112212 0.000212883711130912
1633.5125732421875 1.0018608858964162 0.00021296940731037938
1633.5333862304688 0.9991929800522326 0.00021335558733157428
1633.5542602539062 0.998580331314036 0.0002134757656475625
1633.5750732421875 1.0028368739622375 0.0002140448588659756
1633.5958862304688 0.9964827664376666 0.0002140151864850055
1633.6167602539062 0.9983190187607673 0.0002142523479578312
1633.6375732421875 1.0021686433335042 0.00021414733425487265
1633.6583862304688 1.0021948072613256 0.00021444868041764806
1633.6792602539062 0.998574638163135 0.00021462401270713153
1633.7000732421875 1.0018374215676435 0.000214769319835058
1633.7208862304688 0.9983146042039739 0.0002153078828987307
1633.7417602539062 0.9990830798081212 0.00021557695302122548
1633.7625732421875 1.0023155530003447 0.00021636256344479535
1633.7833862304688 0.9981449415420451 0.00021624839011990138
1633.8042602539062 0.9985219819920166 0.00021686109067118822
1633.8250732421875 1.0027273166207464 0.00021690414148812533
1633.8458862304688 0.9989683947587958 0.00021706295508997606
1633.8667602539062 1.0014041364777178 0.0002171029591285872
1633.8875732421875 0.9981799270191257 0.00021701851151359556
1633.9083862304688 0.9982047763902104 0.00021743675064282502
1633.9292602539062 1.002583046047646 0.00021765576046789057
1633.9500732421875 1.0017690302892515 0.000217796350072288
1633.9708862304688 0.9986884880983856 0.00021791321325691964
1633.9917602539062 0.9990470675136752 0.00021806997386436831
1634.0125732421875 0.9979789132914985 0.00021795658292858184
1634.0333862304688 1.0031951778531192 0.00021795580410507109
1634.0542602539062 0.9994145296112966 0.0002180462699846963
1634.0750732421875 0.9980609816178937 0.00021791159311605203
1634.0958862304688 1.003445710039581 0.00021841327694970068
1634.1167602539062 0.9984481053634781 0.000218023570089307
1634.1375732421875 0.9986483908762867 0.00021837685022479012
1634.1583862304688 1.0020953079013084 0.00021805814394732078
1634.1792602539062 0.9992963679937669 0.00021805110587846415
1634.2000732421875 0.9980777696539767 0.00021800553006859108
1634.2208862304688 1.0011543922293051 0.0002178503921665212
1634.2417602539062 1.0004021660623 0.0002181176275216384
1634.2625732421875 0.9994244049667604 0.00021830106138291195
1634.2833862304688 1.0015536811767962 0.0002175926514417599
1634.3042602539062 1.0008091804433592 0.00021778963694865313
1634.3250732421875 0.9984791935329136 0.00021752199617661383
1634.3458862304688 0.9964288431277801 0.00021790607212316437
1634.3875732421875 1.0038439752864379 0.0002174878830526361
1634.4083862304688 0.9988610302968508 0.0002177514704951632
1634.4292602539062 1.002256442467991 0.00021788005548573658
1634.4500732421875 0.99975355602673 0.000218167435393399
1634.4708862304688 0.9979430840978372 0.0002180570931574283
1634.4917602539062 0.9995402004792726 0.00021806897123761561
1634.5125732421875 1.0031354824103844 0.00021802203663997015
1634.5333862304688 0.9972546330442565 0.0002184190813451613
1634.5542602539062 1.0013013462537914 0.0002179100228979309
1634.5751342773438 0.9978161828578492 0.0002179539932639307
1634.595947265625 0.9996107262904904 0.00021769491764602313
1634.6167602539062 1.003249042501592 0.00021778679710889178
1634.6376342773438 0.9990353428637011 0.00021801525494674864
1634.658447265625 1.001136444050304 0.00021777297250129523
1634.6792602539062 0.9992323471671295 0.00021794727717318205
1634.7001342773438 0.9976253577592712 0.00021777482620442031
1634.720947265625 1.0006414935595265 0.00021792070812685292
1634.7417602539062 1.0011268194128784 0.00021813128434425213
1634.7626342773438 1.0032979474155692 0.00021821235941630823
1634.783447265625 0.9969136892002127 0.00021841810256844235
1634.8042602539062 0.9986831338258588 0.00021812032314278923
1634.8251342773438 0.9991080001118229 0.00021842777183347538
1634.845947265625 1.0021914974000743 0.00021835944148550197
1634.8667602539062 0.9996543727397674 0.0002181060463364235
1634.8876342773438 1.000477357885383 0.00021797843859410588
1634.908447265625 1.0012733998135757 0.00021834299063736368
1634.9292602539062 0.9972571011842682 0.00021799772310750727
1634.9501342773438 1.0015657758932939 0.00021889020293226462
1634.970947265625 0.9980807440770433 0.00021787570638195523
1634.9917602539062 1.0006371778869034 0.00021807486484728522
1635.0126342773438 1.0031294566535152 0.00021794724248489983
1635.033447265625 0.9968001448948358 0.0002177873437451896
1635.0542602539062 1.001543790614223 0.00021773497547723534
1635.0751342773438 0.9973636448782149 0.0002178924865702599
1635.095947265625 1.004083139510069 0.00021820092673305923
1635.1167602539062 0.9995730210230174 0.0002184304754257291
1635.1376342773438 0.9972847658662966 0.00021809281193832918
1635.158447265625 0.998455086076829 0.00021787837534837154
1635.1792602539062 1.0035470872099 0.0002178822638932044
1635.2001342773438 0.997122233166393 0.00021780285283411018
1635.220947265625 1.0047881267756475 0.00021801159429264675
1635.2417602539062 0.9972951563572657 0.00021803168404984217
1635.2626342773438 0.998771503051808 0.0002181712877057342
1635.283447265625 1.0021881354121442 0.000218071773218972
1635.3042602539062 0.9995924961542672 0.0002180431189637684
1635.3251342773438 0.9982416152031964 0.00021808360127761165
1635.345947265625 1.0000972672948858 0.0002179231107785109
1635.3667602539062 1.00030955141943 0.00021797006514503027
1635.3876342773438 1.0020030937411184 0.00021792198428496459
1635.408447265625 0.9977397187579119 0.00021785117900417127
1635.4292602539062 1.002525158681317 0.00021801881811951096
1635.4501342773438 0.9979983831715851 0.00021812557265291579
1635.470947265625 1.000089360742851 0.00021785194168033923
1635.4917602539062 0.9994867005670879 0.00021779886185732228
1635.5126342773438 1.0002056316229124 0.00021766786607721757
1635.533447265625 1.0017487373333938 0.00021764349803029358
1635.5542602539062 0.9983558908880028 0.00021764363978453755
1635.5751342773438 1.0004177587734928 0.00021765467196993774
1635.595947265625 1.001138604692197 0.00021769662595819521
1635.6167602539062 0.9999922389327899 0.00021801572173406745
1635.6376342773438 0.997207495035331 0.00021763992757840988
1635.658447265625 1.0012464742731122 0.00021747997802392684
1635.6792602539062 0.998668217789156 0.00021760003828208418
1635.7001342773438 1.0034141969660344 0.00021762327238221247
1635.720947265625 0.9991442510948074 0.0002179452569853577
1635.7417602539062 1.000376829851256 0.00021783933072318075
1635.7626342773438 0.9988193557225995 0.00021786235085011001
1635.783447265625 0.99867949409307 0.00021847075622308715
1635.8042602539062 1.0013164823831011 0.00021806738919298666
1635.8251342773438 1.000788424603605 0.0002179006735025577
1635.845947265625 0.9991203318105759 0.00021778092959361852
1635.8667602539062 1.0003332149428676 0.00021769574056521382
1635.8876342773438 0.9980464644633195 0.00021795093397910154
1635.908447265625 1.0024798895712084 0.00021762566867362997
1635.9292602539062 0.9990172282765016 0.00021755298642418147
1635.9501342773438 1.0006577748806131 0.0002175964301071467
1635.970947265625 1.00089080905648 0.00021777286729749427
1635.9917602539062 0.9994829658206191 0.00021772881451117047
1636.0126342773438 0.9975269911380658 0.00021778840196672795
1636.033447265625 1.0010268023672708 0.00021855318201442487
1636.0542602539062 1.0014353386542656 0.00021801734028066818
1636.0751342773438 1.0001387923941303 0.00021797531867378178
1636.095947265625 0.9984276449980644 0.0002180938144112443
1636.1167602539062 1.001312267552589 0.00021819629611415643
1636.1376342773438 0.9991115249203353 0.00021758741041750344
1636.158447265625 0.9983604610558776 0.000217572694270258
1636.1792602539062 1.0017756679385186 0.00021767894038431752
1636.2001342773438 1.0001211191652164 0.0002175529123904416
1636.220947265625 1.0026260250699968 0.0002176796035068119
1636.2417602539062 0.9965239549305408 0.00021770366404137034
1636.2626342773438 1.0012199832841915 0.00021776658707408977
1636.283447265625 1.001266725326479 0.0002177202066970661
1636.3042602539062 0.9963591507855375 0.0002175674668831004
1636.3251342773438 1.0021757762377044 0.00021778308956220033
1636.345947265625 0.9971291756167153 0.000217367546379442
1636.3667602539062 1.0017240518923074 0.0002172333553776916
1636.3876342773438 1.0042681761335264 0.00021724633236389247
1636.408447265625 0.9969806300543882 0.00021773952384132874
1636.4292602539062 1.000726132990435 0.00021769043341295205
1636.4501342773438 0.9996723927329338 0.00021765852085663912
1636.470947265625 0.9987021201845703 0.00021775618874659368
1636.4917602539062 0.9981944037354001 0.00021772776450928433
1636.5126342773438 1.0007174149346876 0.00021783435185643247
1636.533447265625 1.003836571087655 0.00021767410927797488
1636.5542602539062 1.0002532391481775 0.00021759279420747663
1636.5751342773438 0.997332032083649 0.00021811453000608472
1636.595947265625 0.9998337562272158 0.00021751791538526598
1636.6167602539062 0.9973020434904861 0.00021766806437990794
1636.6376342773438 1.0033554920872425 0.00021773562034913015
1636.658447265625 1.002000839874779 0.00021795091103611044
1636.6792602539062 0.9983515678550461 0.00021775460864920077
1636.7001342773438 1.0011694592531175 0.00021757623172506338
1636.720947265625 0.996053840799906 0.00021770941656811658
1636.7417602539062 1.0012154657875403 0.00021807448569704862
1636.7626342773438 1.0019876448676333 0.0002177592410741734
1636.783447265625 0.9986788073590406 0.00021746519108107915
1636.8042602539062 1.0001520769504273 0.00021717765713881714
1636.8251342773438 0.9995251020729201 0.00021759029265925475
1636.845947265625 1.0020711385642675 0.00021748470319635333
1636.8667602539062 0.9985906954767946 0.00021718228945475233
1636.8876342773438 0.9988742842264183 0.00021739395328076717
1636.908447265625 1.0014862729378418 0.0002173295016269145
1636.9292602539062 1.0002665227197187 0.0002172535964188054
1636.9501342773438 0.9996854069809499 0.00021721706752857395
1636.970947265625 0.9996738258588667 0.00021694442720552486
1636.9917602539062 0.9990701726720929 0.00021716458890322783
1637.0126342773438 1.0016115114404482 0.0002170705450463775
1637.033447265625 0.9989308576649499 0.00021712891481602537
1637.0542602539062 1.0006659318343147 0.00021734740937624317
1637.0751342773438 0.999281808137982 0.00021694267915828663
1637.095947265625 1.001154330979599 0.00021718302105530143
1637.1167602539062 0.9999203655597145 0.00021736589944872377
1637.1376342773438 0.9980381409436226 0.00021699120909594882
1637.158447265625 1.0012896793142987 0.0002168758655351579
1637.1792602539062 0.9991585010521241 0.00021669988683598789
1637.2001342773438 1.003849367434276 0.00021685995812864895
1637.220947265625 0.9966215539773574 0.00021666309507485608
1637.2417602539062 0.9994070533282083 0.00021659980359173183
1637.2626342773438 1.0009024543495273 0.00021673216300380292
1637.283447265625 0.9982789946725925 0.00021653768007845155
1637.3042602539062 1.00200325282313 0.00021647903254606358
1637.3251342773438 1.0010684923941247 0.0002166553199719976
1637.345947265625 0.9997687847362213 0.00021652779097015322
1637.3667602539062 1.0002885859790003 0.00021674143986276696
1637.3876342773438 0.9975932189458482 0.0002166895287579969
1637.408447265625 1.0006977544372737 0.00021699828411701858
1637.4292602539062 0.9989839542793085 0.0002168241077538923
1637.4501342773438 1.0021051603860405 0.00021695675035426188
1637.470947265625 1.0002709602823296 0.00021687132812859707
1637.5126342773438 0.9994635056900968 0.00021669342769127357
1637.533447265625 1.0000103221345953 0.0002168724836270962
1637.5542602539062 0.9985648981647623 0.0002171401961212989
1637.5751342773438 0.999642591070658 0.0002173200076228824
1637.595947265625 1.0018730683084276 0.00021691113578439417
1637.6167602539062 0.9997771784502648 0.00021649909372357492
1637.6376342773438 0.999923110534667 0.00021705693490155562
1637.658447265625 0.9992605224922693 0.0002168242496920055
1637.6792602539062 1.0022025698445152 0.00021686668053194104
1637.7001342773438 0.9988979585211732 0.00021716579324353874
1637.720947265625 0.9990220196371222 0.00021705283920402967
1637.7417602539062 0.999665664679253 0.0002171966317405885
1637.7626342773438 1.00119820408381 0.00021685496878090654
1637.783447265625 0.9983841691225652 0.0002172246078426912
1637.8042602539062 0.9997203010921503 0.000216643461638896
1637.8251342773438 1.0024142882634008 0.0002166791775750092
1637.845947265625 1.0015966851182234 0.00021662461976960947
1637.8667602539062 0.9980196406072096 0.00021659407724669162
1637.8876342773438 0.9977077001620389 0.00021656440253114132
1637.908447265625 0.9991654325797327 0.00021627891477577112
1637.9292602539062 1.0029895623291833 0.0002165909002832799
1637.9501342773438 0.9998349688401044 0.00021601011156873866
1637.9710083007812 1.0000984816224405 0.00021601934950486344
1637.9918212890625 1.0006691544090902 0.00021639038779885431
1638.0126342773438 0.998421184711988 0.0002168302602554872
1638.0335083007812 1.002943997953104 0.00021670870316411233
1638.0543212890625 0.998173844531605 0.0002168783090535965
1638.0751342773438 0.9996917126434859 0.00021708084600700406
1638.0960083007812 0.9973006704200594 0.00021716542550568647
1638.1168212890625 1.002267251796238 0.00021684830434924807
1638.1376342773438 0.9991006634089465 0.00021673196371612078
1638.1585083007812 0.9996132967485107 0.0002167080004717568
1638.1793212890625 1.001999257538197 0.00021618143401447713
1638.2001342773438 1.001778982196245 0.00021617233700939217
1638.2210083007812 0.998819650365155 0.000216035447780608
1638.2418212890625 0.9970987402338793 0.0002161102218935041
1638.2626342773438 1.0004570432955517 0.00021605948942756393
1638.2835083007812 1.0013656617134872 0.00021624305469183051
1638.3043212890625 1.002138761354644 0.0002162781204365023
1638.3251342773438 0.9961864458471918 0.00021631526219195512
1638.3460083007812 1.0034925856236505 0.00021648675606535366
1638.3668212890625 0.9975705958147443 0.00021655317201032265
1638.3876342773438 1.00088029750364 0.00021633902023295243
1638.4085083007812 0.9968357956714918 0.00021629623453155094
1638.4293212890625 1.0038178060525142 0.00021641861622857813
1638.4501342773438 1.0007866849654519 0.00021631951244553742
1638.4710083007812 0.9969553276810542 0.00021621872550996461
1638.4918212890625 1.0016250638616933 0.00021623677058336152
1638.5126342773438 0.9995532715737295 0.00021640615484604204
1638.5335083007812 1.0015664186524034 0.00021625824500669423
1638.5543212890625 0.998022637237585 0.00021611293139129546
1638.5751342773438 0.9992652269085934 0.00021627363993599656
1638.5960083007812 0.9989721996873904 0.0002159686626963929
1638.6168212890625 1.0041126539812122 0.0002154378295948769
1638.6376342773438 0.9993509859555322 0.00021561224364095106
1638.6585083007812 0.9979124322218075 0.0002152648118969145
1638.6793212890625 1.0006408398785869 0.00021524047102439487
1638.7001342773438 1.000326585554688 0.00021569718568797795
1638.7210083007812 1.0013993666106003 0.00021515077658673302
1638.7418212890625 0.996008684676007 0.000215041504578348
1638.7626342773438 1.0041130478349007 0.00021530856130131567
1638.7835083007812 0.998105858585849 0.00021501664949348046
1638.8043212890625 0.999845663510952 0.0002149522782858768
1638.8251342773438 1.0008301057078468 0.00021478958012398388
1638.8460083007812 1.000004270478285 0.00021482892463610048
1638.8668212890625 0.9992783192668752 0.00021497220758456742
1638.8876342773438 1.0006450451662594 0.00021530782296719044
1638.9085083007812 1.0028306377166485 0.000214787022187734
1638.9293212890625 0.9953256912210858 0.00021479345023889477
1638.9501342773438 1.001841180464434 0.00021440917347317705
1638.9710083007812 0.9999062347418236 0.0002144403290741429
1640.0543212890625 0.9939442862307069 0.0003451883768190214
1640.0751342773438 0.9979797879245829 0.00034174908576321426
1640.0960083007812 1.0044605051395343 0.00033978419512291987
1640.1168212890625 1.0113882797280993 0.000339005149512431
1640.1376342773438 1.0075320468569338 0.0003368053124553289
1640.1585083007812 1.0159298968760033 0.0003357712620756922
1640.1793212890625 0.9932632910690037 0.0003341918652434705
1640.2001342773438 1.0020388374265976 0.00033479345580520955
1640.2210083007812 0.9847762765931926 0.00033390349596764405
1640.2418212890625 1.0034727382545634 0.00033278057790863503
1640.2626342773438 0.9992712985253366 0.00033284487348939003
1640.2835083007812 0.9930390239847603 0.0003335453885421986
1640.3043212890625 0.9936873242635916 0.0003330738281360008
1640.3251342773438 1.0076583403506423 0.00033274271813023965
1640.3460083007812 0.9994453586843292 0.00033285925312772854
1640.3668212890625 0.9937980388410053 0.0003323983184536069
1640.3876342773438 1.0031754624094857 0.00033154473417631894
1640.4085083007812 0.9960849770912805 0.0003313945261704265
1640.4293212890625 1.005789761855266 0.00033122771306229835
1640.4501342773438 0.9975842155375382 0.0003307264613630477
1640.4710083007812 1.004080049277176 0.00032963208803225597
1640.4918212890625 0.9990862508515158 0.0003296811297338334
1640.5126342773438 0.996847743829645 0.00032932990586110456
1640.5335083007812 1.014867124401563 0.0003293484210473735
1640.5543212890625 0.9962293037487435 0.0003288728316405592
1640.5751342773438 1.0082484371166647 0.0003275642636425734
1640.5960083007812 0.9958958717356283 0.0003268459971755301
1640.6168212890625 1.0047575048762043 0.00032482750601137844
1640.6376342773438 0.996156896243964 0.0003230239518533573
1640.6585083007812 0.9977144560850246 0.0003209563314259086
1640.6793212890625 0.9989653236508078 0.00031899847888226037
1640.7001342773438 1.0035100958752587 0.00031638523536517876
1640.7210083007812 0.9982796927858102 0.0003151362019375652
1640.7418212890625 1.0005744235909315 0.0003138332964120112
1640.7626342773438 1.0056695363445627 0.00031290383199283157
1640.7835083007812 0.9986810486608034 0.0003115594212227085
1640.8043212890625 0.9946985684600921 0.0003104157615204963
1640.8251342773438 1.00310016933427 0.00030819079132599433
1640.8460083007812 1.0001472197617027 0.0003053692869704514
1640.8668212890625 0.9989774953372883 0.00030239344292620475
1640.8876342773438 0.9947913999266486 0.00029787462358476385
1640.9085083007812 1.0019379875490866 0.00029257076084137615
1640.9293212890625 1.004242605837918 0.00028729400345373166
1640.9501342773438 0.9945752103872725 0.0002820105511183635
1640.9710083007812 1.00868281706645 0.00027682389535291647
1640.9918212890625 0.9950533223845631 0.0002717424443357799
1641.0126342773438 1.0006919270362564 0.0002669897338967669
1641.0335083007812 0.9938491183435016 0.00026252459918891857
1641.0543212890625 1.005777857177663 0.00025931177550533093
1641.0751342773438 1.0007598938413618 0.0002562095963185082
1641.0960083007812 1.00587423274073 0.000253399636448083
1641.1168212890625 0.9974437026540521 0.00025128709508599794
1641.1376342773438 0.992375265322341 0.00024949580448069264
1641.1585083007812 1.004868453696915 0.00024762021610340426
1641.1793212890625 0.9994453664305952 0.0002456705820815596
1641.2001342773438 0.9994405305054649 0.00024287412025235537
1641.2210083007812 1.0031535570449368 0.00024073037767239198
1641.2418212890625 0.9981735333035076 0.00023723138434245775
1641.2626342773438 0.9979653345902623 0.00023451492173937798
1641.2835083007812 1.001957667131381 0.00023111085315791265
1641.3043212890625 0.993123757081996 0.00022765745929963083
1641.3251342773438 1.0053873278132972 0.00022462419701613706
1641.3460083007812 0.9989722271206911 0.00022188327427914294
1641.3668212890625 1.0054110199699746 0.0002198119725059035
1641.3876342773438 1.0009128557772882 0.00021826314371590708
1641.4085083007812 0.9976052717101911 0.00021730190806980654
1641.4293212890625 0.9979539275487186 0.00021684640029658356
1641.4501342773438 1.0144040087929296 0.0002166225825113201
1641.4710083007812 1.0010507702021676 0.00021658785900406356
1641.4918212890625 1.0061935571012388 0.00021627456420949718
1641.5126342773438 1.0040377679122927 0.00021654245408133608
1641.5335083007812 1.0061031368259032 0.0002162615794362574
1641.5543212890625 1.0008082980675657 0.00021660772693220403
1641.5751342773438 1.002163442153274 0.0002160690443778316
1641.5960083007812 1.0032034623859212 0.00021603981038926235
1641.6168212890625 0.9968733616242484 0.00021511067683328844
1641.6376342773438 0.9984252211150789 0.00021413392386832988
1641.6585083007812 0.9953748901336147 0.0002129994234159693
1641.6793212890625 1.0046282845719772 0.00021180449451509568
1641.7001342773438 1.0024188013700044 0.00021104604175713155
1641.7210083007812 1.0041314416919342 0.0002099705178237695
1641.7418212890625 0.9974062134823766 0.00020961405499534856
1641.7626342773438 0.997959141651976 0.000209145042680781
1641.7835083007812 0.9971219180978067 0.00020896669126236792
1641.8043212890625 1.0024764807038156 0.00020808282982026177
1641.8251342773438 1.0004837569813028 0.0002071879491734822
1641.8460083007812 0.9998095246892629 0.00020595961460949147
1641.8668212890625 0.9864107341920908 0.00020481407615380816
1641.8876342773438 0.9966047594325855 0.0002036978644580914
1641.9085083007812 0.9858731234314397 0.00020257514879943084
1641.9293212890625 1.0040095006369418 0.00020109348237220108
1641.9501342773438 0.9972027969614242 0.00019944105560182646
1641.9710083007812 1.0004270245345732 0.00019751936378763384
1641.9918212890625 1.0036501517807523 0.00019612628767203826
1642.0126342773438 0.997324194558441 0.00019444396822687236
1642.0335083007812 1.002295132308843 0.00019320808401068981
1642.0543212890625 0.9957282339659076 0.0001917910236210434
1642.0751342773438 1.0107377843494685 0.00019117345480995784
1642.0960083007812 0.9983450808181452 0.00019064523274196985
1642.1168212890625 1.0075824115633047 0.00018981697594279615
1642.1376342773438 0.9990690437023895 0.0001891568320998367
1642.1585083007812 0.9992732553149446 0.00018891196885291364
1642.1793212890625 0.9956075237906923 0.00018822326203388776
1642.2001342773438 1.0036010070450556 0.00018799454814610268
1642.2210083007812 0.9985882798857215 0.00018778183376480262
1642.2418212890625 1.0035920416852129 0.00018727843066054003
1642.2626342773438 0.9951826231783243 0.00018668227120346948
1642.2835083007812 1.0019318916771398 0.0001861947098732464
1642.3043212890625 0.9990192490837895 0.0001862576399409572
1642.3251342773438 1.0037578484723106 0.00018539407871329212
1642.3460083007812 0.9966138875638436 0.00018491168931034657
1642.3668212890625 1.0005162411899626 0.00018462144471318185
1642.3876342773438 0.9986167058127419 0.00018403062499147742
1642.4085083007812 1.001723226960181 0.00018402468711274035
1642.4293823242188 1.0006411268366784 0.00018357385418331392
1642.4501953125 0.9993662238110488 0.0001834316610086392
1642.4710083007812 0.9994597992453963 0.0001834095847234898
1642.4918823242188 0.9997256542374234 0.00018339512826447544
1642.5126953125 1.0000329555481349 0.0001833459049487637
1642.5335083007812 1.001063110742956 0.00018335771678771852
1642.5543823242188 0.9999354391665957 0.00018348472080636087
1642.5751953125 0.999145297143749 0.0001837590544676819
1642.5960083007812 1.0007433633831342 0.00018380212397394523
1642.6168823242188 0.9989793215592672 0.0001839157387769397
1642.6376953125 1.0031660261364714 0.00018408131972428343
1642.6585083007812 0.9960609729946512 0.00018403977098391591
1642.6793823242188 1.0008737506162488 0.0001838769673878003
1642.7001953125 1.0000088926979782 0.00018393389055331198
1642.7210083007812 1.0007403012229004 0.00018369202678172322
1642.7418823242188 1.0002312583666653 0.00018369582306972817
1642.7626953125 1.0011932182898804 0.00018334959674877883
1642.7835083007812 0.9956175745899966 0.00018345612822296585
1642.8043823242188 1.0045946675399204 0.00018350730326945777
1642.8251953125 0.9963708213309911 0.0001831283561027292
1642.8460083007812 1.0027235370864178 0.0001831948037589671
1642.8668823242188 0.9981760412678866 0.00018262564537871497
1642.8876953125 1.0014666761387352 0.00018242440511640184
1642.9085083007812 0.9996402707712068 0.0001824463738590056
1642.9293823242188 0.99887146745565 0.00018222338965855327
1642.9501953125 1.0027156687623575 0.00018225371873682638
1642.9710083007812 0.9993177859792576 0.00018209332667575582
1642.9918823242188 0.9971044406606746 0.000182329751212891
1643.0126953125 1.0015042481597778 0.00018221781571353156
1643.0335083007812 1.002954243414877 0.00018217734964275426
1643.0543823242188 0.9970795188184202 0.00018229466725836502
1643.0751953125 0.9981752839310726 0.00018194289453573182
1643.0960083007812 1.0002270697001794 0.00018191287188776782
1643.1168823242188 1.0024335723185136 0.00018201169915296422
1643.1376953125 0.9996972504840386 0.00018196695807405923
1643.1585083007812 1.0019021821551515 0.00018197701286227453
1643.1793823242188 0.9971371764912459 0.00018207159923239622
1643.2210083007812 1.0017405067487668 0.00018240872463258452
1643.2418823242188 0.9995146492961017 0.00018267543666821383
1643.2626953125 0.997731064973954 0.00018220898057907408
1643.2835083007812 1.0001660187776995 0.0001821417501359187
1643.3043823242188 1.000571068421833 0.00018204669520013655
1643.3251953125 1.0038984327149651 0.000181985166048023
1643.3460083007812 0.9973936488101808 0.0001818395484746471
1643.3668823242188 0.9982748692438096 0.0001816842423735464
1643.3876953125 1.0003008616318159 0.00018198293059774594
1643.4085083007812 1.002827859808047 0.00018180499251626352
1643.4293823242188 0.9987871254002781 0.00018217693815564053
1643.4501953125 1.0005628850651516 0.0001821398702627371
1643.4710083007812 0.9981132138729828 0.00018223101616014016
1643.4918823242188 1.0018021979554725 0.0001825040464616833
1643.5126953125 0.9959457769922083 0.00018244678965587658
1643.5335083007812 1.0042677336911783 0.00018243104601203385
1643.5543823242188 0.9991922200256885 0.00018243727917326507
1643.5751953125 0.9980883382466178 0.00018264303704845634
1643.5960083007812 1.0026203129818791 0.00018244403014369825
1643.6168823242188 0.9985839018731955 0.00018234305622972502
1643.6376953125 0.9989094563331958 0.00018248225564103154
1643.6585083007812 1.0003469587721292 0.00018262233590597736
1643.6793823242188 1.002313345324321 0.00018259789038182673
1643.7001953125 1.0001253027399983 0.00018278418474329511
1643.7210083007812 1.0015152837790962 0.00018251912499782152
1643.7418823242188 0.9949947661172052 0.00018293590728269102
1643.7626953125 0.9997856422187529 0.00018255479512796588
1643.7835083007812 1.0020318870521334 0.00018267125810550743
1643.8043823242188 1.0008591492941716 0.00018224248125973104
1643.8251953125 0.999662994716707 0.00018224030526288305
1643.8460083007812 1.0000657370623376 0.000181977700473285
1643.8668823242188 0.9986871942621824 0.00018219436775356647
1643.8876953125 1.0001913259526392 0.0001821831022639659
1643.9085083007812 0.9998663175147832 0.0001824621533384816
1643.9293823242188 1.0039487768391069 0.00018249521211406665
1643.9501953125 0.9974418062646156 0.00018264565834917313
1643.9710083007812 1.0001037839808042 0.00018296867382325174
1643.9918823242188 0.9982979306233213 0.00018312581178095902
1644.0126953125 1.0010146715210206 0.0001832436041684613
1644.0335083007812 1.00019278345889 0.00018382523651752826
1644.0543823242188 1.0005180399344238 0.00018364702839536364
1644.0751953125 1.000175266015852 0.00018395684498867304
1644.0960083007812 0.9988849806023575 0.0001844910058524247
1644.1168823242188 0.9998520846374273 0.0001842482770180549
1644.1376953125 1.0000766660054516 0.00018468277505963597
1644.1585083007812 0.9998853343883942 0.0001847162344712278
1644.1793823242188 1.0015470131223951 0.00018491017219436311
1644.2001953125 0.9984620627697647 0.00018502540671207836
1644.2210083007812 1.000787362806409 0.00018511343025561235
1644.2418823242188 0.9995240658871716 0.000185070485979482
1644.2626953125 1.0012689358475948 0.0001854523453933899
1644.2835083007812 0.9972096637490997 0.00018528567140217147
1644.3043823242188 1.0015272709578762 0.00018532885100667513
1644.3251953125 1.0011055254506669 0.00018547158363419584
1644.3460083007812 1.0002632485701153 0.0001855664921539226
1644.3668823242188 0.9983780266639021 0.00018568250451090314
1644.3876953125 1.0001042143504393 0.00018569895604055438
1644.4085083007812 0.9995864720875596 0.0001857471850854257
1644.4293823242188 1.0006242389834796 0.00018588120247420037
1644.4501953125 1.0019274999685883 0.00018605385744742574
1644.4710083007812 0.9990049385702927 0.0001861985221323916
1644.4918823242188 0.9988391744309384 0.00018616636474064923
1644.5126953125 1.0003281678251488 0.0001860999549460804
1644.5335083007812 0.9988297293520156 0.00018617367053512336
1644.5543823242188 1.0018053002302443 0.00018593585292822032
1644.5751953125 0.9982398952405692 0.0001857794790132706
1644.5960083007812 1.0014564304197304 0.00018575269339883658
1644.6168823242188 0.9993748665334287 0.00018540888241737243
1644.6376953125 0.9991148827234491 0.00018505364356645048
1644.6585083007812 1.0007891987576878 0.00018504712245112447
1644.6793823242188 1.0016188972070044 0.00018488294021540148
1644.7001953125 0.9995933970166796 0.00018482169982542097
1644.7210083007812 0.9996528815567912 0.00018494489384745635
1644.7418823242188 0.9993976784877683 0.00018513539020899577
1644.7626953125 0.99891054730235 0.00018489787895691463
1644.7835083007812 1.0013694177510875 0.000184917476104889
1644.8043823242188 1.0008811080977442 0.00018501752942756694
1644.8251953125 0.9981574199848785 0.0001850507343377042
1644.8460083007812 1.0011984966341094 0.00018507609807891454
1644.8668823242188 0.9992508748584513 0.00018519802370547343
1644.8876953125 1.0002814134715268 0.0001853860794254005
1644.9085083007812 1.0009775172170359 0.0001856281225762926
1644.9293823242188 0.9984773768036916 0.00018570642940417067
1644.9501953125 1.0014258778726846 0.00018556730390131433
1644.9710083007812 0.9984436753083065 0.00018591177957472997
1644.9918823242188 1.0009628082910438 0.00018659326021410423
1645.0126953125 1.0004058827812412 0.00018626960023393718
1645.0335083007812 1.0017785217418091 0.0001865211243181463
1645.0543823242188 0.997025841364399 0.00018720119844817934
1645.0751953125 0.9993898472148078 0.00018686726154443955
1645.0960083007812 1.0012805877658177 0.00018709717914518607
1645.1168823242188 0.9994335461779782 0.00018746399983348558
1645.1376953125 1.0003607929879461 0.00018739871715560928
1645.1585083007812 1.0007782079071732 0.00018744874505823364
1645.1793823242188 0.9992525853289498 0.00018758425700886615
1645.2001953125 0.9990921320603628 0.00018754255761938737
1645.2210083007812 1.000133684101597 0.00018766537817695554
1645.2418823242188 1.0020100948243607 0.00018806513522933837
1645.2626953125 0.9998277054526655 0.00018790861776874719
1645.2835083007812 0.9988538897032045 0.00018807685136132675
1645.3043823242188 0.9992660601082206 0.00018821302787754647
1645.3251953125 1.0005073888216562 0.00018882341572989042
1645.3460083007812 1.0028351944192817 0.00018901079056043697
1645.3668823242188 0.9974486353768697 0.0001892084388833778
1645.3876953125 0.9999900385618447 0.00018923532848727143
1645.4085083007812 1.0000422418080428 0.00018944448578689507
1645.4293823242188 0.9997915121711393 0.0001895382256432924
1645.4501953125 1.000740836098492 0.00018963388778370834
1645.4710083007812 1.0001894931404816 0.00019011085532961346
1645.4918823242188 0.9992514206246355 0.0001896847540413883
1645.5126953125 0.9997568811279621 0.00018966196804113316
1645.5335083007812 1.0001322959363477 0.0001898652476464271
1645.5543823242188 0.9999232916988906 0.00018971421327716604
1645.5751953125 1.0007065296645923 0.0001894793221700177
1645.5960083007812 0.9983661388157321 0.00018924984033854582
1645.6168823242188 0.9999750324786589 0.0001890626048443149
1645.6376953125 1.0019789121790459 0.00018932671196898444
1645.6585083007812 1.0010223233445357 0.00018878612586563443
1645.6793823242188 0.9987847378474705 0.0001888056221216861
1645.7001953125 0.998214924304838 0.00018872638732860713
1645.7210083007812 1.000323691221194 0.0001890287135248005
1645.7418823242188 1.0008167853525174 0.00018873308846673024
1645.7626953125 0.9999996077801081 0.00018848631798651806
1645.7835083007812 1.0010229930581436 0.00018889794154978656
1645.8043823242188 1.0005129014707477 0.0001886235011883164
1645.8251953125 0.9987819448677516 0.00018885452326097003
1645.8460083007812 0.9986066515691859 0.0001886762026342194
1645.8668823242188 0.999982208895458 0.00018876089621630186
1645.8876953125 1.0010410645957273 0.00018948057369909697
1645.9085083007812 0.999938279197551 0.00018903049538335022
1645.9293823242188 1.0012904416143773 0.00018887750898418293
1645.9501953125 1.0003009452730753 0.0001894962151300493
1645.9710083007812 0.9987969347893912 0.0001896288934526537
1645.9918823242188 0.9997783121691024 0.00019004156816008222
1646.0126953125 1.0013054363809601 0.0001902951201173699
1646.0335083007812 0.9976238697228711 0.0001903493159020024
1646.0543823242188 1.0013542060506604 0.00019071248390564575
1646.0751953125 0.9981537838008543 0.00019066894429688392
1646.0960083007812 1.0017183899340267 0.0001908492825980013
1646.1168823242188 1.001139333953096 0.00019113066252770462
1646.1376953125 0.9996193807964024 0.0001911436509227131
1646.1585083007812 0.9983824308146446 0.00019143775150493904
1646.1793823242188 1.0009719691022514 0.000191440495162986
1646.2001953125 0.9988372569764349 0.0001918409472640024
1646.2210083007812 1.0001634779630204 0.00019173079509771272
1646.2418823242188 0.9996166361931141 0.0001917804102159443
1646.2626953125 1.0024818272265068 0.00019186852743648992
1646.2835083007812 1.0001841233894526 0.0001924314863379342
1646.3043823242188 0.9989498768413307 0.00019255173099481642
1646.3460083007812 0.9993399187012585 0.00019261488262799735
1646.3668823242188 1.0003428992449679 0.00019331752785114908
1646.3876953125 0.9990558161775993 0.00019337496832557373
1646.4085083007812 1.001131975830001 0.00019366510868266498
1646.4293823242188 1.002147599137874 0.00019401977593261192
1646.4501953125 0.9985686568598023 0.0001943106583489557
1646.4710083007812 0.9979168603602716 0.0001945202133032915
1646.4918823242188 0.998439727086607 0.00019403969362312426
1646.5126953125 1.0017529499374733 0.00019394897881487328
1646.5335083007812 1.0028068184557404 0.00019381676823670011
1646.5543823242188 0.9980385532639882 0.0001939633952247457
1646.5751953125 0.9989101927525366 0.00019325376048181066
1646.5960083007812 1.000916211850329 0.0001933063883239548
1646.6168823242188 0.9989715982403656 0.0001927250479824418
1646.6376953125 1.0017154925022798 0.00019280990098917788
1646.6585083007812 0.9997930288323565 0.00019273910331906808
1646.6793823242188 0.9996662565593937 0.0001926158329428948
1646.7001953125 1.0007518473297257 0.00019256141995541536
1646.7210083007812 0.9995570907416947 0.00019261179528270528
1646.7418823242188 1.0001288071584644 0.00019281975480562016
1646.7626953125 1.0002377810775809 0.0001927931936390387
1646.7835083007812 0.9993045481509921 0.00019281312291992685
1646.8043823242188 0.9990439883438587 0.00019290662683754708
1646.8251953125 0.9997898775580429 0.00019309796460799793
1646.8460083007812 1.0015773913002666 0.00019314088733900315
1646.8668823242188 1.00088406022254 0.0001931138581396967
1646.8876953125 0.9997742226413663 0.0001934126097777349
1646.9085083007812 0.9983751576829174 0.00019382679193669273
1646.9293823242188 1.000527075206659 0.00019333690307082307
1646.9501953125 1.000071115905126 0.0001936512507634351
1646.9710083007812 0.9997789691511252 0.00019342560019310425
1646.9918823242188 0.9993314007736162 0.00019371307227811498
1647.0126953125 1.0017087185592917 0.0001937048782913786
1647.0335083007812 0.9985589236765829 0.00019393531340460097
1647.0543823242188 1.0011322488680887 0.0001937360055608306
1647.0751953125 1.0003453925301253 0.00019393291722727434
1647.0960083007812 0.9995954560046146 0.0001942140443061716
1647.1168823242188 1.0004253666689653 0.0001944922665361091
1647.1376953125 0.9994255407261258 0.00019415382260566755
1647.1585083007812 0.9964428690131375 0.00019432021344502212
1647.1793823242188 1.0022738737487245 0.00019434554017571455
1647.2001953125 1.0021317441099693 0.00019439797984268061
1647.2210083007812 1.0004072116234852 0.00019426485925166313
1647.2418823242188 0.998716126491235 0.00019451616212409428
1647.2626953125 0.9986941007980873 0.00019458370750650932
1647.2835083007812 1.0009650554649963 0.0001947420739453863
1647.3043823242188 1.0010579263727637 0.00019510212924551146
1647.3252563476562 0.9989768992039235 0.0001953067327718655
1647.3460693359375 1.0003780723676645 0.00019500538976104095
1647.3668823242188 0.9987410702824702 0.00019540359228498375
1647.3877563476562 1.0009916839435375 0.00019553633496374745
1647.4085693359375 1.001504241739813 0.00019559627424648026
1647.4293823242188 0.9994725573210703 0.0001957143660059312
1647.4502563476562 0.9975936959472452 0.00019572091788214781
1647.4710693359375 0.9995122047677317 0.00019565826857670314
1647.4918823242188 1.001898811150274 0.00019587885498651602
1647.5127563476562 1.0007736174959312 0.0001960700690570523
1647.5335693359375 1.000906858373464 0.00019574081884011935
1647.5543823242188 0.9984039741163879 0.00019572218671885165
1647.5752563476562 0.9992736680041634 0.00019568944841495713
1647.5960693359375 0.9996684983944487 0.0001957706076895365
1647.6168823242188 0.9994800239134142 0.00019536424302567801
1647.6377563476562 1.001558813567992 0.00019565041061834994
1647.6585693359375 1.0000230906433707 0.00019506438279118233
1647.6793823242188 0.9998377782528209 0.00019535680141996472
1647.7002563476562 1.0016620979869184 0.00019522440777497107
1647.7210693359375 0.9995235695513026 0.00019528506559233377
1647.7418823242188 0.9974402639014499 0.00019565911110145558
1647.7627563476562 1.0004207207204803 0.0001958201024753338
1647.7835693359375 1.0022400589341351 0.00019550816410678776
1647.8043823242188 0.9987441822583718 0.00019588393666593467
1647.8252563476562 0.9996698650297907 0.0001957979136358241
1647.8460693359375 1.0011370086056737 0.00019572057681835876
1647.8668823242188 0.9990842038707457 0.00019591209689544963
1647.8877563476562 0.9988371536111077 0.0001957482980009642
1647.9085693359375 1.000033442865152 0.00019587546948708485
1647.9293823242188 1.0022181048823198 0.00019626492277279183
1647.9502563476562 1.00035480629529 0.00019602967318477237
1647.9710693359375 0.9995428972060674 0.00019627962215997309
1647.9918823242188 0.9988023664548066 0.00019641502192049927
1648.0127563476562 0.9984465418044808 0.00019643484204650782
1648.0335693359375 1.002442828396032 0.0001966275719191854
1648.0543823242188 1.0003081807764287 0.0001966755669537693
1648.0752563476562 0.9997345672100683 0.0001967291143924535
1648.0960693359375 0.999239353948292 0.0001969769356052738
1648.1168823242188 1.0003645658916458 0.00019728415872599458
1648.1377563476562 0.9991879105022028 0.00019704461082597013
1648.1585693359375 1.0000326145147433 0.00019762320411166067
1648.1793823242188 0.9987734356408752 0.00019703412795852408
1648.2002563476562 1.0032714393673372 0.0001971581812599977
1648.2210693359375 0.9988103113287644 0.00019730448128321901
1648.2418823242188 0.999050910068325 0.00019726416859647923
1648.2627563476562 1.0011171724888297 0.00019753981421578824
1648.2835693359375 1.000628267836195 0.00019760592501874802
1648.3043823242188 0.9988625191606563 0.0001980140423921218
1648.3252563476562 1.000231081058069 0.0001981975375779403
1648.3460693359375 0.9990797927876551 0.0001984492902563855
1648.3668823242188 1.0004967965452092 0.0001985514104935054
1648.3877563476562 1.0007279872908657 0.00019868676099599392
1648.4085693359375 1.000519617695962 0.00019900510825332862
1648.4293823242188 0.9986766485577794 0.00019899485059627706
1648.4502563476562 0.9994668852188876 0.00019912529037122002
1648.4710693359375 1.000982527374367 0.00019900536664910163
1648.4918823242188 0.999904967017911 0.0001997565851462383
1648.5127563476562 0.9978913279563657 0.0001992387375672143
1648.5335693359375 1.0033734273919288 0.0001994313746034597
1648.5543823242188 0.9999264588761763 0.00019978558832554858
1648.5752563476562 1.0003078393381015 0.00019969362486464234
1648.5960693359375 0.9966674400492326 0.00019996288433501682
1648.6168823242188 1.0025903870898398 0.00019999718430073
1648.6377563476562 0.9992534080287481 0.00020034187546008663
1648.6585693359375 0.9998534830136989 0.00020051538788395219
1648.6793823242188 0.9987036225799958 0.00020000422571975435
1648.7002563476562 1.0032601994015513 0.00020011145449130873
1648.7210693359375 0.9959824409182098 0.0001999325960991099
1648.7418823242188 1.0018025009989868 0.0001995544536135143
1648.7627563476562 1.0009427943732685 0.00019939287897102477
1648.7835693359375 0.999192859824579 0.0001997046764952537
1648.8043823242188 1.0008508331432797 0.00019953384937929016
1648.8252563476562 0.9996502886904665 0.00019952978854579395
1648.8460693359375 1.0005848777539488 0.0001997561549036781
1648.8668823242188 0.9980361654785859 0.00019992180491612105
1648.8877563476562 1.0012627922132014 0.00019962396376676996
1648.9085693359375 0.9992474095281101 0.00019986400445322347
1648.9293823242188 1.0014531227369692 0.00020011097277423403
1648.9502563476562 1.000054439314285 0.00020014480985199975
1648.9710693359375 0.9980609717120809 0.00019995431385866003
1648.9918823242188 0.9996401737118766 0.00019967433764095382
1649.0127563476562 1.0016798391735056 0.0001998125100426289
1649.0335693359375 1.001355124566746 0.00019980882865140462
1649.0543823242188 0.9976068715073569 0.00019941418752638662
1649.0752563476562 1.000332267650069 0.00019988205886987625
1649.0960693359375 1.000567447822287 0.00019969101510650353
1649.1168823242188 1.000661415853977 0.00020006947933911282
1649.1377563476562 0.999747407816168 0.00019940194323573115
1649.1585693359375 0.9968530656245826 0.00019950029954043808
1649.1793823242188 1.0035869295641395 0.00019947674415893304
1649.2002563476562 0.9986911470115183 0.00019957096399153275
1649.2210693359375 1.0028141810069136 0.00019959855898389085
1649.2418823242188 0.9952856361062041 0.000199672870092029
1649.2627563476562 1.0028829936852561 0.00019952146485724653
1649.2835693359375 0.9990288281334362 0.00019962224216789044
1649.3043823242188 0.9994435056512952 0.0001993819613144251
1649.3252563476562 1.002301099616839 0.00019923970888382697
1649.3460693359375 0.9978054073537101 0.0001992706726202092
1649.3668823242188 1.000474832278054 0.00019915132794574205
1649.3877563476562 0.9994931256045767 0.0001993727532523417
1649.4085693359375 1.0018183666183267 0.00019927220847973102
1649.4293823242188 0.9998189009160964 0.00019934065762890652
1649.4710693359375 1.000039925003374 0.00019931731768674032
1649.4918823242188 0.9989888677435692 0.00019936135637999607
1649.5127563476562 0.9985048673841337 0.00019918655095545388
1649.5335693359375 0.9998276900294012 0.00019883401481884548
1649.5543823242188 1.0015729940333427 0.0001988537879575813
1649.5752563476562 1.0007999921050357 0.0001987102278460704
1649.5960693359375 1.0008383113359451 0.00019872523174974875
1649.6168823242188 1.000212632989245 0.00019867674959770436
1649.6377563476562 0.9973589066851583 0.00019892101440928238
1649.6585693359375 0.9998571244754109 0.00019896231406288067
1649.6793823242188 1.0007635976221092 0.00019924619150043816
1649.7002563476562 1.0009927192882133 0.00019916896896392255
1649.7210693359375 0.9997758358604943 0.0001991006836463063
1649.7418823242188 1.0002232411805534 0.00019896154389050118
1649.7627563476562 0.9998705148707501 0.00019918503405877064
1649.7835693359375 0.9990844720061616 0.0001991800859321162
1649.8043823242188 0.9999186705010827 0.0001988559223584515
1649.8252563476562 0.9985478198082367 0.00019874856320396274
1649.8460693359375 1.001113917458368 0.0001986545550727631
1649.8668823242188 1.0031192834998435 0.00019891841112996267
1649.8877563476562 0.9977032513669578 0.00019864784468675225
1649.9085693359375 0.9999708174366981 0.00019850057741241706
1649.9293823242188 1.0003196554855112 0.000198654150000807
1649.9502563476562 0.9998095549634596 0.00019894875408616
1649.9710693359375 1.0001015936584 0.00019890009206989526
1649.9918823242188 1.0000682856325833 0.00019875578888753744
1650.0127563476562 0.999255289112406 0.0001990160219654456
1650.0335693359375 1.0001550534920114 0.00019891535677386357
1650.0543823242188 1.0012448324146752 0.0001988630900868916
1650.0752563476562 0.9994183964465073 0.00019892174758427448
1650.0960693359375 0.9988921938261296 0.00019937085763245684
1650.1168823242188 0.9997719423620096 0.00019858661051741524
1650.1377563476562 1.0006996042833227 0.000198727448834779
1650.1585693359375 1.0003640353658165 0.00019845551085807516
1650.1793823242188 1.000404873096828 0.00019827035235431734
1650.2002563476562 0.9998774136450859 0.00019827433272322662
1650.2210693359375 1.0008939123030678 0.00019851577366054046
1650.2418823242188 0.9985559290316519 0.00019831304728028565
1650.2627563476562 1.000216136169577 0.00019828494429073107
1650.2835693359375 0.9976468106082175 0.0001985840982489971
1650.3043823242188 1.0027176818408219 0.00019827275961934563
1650.3252563476562 1.0003784285985764 0.0001984632388967255
1650.3460693359375 1.0007335638284784 0.0001983921053066679
1650.3668823242188 0.9978861842201229 0.00019849938240866147
1650.3877563476562 0.9992175576074634 0.00019816945430121063
1650.4085693359375 1.0024947107410596 0.00019846236416270262
1650.4293823242188 0.9994727384848618 0.0001983768112168281
1650.4502563476562 0.9993622181757602 0.00019833483993247168
1650.4710693359375 0.9994645935688544 0.00019808829969140786
1650.4918823242188 1.0004649921369841 0.0001985558860133702
1650.5127563476562 1.0009950956463716 0.00019793614839134355
1650.5335693359375 0.9987561349413575 0.0001981345024182366
1650.5543823242188 0.9988292526540836 0.00019777945418869718
1650.5752563476562 1.0016204973858862 0.0001975612227555794
1650.5960693359375 1.0008594375508058 0.00019756468422360112
1650.6168823242188 0.9996956122252557 0.00019761814019704602
1650.6377563476562 0.9995507995304149 0.00019778090861415065
1650.6585693359375 1.0007412788006669 0.0001977012013929831
1650.6793823242188 0.9987293400396139 0.00019774817033090555
1650.7002563476562 0.9990528823719151 0.00019759501492942183
1650.7210693359375 1.0010245411296461 0.00019762712548201727
1650.7418823242188 1.0002258733523046 0.00019738948803667207
1650.7627563476562 1.0007028103992368 0.000197576180205779
1650.7835693359375 0.9998856527647876 0.00019741332059890332
1650.8043823242188 0.9995266124810012 0.0001973773404190684
1650.8252563476562 0.9999779744934488 0.0001973493038054544
1650.8460693359375 0.9993345768199435 0.000197297164371332
1650.8668823242188 1.000436808821815 0.00019777047277289066
1650.8877563476562 1.0014437927970605 0.00019744725889541824
1650.9085693359375 0.9984707922746825 0.00019718213566367204
1650.9293823242188 0.9986816296285433 0.00019726532584828245
1650.9502563476562 1.0016916454884752 0.00019715401845423654
1650.9710693359375 0.9999505970597274 0.00019733685495161937
1650.9918823242188 1.0018065323491443 0.00019704459615982206
1651.0127563476562 0.9993922980349672 0.000196990243252602
1651.0335693359375 0.9975002328280138 0.00019689817468359754
1651.0543823242188 0.9997604238598952 0.0001972284707177689
1651.0752563476562 1.0016686989395653 0.00019703708828596746
1651.0960693359375 1.000266990015287 0.00019686768051475494
1651.1168823242188 0.9997118434378026 0.0001969141238896349
1651.1377563476562 0.99846144738799 0.00019689140222133706
1651.1585693359375 1.0023943021326853 0.00019681028440447025
1651.1793823242188 1.00091465744637 0.00019676469575301416
1651.2002563476562 0.9993328610058967 0.00019675215260468647
1651.2210693359375 0.9967499468242914 0.00019658582740585373
1651.2418823242188 1.0002125660322276 0.00019677292746982472
1651.2627563476562 1.0005401747632918 0.00019673401805313974
1651.2835693359375 1.0023588571115818 0.00019672362535590673
1651.3043823242188 1.0010037487438537 0.0001962153958770102
1651.3252563476562 0.9968917177983734 0.00019612987782734664
1651.3460693359375 1.0022209894735807 0.00019627741154102938
1651.3668823242188 0.9986135267670014 0.00019647429957969526
1651.3877563476562 0.9989603440193666 0.00019638993023434503
1651.4085693359375 1.001123501497677 0.00019631840179136118
1651.4293823242188 1.000385118607211 0.0001965460289537723
1651.4502563476562 0.9999950337689826 0.0001964441846426759
1651.4710693359375 0.9999706978607923 0.00019637154902968354
1651.4918823242188 1.0006662137494677 0.00019605308608917698
1651.5127563476562 0.9971978589777243 0.00019601397324967539
1651.5335693359375 1.0007436726320968 0.00019621460469873092
1651.5543823242188 1.001460471661022 0.000195854447473286
1651.5752563476562 1.0014570715210482 0.000196362810426239
1651.5960693359375 0.9997070450899217 0.00019593844211508547
1651.6168823242188 0.9970134510496614 0.00019596330527360512
1651.6377563476562 1.0011151322437832 0.0001960109848712342
1651.6585693359375 0.9999177249062031 0.00019610666435516892
1651.6793823242188 1.001086292620616 0.00019578350419293487
1651.7002563476562 0.999220298337916 0.00019579408484850344
1651.7210693359375 0.9999378772102876 0.00019545352224538867
1651.7418823242188 0.999618145284521 0.00019542757308774355
1651.7627563476562 1.0011297253404563 0.00019539360665078896
1651.7835693359375 0.9988659755983678 0.00019522616101434523
1651.8043823242188 1.0013931319852833 0.00019506880325912237
1651.8252563476562 0.999223600698627 0.0001950541978709047
1651.8460693359375 1.0006027471946823 0.00019526775527136197
1651.8668823242188 0.9989005649540111 0.00019537735938756983
1651.8877563476562 0.9999578989485715 0.00019509600550263835
1651.9085693359375 1.0006236263208228 0.00019496527519715016
1651.9293823242188 1.0003542496321358 0.00019500206256377957
1651.9502563476562 0.9980641030357427 0.0001949987552248333
1651.9710693359375 1.0026057259967571 0.00019491505258225513
1651.9918823242188 1.000095638659657 0.00019527735850625373
1652.0127563476562 0.9980785349360253 0.00019495291270093423
1652.0335693359375 1.0005982736544021 0.00019502130420673378
1652.0543823242188 0.9997202870718411 0.00019504241676089417
1652.0752563476562 1.0006693741157047 0.00019483921474020404
1652.0960693359375 0.9996629354776454 0.00019460186070445397
1652.1168823242188 0.999318902336371 0.00019503846358882726
1652.1377563476562 1.0011918369773256 0.00019454805338081028
1652.1585693359375 1.0001245428432888 0.0001945246150381961
1652.1793823242188 0.9990354416526599 0.00019434903017762585
1652.2002563476562 0.9992178747306952 0.00019471956314795225
1652.2210693359375 1.0012342337166957 0.00019423488248651176
1652.2418823242188 1.0016382910741521 0.0001943376294423794
1652.2627563476562 0.9975319338667558 0.0001942090082700936
1652.2835693359375 1.0004265487450874 0.00019427898787748263
1652.3043823242188 0.9995114382700775 0.00019450794087707353
1652.3252563476562 1.0005951292530755 0.00019446964495595722
1652.3460693359375 1.0014807457443553 0.00019427533484925842
1652.3668823242188 0.9993352893560309 0.0001940379102661556
1652.3877563476562 1.0002410006595368 0.0001940347295918882
1652.4085693359375 1.0028841777377078 0.00019381952348502342
1652.4293823242188 1.0009514730546265 0.0001940952849760123
1652.4502563476562 0.9990590759581824 0.00019357309336756091
1652.4710693359375 1.0014182754398946 0.00019356093390364572
1652.4918823242188 0.9994191290729321 0.0001938363497030423
1652.5127563476562 1.0014724489361064 0.00019338181879300614
1652.5335693359375 1.0001495048152367 0.0001932553604549985
1652.5543823242188 0.9963114376617674 0.00021187582369611716
1652.5752563476562 1.0020950781866882 0.00021183665928082977
1652.5960693359375 1.0003156780045965 0.00021164134057514604
1652.6168823242188 1.0004074837710355 0.0002115655108203962
1652.6377563476562 0.998643294370722 0.00021129156611822503
1652.6585693359375 0.9987282070050961 0.00021143608140984486
1652.6793823242188 1.0035975791443261 0.00021151277723998392
1652.7002563476562 1.0006131617552296 0.00021163566584486894
1652.7210693359375 0.9995836004878571 0.00021167666715958373
1652.7418823242188 0.9977412895012525 0.00021154035044379662
1652.7627563476562 0.9988077430181513 0.00021172725580571785
1652.7835693359375 0.998688287225004 0.00021189567161369486
1652.8043823242188 1.0046855437830828 0.0002118853940123817
1652.8252563476562 0.9992781770235715 0.00021112079613536198
1652.8460693359375 1.0005616192442552 0.00021084580325038255
1652.8668823242188 0.9988440496821462 0.00021056358005851504
