time flux flux_err
1468.2872314453125 0.9998460743698502 0.00017640169121056783
1468.3080444335938 1.0001176332880555 0.00017633233000237454
1468.3289184570312 1.0000255605707402 0.00017636992519913993
1468.3497314453125 0.9999310571060527 0.00017632035299394426
1468.3705444335938 1.0003263754441831 0.0001763873294496248
1468.4122314453125 0.999804252021431 0.00017631800290400182
1468.4330444335938 1.0000223535902801 0.0001763652686512999
1468.4539184570312 1.0000714818591285 0.00017633354139740153
1468.4747314453125 1.0004625251497832 0.00017633254191903319
1468.4955444335938 0.9992047521853726 0.00017637885719238482
1468.5164184570312 1.000454125155341 0.00017650396281978053
1468.5372314453125 0.9992825329261388 0.00017636685233379844
1468.5580444335938 1.0004399422397627 0.000176366082599116
1468.5789184570312 1.0004409965328802 0.00017641618942180757
1468.5997314453125 1.0001403913844156 0.00017650808462104617
1468.6205444335938 0.999104952044317 0.00017632564129101334
1468.6414184570312 1.000485431071001 0.00017636103226787578
1468.6622314453125 0.9999522527449973 0.0001764142545314958
1468.6830444335938 1.0001399958433224 0.00017653455866307145
1468.7039184570312 0.9999434520482536 0.00017647649064206862
1468.7247314453125 0.9997431752736744 0.00017637816874825664
1468.7455444335938 1.0002762254910795 0.0001764469364449005
1468.7664184570312 0.9995685308695069 0.0001763691828195848
1468.7872314453125 1.0001219690432792 0.00017646079811040727
1468.8080444335938 1.0006743460589707 0.0001767273120518606
1468.8289184570312 0.9997927655618546 0.00017638792989157505
1468.8497314453125 0.9996006391153044 0.00017654814273216428
1468.8705444335938 1.0000459874717555 0.00017642018297395494
1468.8914184570312 0.9996410078223215 0.00017636794746335772
1468.9122314453125 1.0005650875072065 0.00017644781749651293
1468.9330444335938 1.000044622971587 0.0001763807673182182
1468.9539184570312 1.000056279801928 0.00017645741162825856
1468.9747314453125 1.0000052943654505 0.00017663779169427087
1468.9955444335938 0.9994357337969361 0.00017646814657629734
1469.0164184570312 1.000293326157409 0.00017642946648461266
1469.0372314453125 0.9998502003541818 0.0001764097915140545
1469.0580444335938 1.0004968768998745 0.0001764020613648131
1469.0789184570312 0.9996897244701284 0.00017652894460552394
1469.0997314453125 1.0003008100213258 0.0001764762441786233
1469.1205444335938 0.9992208087659536 0.0001765187499010044
1469.1414184570312 1.0005283184557339 0.0001765145312941597
1469.1622314453125 1.0013212178800126 0.00017657229607377043
1469.1830444335938 0.9997374330965396 0.00017646323646056738
1469.2039184570312 0.9997197009454647 0.00017644968215511716
1469.2247314453125 1.0003353467621992 0.00017644886828605054
1469.2455444335938 1.0002580320573853 0.00017643170388258655
1469.2664184570312 0.9996186737663018 0.000176500404327004
1469.2872314453125 0.9999024609015694 0.00017641659695622193
1469.3080444335938 0.9992382497577373 0.00017643424766312522
1469.3289184570312 0.9999429563830052 0.000176439258980933
1469.3497314453125 0.9994248779975681 0.00017639846815135316
1469.3705444335938 0.9998026619686817 0.0001765987113767282
1469.3914184570312 1.000517613390534 0.0001764388714741169
1469.4122924804688 1.0001914896335646 0.00017652164054262744
1469.43310546875 0.9995722971892288 0.00017652035139717579
1469.4539184570312 0.99947266010165 0.00017647170383942428
1469.4747924804688 1.0001525616727402 0.00017656450021388107
1469.49560546875 0.9997769077911678 0.00017651238931356569
1469.5164184570312 1.0004374760282455 0.00017650525401244886
1469.5372924804688 0.9998944277373184 0.00017663166056983707
1469.55810546875 1.0003445279571999 0.00017641505118094975
1469.5789184570312 0.9996825639350456 0.00017642047650767899
1469.5997924804688 0.9997922246943078 0.00017647992986257697
1469.62060546875 1.0004216924395888 0.00017652294089450735
1469.6414184570312 0.9998776992584133 0.00017644312762074893
1469.6622924804688 0.9998440545434649 0.00017649216627874125
1469.68310546875 1.0001791702790577 0.00017646908043381004
1469.7039184570312 0.9998055926075977 0.0001764304955915724
1469.7247924804688 0.9998912823144747 0.00017653201896710853
1469.74560546875 1.0003227162674435 0.00017649311760026368
1469.7664184570312 0.9999526541480255 0.0001764873711425524
1469.7872924804688 1.0000547330714777 0.0001764658390480928
1469.80810546875 0.9995807444537269 0.00017649566546681963
1469.8289184570312 1.0001073366972526 0.00017643427782546183
1469.8497924804688 1.0004393081158964 0.00017660392532051222
1469.87060546875 0.9998890412491829 0.0001764723168621738
1469.8914184570312 0.9997775956928127 0.0001765139177314743
1469.9122924804688 1.0000788841008634 0.00017657192565966775
1469.93310546875 0.9997951454984254 0.00017650023905810803
1469.9539184570312 1.0006828667419132 0.0001766021610023929
1469.9747924804688 0.9992532244129521 0.00017659742766132667
1469.99560546875 1.000133659625693 0.0001765331393940669
1470.0164184570312 1.0003271260772288 0.00017660411112166045
1470.0372924804688 0.9998432138452366 0.0001765790539656753
1470.05810546875 1.0000542237883052 0.0001765311050910429
1470.0789184570312 0.999517339233925 0.00017653907478550355
1470.0997924804688 1.0002675730824082 0.00017651672686081393
1470.12060546875 1.0000962351721951 0.00017656454747534266
1470.1414184570312 1.00029362958567 0.00017649100158103722
1470.1622924804688 0.9999520632409273 0.0001764300517941845
1470.18310546875 0.9994310303967946 0.00017646431466658213
1470.2039184570312 1.0005121840355986 0.00017651449057971483
1470.2247924804688 0.9998513080709505 0.00017648454317327657
1470.24560546875 1.0000401509752173 0.0001764909229025358
1470.2664184570312 0.9996717431449862 0.00017650890837902301
1470.2872924804688 1.0001952219926136 0.00017662405829091998
1470.30810546875 1.0006692421668641 0.00017656335051251707
1470.3289184570312 0.9994307262212951 0.00017651138143352015
1470.3497924804688 0.9997047014302194 0.00017656863410685965
1470.37060546875 1.0000402084256061 0.00017655936375427666
1470.3914184570312 1.0001038403519258 0.00017649297528255674
1470.4122924804688 1.0006788311747759 0.00017648796123730714
1470.43310546875 0.9992470064458174 0.00017650472687776408
1470.4539184570312 1.0002530593947954 0.00017653704393727238
1470.4747924804688 1.0002503200717558 0.0001765523733949419
1470.49560546875 1.0004544835612772 0.00017658235434729873
1470.5164184570312 0.9994786437806307 0.0001766232334451997
1470.5372924804688 1.0001360043945209 0.0001765384561384539
1470.55810546875 0.9999257380638032 0.0001766234289320145
1470.5789184570312 0.9997777267470218 0.00017652704956910509
1470.5997924804688 0.9998857872071958 0.00017651814010141421
1470.62060546875 0.9993012923423201 0.00017650240408580986
1470.6414184570312 0.9996961139444012 0.0001765329154277079
1470.6622924804688 0.9996306489672305 0.00017663010029758685
1470.68310546875 0.9996933062279033 0.00017654145542424834
1470.7039184570312 1.000401773283569 0.00017660404793677604
1470.7247924804688 1.0006413796307136 0.00017655052330026486
1470.74560546875 1.000476418663022 0.0001765292423371711
1470.7664184570312 1.0001323988600843 0.00017657596326110307
1470.7872924804688 0.9995344979268782 0.00017661638690789997
1470.80810546875 0.9995733988559533 0.00017665216304195796
1470.8289184570312 0.9999470991423627 0.00017663013198004538
1470.8497924804688 1.0000062259149136 0.00017669769909851982
1470.87060546875 1.0005406190683486 0.00017657514218042845
1470.8914184570312 1.0000982753862078 0.00017646508570007884
1470.9122924804688 0.9996214040862802 0.00017652013396038266
1470.93310546875 0.999938025716842 0.00017651070905022102
1470.9539184570312 1.000486191936678 0.00017665446714243107
1470.9747924804688 0.9999109952200953 0.00017655252224879587
1470.99560546875 0.9995721114248616 0.00017657524056955844
1471.0164184570312 0.9998843579649688 0.00017657604453883845
1471.0372924804688 1.000472496657779 0.00017659006903278493
1471.05810546875 0.9999505415261236 0.0001766200362613133
1471.0789184570312 1.0000568453939862 0.00017658156665189902
1471.0997924804688 1.0000089344229866 0.0001765585090128796
1471.12060546875 0.9994814531148751 0.00017660099411682145
1471.1414184570312 0.9997992497706298 0.0001767684908054347
1471.1622924804688 1.0005040902687878 0.00017667251253275536
1471.1831665039062 1.000685480573577 0.00017666921650210513
1471.2039794921875 0.9996784998712905 0.0001765421537506656
1471.2247924804688 0.9996560081098387 0.00017674723258317586
1471.2456665039062 0.9995538342874594 0.00017658523296168148
1471.2664794921875 1.0002035421006197 0.00017657759757030696
1471.2872924804688 1.0003327357806233 0.00017653752005761093
1471.3081665039062 0.9998452541150598 0.00017657024011850667
1471.3289794921875 1.0002936030864669 0.00017647732179210747
1471.3497924804688 0.9997935559661169 0.0001764818383112931
1471.3706665039062 1.0001054122306743 0.00017649808584973122
1471.3914794921875 1.0003097301700736 0.0001766181409118088
1471.4122924804688 0.9995714649700154 0.000176649572966488
1471.4331665039062 0.9994258605896208 0.00017655004161050016
1471.4539794921875 1.0000845705682897 0.0001765169438824587
1471.4747924804688 1.000501436596987 0.00017650335285037793
1471.4956665039062 1.0007244320629287 0.00017656166500974857
1471.5372924804688 0.999252465348003 0.00017648573346853747
1471.5581665039062 1.0000861159224903 0.0001766220821972159
1471.5789794921875 1.0002078664709904 0.00017658233766983675
1471.5997924804688 0.9997524765884108 0.0001766514896355483
1471.6206665039062 0.9996699760777238 0.0001767062573581317
1471.6414794921875 0.999740631594606 0.00017666552134522183
1471.6622924804688 1.0009286069542318 0.00017667722557485754
1471.6831665039062 0.9995060658124505 0.00017655740350248247
1471.7039794921875 0.9992707217364216 0.0001766134138343361
1471.7247924804688 1.0003366147462613 0.000176621552405033
1471.7456665039062 0.9998896837322147 0.00017667088473642526
1471.7664794921875 1.000318853018723 0.00017655790396887684
1471.7872924804688 0.9998909423239477 0.00017666242986163447
1471.8081665039062 0.9998596615816141 0.00017660078961162593
1471.8289794921875 1.0005021126682148 0.00017660872378979297
1471.8497924804688 1.0009097574059032 0.00017669655818220405
1471.8706665039062 1.0001154675855075 0.0001765212566034735
1471.8914794921875 1.000446895885392 0.0001765399190158285
1471.9122924804688 0.9997871763321639 0.00017653900214474074
1471.9331665039062 0.9997100241269715 0.0001765171330893554
1471.9539794921875 0.9998455521615504 0.0001765876955247921
1471.9747924804688 1.0002557993641075 0.00017655943723246084
1471.9956665039062 0.9996199709515643 0.00017643189004632687
1472.0164794921875 0.9987318088580056 0.00017649538420392145
1472.0372924804688 1.0002439197778368 0.00017664733566345717
1472.0581665039062 1.0000296927688388 0.0001765131352700238
1472.0789794921875 1.0006094417420774 0.00017656661030418988
1472.0997924804688 0.9995052578832696 0.00017654124708169893
1472.1206665039062 1.000111511621441 0.00017656431086344204
1472.1414794921875 0.9995984269837471 0.00017652930797753058
1472.1622924804688 1.0001187241062839 0.0001765068654267521
1472.1831665039062 1.000239962217718 0.00017648605419929347
1472.2039794921875 0.99987172636083 0.0001764634160403498
1472.2247924804688 1.000139939539975 0.0001765289864628206
1472.2456665039062 1.000006044041399 0.00017659420344806034
1472.2664794921875 1.00028713449911 0.00017668148255697375
1472.2872924804688 0.999615975778866 0.00017657649904562564
1472.3081665039062 0.9999507192364875 0.00017657287434160826
1472.3289794921875 0.9998907141238047 0.00017655066154888586
1472.3497924804688 0.9999884908565784 0.00017657903816248492
1472.3706665039062 1.0000504102200605 0.0001765217820484963
1472.3914794921875 1.0002881746039751 0.00017653109038279354
1472.4122924804688 0.9999669502953311 0.00017654379234030188
1472.4331665039062 1.0000332557192975 0.00017651745198144097
1472.4539794921875 0.9997520924539747 0.00017672501957105777
1472.4747924804688 1.0000798873324428 0.00017656197267936944
1472.4956665039062 0.9999440377546741 0.0001765550419688748
1472.5164794921875 1.000108452616077 0.00017660502482931773
1472.5372924804688 1.0002895724578882 0.00017660064089315228
1472.5581665039062 0.9996401205861629 0.00017660695503339866
1472.5789794921875 0.9997498687148154 0.0001766582671148854
1472.5997924804688 1.0000183420655235 0.0001765174820869843
1472.6206665039062 1.0002307308492353 0.00017661919808165146
1472.6414794921875 1.0004191085240284 0.000176584201770033
1472.6622924804688 0.9996662220290697 0.00017657205326576664
1472.6831665039062 1.000057655207294 0.0001767422697387649
1472.7039794921875 0.9996524993859041 0.00017653689724583457
1472.7247924804688 1.0004058816513655 0.0001765577346179534
1472.7456665039062 0.9998770928480306 0.00017650239299474353
1472.7664794921875 0.9997988645512218 0.00017654550420397028
1472.7872924804688 0.9999351825784802 0.0001765024788338176
1472.8081665039062 0.9999419838393117 0.0001765601025475989
1472.8289794921875 1.0008402480315044 0.00017657278441180637
1472.8497924804688 0.99937580100809 0.00017645712981458208
1472.8706665039062 1.0003817892335185 0.00017653183831268008
1472.8914794921875 0.9995282806165325 0.00017653847534664506
1472.9122924804688 0.9998354672817761 0.00017659610016416234
1472.9331665039062 1.000534133990024 0.00017654427830418294
1472.9539794921875 0.9996473495437584 0.00017650829102560032
1472.9747924804688 1.0002603510455768 0.00017653627113428303
1472.9956665039062 1.000209550050718 0.00017651777376633757
1473.0164794921875 0.9993218463288578 0.00017652156503997318
1473.0372924804688 0.9997128145050636 0.00017649880069783012
1473.0581665039062 1.0008352752120702 0.0001766217084996779
1473.0789794921875 1.0000635960903066 0.00017655976468968117
1473.0997924804688 0.9997422807866997 0.0001765326842468479
1473.1206665039062 0.9993493015291226 0.00017658952554446962
1473.1414794921875 1.0000845576446187 0.00017666124580409604
1473.1622924804688 0.9994096926780885 0.00017655984550681808
1473.1831665039062 0.9997730219815053 0.00017658223544460709
1473.2039794921875 0.9996110105652395 0.0001765733144981125
1473.2247924804688 1.000285647890919 0.0001766478033600666
1473.2456665039062 0.9999271796139138 0.0001766085830097613
1473.2664794921875 1.0000567288163194 0.0001765814611080905
1473.2872924804688 1.0004051584871358 0.00017660254754845903
1473.3081665039062 0.9999617617126573 0.0001765647196568586
1473.3289794921875 0.9992361890140601 0.00017655860095030316
1473.3497924804688 1.0000796227539097 0.00017657664564961286
1473.3706665039062 1.0004984130686985 0.00017661155855537046
1473.3915405273438 0.999454454835136 0.00017657200659542926
1473.412353515625 1.000205895306746 0.00017650920827561592
1473.4331665039062 1.0004057086526923 0.0001764889495338848
1473.4540405273438 0.999391740122806 0.0001764705052115342
1473.474853515625 1.0003848304566199 0.00017648498997006827
1473.4956665039062 0.9999881978463973 0.00017654702333555123
1473.5165405273438 0.9997384344026768 0.0001765710214842947
1473.537353515625 1.0005072551224918 0.0001765424210881811
1473.5581665039062 1.0000747924294013 0.00017665877145363074
1473.5790405273438 0.9992064374135161 0.0001766109482659261
1473.599853515625 1.0000496369452296 0.00017663948701096164
1473.6206665039062 1.000085743880396 0.00017658499620399148
1473.6415405273438 1.0004534883115064 0.00017656896715723835
1473.662353515625 1.0002658295540847 0.00017652348435187034
1473.6831665039062 0.999489325562146 0.00017650947032426723
1473.7040405273438 0.9997249616948468 0.00017653965441947317
1473.724853515625 1.0000188251099569 0.0001765319314876826
1473.7456665039062 1.0005487474833759 0.00017661726816961326
1473.7665405273438 1.000011155179165 0.00017650611440292758
1473.787353515625 0.999506778730956 0.00017655191392485314
1473.8081665039062 1.0002759753458978 0.00017651106570085688
1473.8290405273438 0.9997940591151597 0.00017653680661450737
1473.849853515625 1.000483399194534 0.00017666015590860575
1473.8706665039062 0.9997573335464934 0.00017664307973280877
1473.8915405273438 0.9996220631393335 0.0001765526292723886
1473.912353515625 1.0003002396179654 0.00017659220619560087
1473.9331665039062 0.9998690813004639 0.00017667688155586472
1473.9540405273438 1.0007021019555098 0.00017661840979091642
1473.974853515625 0.9992236242132674 0.0001764870673937738
1473.9956665039062 0.9999483814194358 0.00017659058834719335
1474.0165405273438 0.9998131181330312 0.0001765389394681912
1474.037353515625 1.00065671362706 0.00017650709449995556
1474.0581665039062 1.000061320257275 0.000176654352841721
1474.0790405273438 0.9998065819892289 0.00017659476565083952
1474.099853515625 1.000115973847141 0.00017654132401284523
1474.1206665039062 0.9995422691717464 0.0001765133487511265
1474.1415405273438 1.0000021640526582 0.00017654073363430764
1474.162353515625 1.0005208955699914 0.00017665001432813025
1474.1831665039062 0.9996851123569067 0.00017656812777207636
1474.2040405273438 1.000202068749473 0.00017661799991154265
1474.224853515625 0.9997247230687616 0.00017655633679202664
1474.2456665039062 0.9998675081104315 0.00017650687889527442
1474.2665405273438 1.0002368507199777 0.000176492876343283
1474.287353515625 1.0000927578375522 0.0001765780056821586
1474.3081665039062 1.0000563760480619 0.0001765063903192318
1474.3290405273438 0.9998037651435064 0.00017664798198100534
1474.349853515625 1.0000365320962001 0.00017649857374566928
1474.3706665039062 0.9998017703757348 0.00017651691808145116
1474.3915405273438 1.0001742295882208 0.00017652648136397113
1474.412353515625 0.9998179547929088 0.00017657105155178868
1474.4331665039062 0.9994287709087482 0.00017649381861347514
1474.4540405273438 1.0002031009752081 0.00017655319407539833
1474.474853515625 0.9996477481826886 0.0001765074883669979
1474.4956665039062 1.0000856001412057 0.00017645323899949438
1474.5165405273438 0.9995730981133818 0.0001765365307816756
1474.537353515625 0.9997696298280726 0.00017655011209317766
1474.5581665039062 0.999809729073578 0.00017658258800184272
1474.5790405273438 1.0005362244871832 0.0001764798882901187
1474.599853515625 1.0000867812376333 0.00017653700143120644
1474.6206665039062 1.000187912450598 0.00017652219119032437
1474.662353515625 1.0001060872786889 0.00017644406965054262
1474.6831665039062 0.9996753734813383 0.0001764925588793926
1474.7040405273438 0.9999581871364237 0.0001765626477027239
1474.724853515625 0.9998973401860218 0.00017658030274291512
1474.7456665039062 1.0002736727259713 0.00017658914944661955
1474.7665405273438 0.999818629266796 0.0001765553250960799
1474.787353515625 0.9999811401973369 0.0001767618595081921
1474.8081665039062 0.999911474668099 0.00017656015680861614
1474.8290405273438 1.0001570835686098 0.0001765974596489936
1474.849853515625 0.9999792291204503 0.00017650331752793944
1474.8706665039062 1.0005537261388235 0.00017655844929723445
1474.8915405273438 0.999352757825454 0.00017655574926383037
1474.912353515625 0.9996844955579838 0.00017648743146823944
1474.9331665039062 1.0003713272013628 0.00017646698984300039
1474.9540405273438 1.0000851410812293 0.0001764400480341146
1474.974853515625 1.0001419410399668 0.00017652601451433213
1474.9956665039062 1.0002826449131637 0.00017654852610665916
1475.0165405273438 0.9993999545535591 0.0001765480662329326
1475.037353515625 1.000164227861585 0.00017653725406391828
1475.0581665039062 1.0000083366915005 0.00017656201300481002
1475.0790405273438 0.999614968745037 0.00017650550147162286
1475.099853515625 1.0002036386762443 0.00017657271238746478
1475.1206665039062 1.0005778909529173 0.00017659233806751763
1475.1415405273438 0.9997378250130207 0.000176525486977371
1475.162353515625 0.9999504931135001 0.00017656616561673898
1475.1831665039062 0.9998945783083256 0.00017655902569089563
1475.2040405273438 0.9998850031603914 0.0001765465335533664
1475.224853515625 0.9998486529923816 0.00017653699405734895
1475.2456665039062 0.9997937003549344 0.00017647163750532973
1475.2665405273438 1.0007138264190323 0.0001764902969367395
1475.287353515625 1.0001159951566532 0.0001764444630479563
1475.3081665039062 1.000185883848719 0.00017651976921074028
1475.3290405273438 0.999087517599127 0.00017645214661443645
1475.349853515625 0.9999678990260883 0.00017654555582108044
1475.3706665039062 1.0005060178988854 0.00017655256528554064
1475.3915405273438 1.0001172892567953 0.0001765482286609218
1475.412353515625 0.9997192919739666 0.00017663023116028917
1475.4331665039062 1.0002135860404875 0.0001765179095070806
1475.4540405273438 0.9998564604522875 0.00017656898087852602
1475.474853515625 0.9997279896548329 0.0001765674235712419
1475.4956665039062 1.0002270168296157 0.00017651974041844157
1475.5165405273438 1.0001348211000047 0.00017655147992234042
1475.537353515625 0.9999671140164685 0.00017651706710852406
1475.5581665039062 1.0000320272167114 0.00017650319121306733
1475.5790405273438 0.9998208982826732 0.00017666085569281107
1475.599853515625 0.9998371294146282 0.00017654368083608535
1475.6206665039062 1.000200866538548 0.00017651475377093942
1475.6415405273438 1.000134730388598 0.0001765375639245363
1475.662353515625 0.9998448725363992 0.0001766816527660915
1475.6831665039062 1.0000390829839798 0.00017651398967232106
1475.7040405273438 0.9999786723005885 0.00017652645516694866
1475.724853515625 0.9992319145913208 0.00017665070973321847
1475.7456665039062 0.9999935810887396 0.00017661968624358454
1475.7665405273438 0.9997974221225666 0.0001765467015851617
1475.787353515625 0.9997691532931736 0.0001766309752058694
1475.8081665039062 0.9996165180822928 0.0001766245283083838
1475.8290405273438 1.0003656120396984 0.0001767043312321867
1475.849853515625 0.9996287927915676 0.0001765729336409252
1475.8706665039062 0.99970115513345 0.00017661799524482346
1475.8915405273438 1.0002531560831676 0.0001765995969219106
1475.912353515625 0.9997581869846782 0.00017663301171920968
1475.9331665039062 1.00024505453357 0.00017656209397690176
1475.9540405273438 1.0002525140290586 0.00017660216420513147
1475.974853515625 0.9997202880081957 0.00017658005637557242
1475.9956665039062 0.9999339980346565 0.00017673462617695356
1476.0165405273438 1.000071196651584 0.00017657741438759902
1476.037353515625 0.9999353625462214 0.000176629081195442
1476.0581665039062 0.9999274576667563 0.0001766275161496177
1476.0790405273438 1.0003874417173895 0.00017654193460608542
1476.099853515625 0.9995082116911452 0.00017657585029419765
1476.1206665039062 1.000191828709436 0.00017660897696812513
1476.1415405273438 1.0000023127251223 0.00017674464739088393
1476.162353515625 1.0003265886171453 0.00017656693386974867
1476.1831665039062 0.9996714208926141 0.00017668195541643744
1476.2040405273438 0.9998586784688589 0.00017655335893654442
1476.224853515625 1.0002016954993103 0.00017663212356413502
1476.2456665039062 0.999886754972817 0.00017665779956899406
1476.2665405273438 1.0002896922820779 0.0001765865088279317
1476.287353515625 0.9997974568691164 0.00017660630410623176
1476.3081665039062 0.9997552748189035 0.00017668278248425008
1476.3290405273438 1.0004627411985207 0.0001767334301967747
1476.349853515625 0.9999325019808285 0.00017666006018898312
1476.3706665039062 0.9997755551872434 0.00017667874811309978
1476.3915405273438 0.9999442981255228 0.00017667439653756487
1476.412353515625 1.000155364988074 0.0001767394782421058
1476.4331665039062 1.0002193001022222 0.00017678513715892413
1476.4540405273438 0.9999656377919364 0.00017678860594768123
1476.474853515625 0.9994916924503467 0.0001767358087601438
1476.4956665039062 1.0001088969468144 0.00017684341704475335
1476.5165405273438 1.000280834558491 0.0001767068524839889
1476.537353515625 0.999647531752225 0.00017673399779949916
1476.5581665039062 1.0002756827179746 0.00017668598849166162
1476.5790405273438 0.9999446032109295 0.00017670572655565782
1476.599853515625 1.0005180277986185 0.00017672752854569203
1476.6206665039062 0.9996186574466944 0.0001768040560516285
1476.6415405273438 0.9997228912850429 0.00017678648896484212
1476.662353515625 1.00018068951023 0.00017682459655288634
1476.6831665039062 0.9996721336615028 0.0001768021664692595
1476.7040405273438 1.000314023667259 0.00017668826873361217
1476.724853515625 1.000022729092098 0.00017676078126833552
1476.7456665039062 1.000332025432348 0.00017674790000123214
1476.7665405273438 0.9998199231059661 0.00017681386732861396
1476.787353515625 0.9997021196955167 0.0001767098249609209
1476.8081665039062 1.0000051299617743 0.00017676907545781986
1476.8290405273438 1.0003217009205676 0.00017681689352371394
1476.849853515625 0.99980659572131 0.00017678304751586534
1476.8706665039062 0.9997371187844574 0.0001767778766824304
1476.8915405273438 1.0003615468170894 0.0001768030972721124
1476.912353515625 0.999919502172173 0.00017680589398585693
1476.9331665039062 1.0003441432136504 0.0001768416690869308
1476.9540405273438 0.9992109111595023 0.00017676664277374476
1476.974853515625 1.0003940773373807 0.00017685445024927756
1476.9956665039062 0.999298565483907 0.00017720255370259997
1477.0165405273438 0.9998466267160773 0.00017781030112948024
1478.1207275390625 0.9976099784994162 0.0001803586090766909
1478.1624145507812 1.0009095376341404 0.00017936045207912207
1478.1832275390625 1.0006368283356004 0.00017893727392990458
1478.2040405273438 0.9996564168257148 0.00017870810333012733
1478.2249145507812 1.0 0.00017835744715445447
1478.2457275390625 0.999912462791104 0.0001783394584475616
1478.2665405273438 0.999061580495944 0.00017800906795045475
1478.2874145507812 1.0001980340530567 0.00017794156730626372
1478.3082275390625 0.9994359139237283 0.00017785301271430038
1478.3290405273438 0.9994571605763628 0.00017761465201509972
1478.3499145507812 1.0003983098906475 0.00017752793431140054
1478.3707275390625 0.9993422265946879 0.00017734901585849118
1478.3915405273438 1.0003166242711075 0.00017722868273292754
1478.4124145507812 1.0002386267867613 0.00017706418617854632
1478.4332275390625 0.9998970241433597 0.00017694863684488327
1478.4540405273438 0.9992516972316504 0.00017669659705500857
1478.4749145507812 1.000410723955933 0.00017688433905922035
1478.4957275390625 1.0001542267259078 0.00017684313550418701
1478.5165405273438 1.000377307661254 0.0001765717563324568
1478.5374145507812 0.9999222550817075 0.000176601756536507
1478.5582275390625 0.9997962033130235 0.00017661776892884798
1478.5790405273438 0.9996582806997228 0.00017650839510874127
1478.5999145507812 1.000121685513486 0.00017657915611560377
1478.6207275390625 1.0002681396349227 0.0001764334260251175
1478.6415405273438 0.9999517144428651 0.0001764737349629463
1478.6624145507812 0.9999006575605673 0.00017644285811691522
1478.6832275390625 1.0004363058366 0.00017645797863007943
1478.7040405273438 0.9997374870309044 0.0001765590210132286
1478.7249145507812 0.9995943524431407 0.0001764256528097908
1478.7457275390625 1.0001146041975062 0.0001764111914213559
1478.7665405273438 0.9999658672825147 0.00017642667777388932
1478.7874145507812 1.0005452039618803 0.00017657510257887107
1478.8082275390625 0.9998164101863362 0.000176403288800709
1478.8290405273438 1.0000396122309165 0.0001763888191020755
1478.8499145507812 0.9997021249123941 0.00017655095616553787
1478.8707275390625 1.000034056556538 0.00017639310786034094
1478.8915405273438 0.9999914814191605 0.0001764645628243347
1478.9124145507812 1.0003137998367564 0.00017645240495961747
1478.9332275390625 0.9997967631398085 0.00017646118561110268
1478.9540405273438 0.9999955378348204 0.0001763707882767622
1478.9749145507812 0.999702695009287 0.00017635926272145812
1478.9957275390625 1.0001046110212803 0.000176436975504263
1479.0165405273438 1.0001535582607533 0.0001763838557535667
1479.0374145507812 1.0002784653027623 0.0001763781167943065
1479.0582275390625 1.0001944787689858 0.00017650875700771264
1479.0790405273438 0.9993190408905036 0.00017636255297956608
1479.0999145507812 0.9998601379209033 0.000176478831930762
1479.1207275390625 1.0005856538528235 0.00017639680125550313
1479.1415405273438 1.0000627839471137 0.000176372373893675
1479.1624145507812 0.9993643742921786 0.0001764007410796118
1479.1832275390625 0.9998499118047542 0.00017634687040516168
1479.2040405273438 1.0010190345357604 0.00017637572437298555
1479.2249145507812 0.9999020036983148 0.00017640292773771362
1479.2457275390625 0.999351343737286 0.0001764229160711506
1479.2665405273438 1.0004247220244609 0.00017638703487143334
1479.2874145507812 0.999727349510098 0.00017644119792889937
1479.3082275390625 1.000111506868107 0.00017644426535423277
1479.3290405273438 0.9995146753426212 0.00017640563480191042
1479.3499145507812 1.0004763946654902 0.00017643581330002624
1479.3707275390625 1.0001934016231362 0.0001763771416278307
1479.3915405273438 0.9998923418991871 0.0001763793207699627
1479.4124145507812 0.9997795457938192 0.00017643094610420853
1479.4332275390625 1.0000787205120438 0.00017630766055094717
1479.4540405273438 1.0000215446608007 0.00017637834345160874
1479.4749145507812 1.0000473386028943 0.00017652676611134365
1479.4957275390625 1.0002811738280324 0.00017641377793556532
1479.5165405273438 0.9998481402304937 0.00017643025547673207
1479.5374145507812 0.9997616317906025 0.00017649760068369068
1479.5582275390625 1.0001252211919747 0.00017644932382940949
1479.5790405273438 0.9998008657505266 0.0001764205099213807
1479.5999145507812 0.9995505486318528 0.00017637301022060844
1479.6207275390625 0.9997505412390141 0.00017638325961795605
1479.6415405273438 1.000081102947451 0.00017642474868226885
1479.6624145507812 1.0007785355356578 0.000176419340450083
1479.6832275390625 1.0003952638813771 0.0001764123488576877
1479.7040405273438 1.0002403282057466 0.00017648738177225673
1479.7249145507812 0.9997439379926584 0.00017640269814560273
1479.7457275390625 1.0001112175747988 0.00017651574016456305
1479.7665405273438 1.0007447581279698 0.00017640964418739091
1479.7874145507812 0.9992802921460172 0.00017658912891084226
1479.8082275390625 1.0001093930784062 0.00017655977678904985
1479.8290405273438 1.0000515995126262 0.0001764548500541274
1479.8499145507812 0.9999807473022956 0.00017640108106757298
1479.8707275390625 1.0000954467838856 0.0001764097246998442
1479.8915405273438 0.9997892563787605 0.00017634728557502216
1479.9124145507812 1.0001605770059971 0.00017634456755148011
1479.9332275390625 1.0000347546185118 0.000176375566645845
1479.9540405273438 0.9999834619834794 0.00017640553564314733
1479.9749145507812 0.9997851867954886 0.00017635068001952523
1479.9957275390625 1.0000800860702665 0.0001763678091458669
1480.0165405273438 1.0004326882164711 0.00017658245669714923
1480.0374145507812 0.9999596532951099 0.0001764441415555503
1480.0582275390625 0.9999070229839958 0.00017649018749493265
1480.0790405273438 0.9993794080965364 0.0001764672824472259
1480.0999145507812 1.0003540078536344 0.0001766018785497731
1480.1207275390625 1.0001246585106356 0.0001764767810427448
1480.1415405273438 1.0000266602358001 0.00017656293711164225
1480.1624145507812 0.9995929712676348 0.00017639530848210418
1480.1832275390625 1.0001775410479279 0.00017668389853804374
1480.2040405273438 1.0002971457642298 0.00017647823366025308
1480.2249145507812 1.0001457896148698 0.00017642936304621218
1480.2457275390625 0.9999184572997255 0.0001764155666076925
1480.2665405273438 0.9998054511118842 0.00017641430394697884
1480.2874145507812 0.9995032560493619 0.00017641263316237884
1480.3082275390625 1.0004760795053325 0.00017654041524006598
1480.3290405273438 1.0002249735701163 0.0001764246815046673
1480.3499145507812 0.9995891076998215 0.0001763925867565555
1480.3707275390625 1.0003860173132118 0.00017644015207443932
1480.3915405273438 0.9996949336665025 0.0001763703189759862
1480.4124145507812 1.0000677232170339 0.0001764442257440267
1480.4332275390625 1.0001285666235527 0.00017645286082037598
1480.4540405273438 1.0001355032007953 0.00017646425251207802
1480.4749145507812 0.9998993299335868 0.00017641304031947185
1480.4957275390625 0.9996083411348144 0.00017640408533227658
1480.5165405273438 0.9996545934050024 0.00017640782846307641
1480.5374145507812 1.0007340253620887 0.00017640210642072364
1480.5582275390625 1.000602982945835 0.00017640268404328185
1480.5790405273438 0.9995353173549789 0.00017659598711919255
1480.5999145507812 0.9993373008655343 0.00017656228721750342
1480.6207275390625 1.0001937438093085 0.00017635170386206804
1480.6416015625 1.0001371294728212 0.00017639970004769341
1480.6624145507812 1.0000718364534429 0.00017628855416715742
1480.6832885742188 0.999794626143896 0.00017631568841888607
1480.7041015625 1.000168604111355 0.00017633319858919357
1480.7249145507812 1.0003306200008155 0.00017636500110076097
1480.7457885742188 0.9999935644389683 0.00017635392319666955
1480.7666015625 0.9997404764906531 0.0001763659434729171
1480.7874145507812 0.9997250424689774 0.00017646705011558015
1480.8082885742188 0.9998582556901031 0.0001763843983425769
1480.8291015625 0.9998486388292457 0.00017633205734906532
1480.8499145507812 1.0003487496018864 0.00017641165120378208
1480.8707885742188 1.000390580283642 0.0001764117155636069
1480.8916015625 0.9995332391256653 0.00017638002424248572
1480.9124145507812 0.9997045301121814 0.00017638368318008662
1480.9332885742188 0.9998032789893094 0.00017638398111869858
1480.9541015625 1.0001293664915525 0.00017637187999365795
1480.9749145507812 1.0001536594336171 0.00017641686529492294
1480.9957885742188 0.99974893249193 0.00017632170661764735
1481.0166015625 1.0003254265753605 0.00017636139436968213
1481.0374145507812 0.9996617687272219 0.00017629835271307763
1481.0582885742188 0.99971134859859 0.00017630875034782214
1481.0791015625 1.0000479391383874 0.00017638936142059562
1481.0999145507812 0.9987106186518322 0.0001763534326295294
1481.1207885742188 1.0000927019159362 0.00017626771399009198
1481.1416015625 1.0001619170886162 0.00017629521413061158
1481.1624145507812 1.000556520110575 0.00017633813188575368
1481.1832885742188 0.9995345981412092 0.0001763173825639668
1481.2041015625 1.0001343505748679 0.00017635742432054211
1481.2249145507812 0.9993378962586615 0.00017639153667322615
1481.2457885742188 0.9998132676383505 0.0001763644551701267
1481.2666015625 1.0007024229745194 0.00017632638825922211
1481.3082885742188 1.000597627733107 0.0001763681957261189
1481.3291015625 0.9993136861705215 0.00017647443346100307
1481.3499145507812 0.9997231203522304 0.0001763996350415251
1481.3707885742188 1.0001340869121538 0.00017640066373638853
1481.3916015625 1.0003279020835096 0.00017656176648566123
1481.4124145507812 0.9993290140475627 0.00017635256196431927
1481.4332885742188 1.0006922316862477 0.00017634322239888254
1481.4541015625 0.9997800689631043 0.000176338893979299
1481.4749145507812 1.000064871261644 0.00017647014112730455
1481.4957885742188 1.0001759366948009 0.0001763651570166158
1481.5166015625 0.9993582526318858 0.0001763267386338976
1481.5374145507812 1.0003364228710623 0.00017639128262564443
1481.5582885742188 1.0004773618510032 0.00017634988321444894
1481.5791015625 0.9995939170134115 0.00017633971540523583
1481.5999145507812 0.9999432484226581 0.0001764225753455736
1481.6207885742188 0.9996628312797236 0.00017646787782704858
1481.6416015625 1.0006481437873065 0.00017638546249256794
1481.6624145507812 0.9996879944847048 0.0001764056675985776
1481.6832885742188 1.000217624364964 0.00017633603626083516
1481.7041015625 0.9996002116628349 0.00017634821683281264
1481.7249145507812 1.0000544891401133 0.0001763476477231285
1481.7457885742188 1.0005045204442382 0.00017638291386021945
1481.7666015625 0.9997205125130311 0.00017650062666903175
1481.7874145507812 0.9999442700074536 0.00017636607360625966
1481.8082885742188 0.9998360793175 0.00017634761397739734
1481.8291015625 0.9999330864654119 0.00017640803706409625
1481.8499145507812 1.0005746545285976 0.00017653554067910543
1481.8707885742188 0.9998269994683315 0.00017637318856129265
1481.8916015625 0.9996202499188623 0.00017641062800460668
1481.9124145507812 1.0001354920104697 0.00017640936101789143
1481.9332885742188 0.9998309274586651 0.00017642618457438882
1481.9541015625 1.0006707073178012 0.000176473449805147
1481.9749145507812 0.9999826118970885 0.00017644342973297404
1481.9957885742188 0.9991759594335005 0.00017640440639615578
1482.0166015625 1.0005475555576622 0.0001763616791345003
1482.0374145507812 0.9993328671279593 0.00017638685723720974
1482.0582885742188 1.0005588946242736 0.00017638692194536234
1482.0791015625 1.0003672281290592 0.00017635134736429373
1482.0999145507812 0.9997839635018845 0.00017635948597266812
1482.1207885742188 1.000256253866313 0.00017631986878971655
1482.1416015625 0.9997168721162798 0.00017633807372133977
1482.1624145507812 0.9995773912111852 0.0001763735627456513
1482.1832885742188 1.0003167537052522 0.0001763770783329709
1482.2041015625 0.9999789780295296 0.00017641703625625318
1482.2249145507812 0.9992863882444287 0.00017632721610078825
1482.2457885742188 0.9993075076980619 0.0001762998742442806
1482.2666015625 1.000096137358161 0.00017638468622506722
1482.2874145507812 0.999747871672929 0.00017636966839996987
1482.3082885742188 1.0001422078184061 0.00017650923430634192
1482.3291015625 1.0001919125316543 0.00017651528095645051
1482.3499145507812 0.99979677622462 0.0001763731234828295
1482.3707885742188 0.9998147456857713 0.00017632401151627638
1482.3916015625 0.9995071922527677 0.00017633025172027617
1482.4124145507812 1.0002957199099345 0.00017638262949728044
1482.4332885742188 1.0000843322410633 0.0001763048117607932
1482.4541015625 0.9999115521576052 0.000176353949913346
1482.4749145507812 1.0003742435027003 0.0001763338886601138
1482.4957885742188 0.9998099817608604 0.0001762886566187302
1482.5166015625 0.9993503851151834 0.00017629698565276044
1482.5374145507812 1.0004326737625813 0.00017631015904765482
1482.5582885742188 1.000406559731597 0.00017635088924963948
1482.5791015625 0.9999505008127787 0.00017636663429517946
1482.5999145507812 0.9996753593791257 0.00017645347632166226
1482.6207885742188 0.9999769508178267 0.0001763488561114598
1482.6416015625 1.0000444975451115 0.00017640058905764837
1482.6624145507812 0.9997738144451156 0.00017640907892603152
1482.6832885742188 1.0003324901086972 0.00017642733234469275
1482.7041015625 1.000072947333629 0.0001765328399293736
1482.7249145507812 0.9998043948989709 0.0001763922062280825
1482.7457885742188 1.000208359695165 0.00017642593712019993
1482.7666015625 0.9998093182538086 0.0001763745059681919
1482.7874145507812 1.0001444680787974 0.00017648964041631102
1482.8082885742188 0.9997006892948521 0.00017645123128504856
1482.8291015625 1.000251682700998 0.0001763866145721946
1482.8499145507812 0.9998085103185024 0.00017633055819723468
1482.8707885742188 1.000056317765355 0.0001763664109210431
1482.8916015625 1.0000058602740067 0.00017643829511926806
1482.9124145507812 1.000166108611938 0.00017632145674489582
1482.9332885742188 1.0001353248515894 0.00017631767611415303
1482.9541015625 0.999467463322987 0.0001763084900995244
1482.9749145507812 1.0002246071901235 0.0001763351300765997
1482.9957885742188 1.0005024704148038 0.00017638068854720906
1483.0166015625 0.9994024778304199 0.0001763247997150754
1483.0374145507812 1.0002487479064948 0.00017633116536689333
1483.0582885742188 0.9998053254624166 0.00017645793227755364
1483.0791015625 1.0001325971995427 0.00017648104020692693
1483.0999145507812 1.0001727081190812 0.00017641618034895264
1483.1207885742188 0.999438529740289 0.0001763070347725246
1483.1416015625 1.0002067161311345 0.00017636931273663073
1483.1624145507812 1.0001606176094986 0.00017655393763053599
1483.1832885742188 1.0004411622746745 0.00017635292002005125
1483.2041015625 1.0000449683135986 0.00017649701991697946
1483.2249145507812 0.9993362695730256 0.00017637891637238963
1483.2457885742188 0.9996749488002836 0.0001763835425312152
1483.2666015625 1.000038453752595 0.00017629830910062625
1483.2874145507812 1.0003571535197993 0.0001762871973820727
1483.3082885742188 1.0005847184751309 0.00017628815927500958
1483.3291015625 0.9996249976309453 0.00017628663779748098
1483.3499145507812 0.9998936486576382 0.00017633130485142183
1483.3707885742188 0.9995399173508321 0.00017632260428627813
1483.3916015625 1.0003448211218968 0.0001764893324992101
1483.4124145507812 0.9998214988785774 0.00017648398054341058
1483.4332885742188 1.0001728212884644 0.00017654495707350947
1483.4541015625 1.001406302882973 0.00017655621627490176
1483.4749145507812 1.0010305856706214 0.00017648328309304825
1483.4957885742188 1.0003943393733548 0.0001764897790673059
1483.5166015625 1.0005392203209238 0.00017643378406441047
1483.5374145507812 1.0005819739418642 0.00017650005663386124
1483.5582885742188 0.9999116880251265 0.0001763957861908536
1483.5791015625 0.999684339695887 0.00017637792024767426
1483.5999145507812 0.9999642238899821 0.00017632043454802624
1483.6207885742188 1.0005733157640895 0.00017631760515332762
1483.6416015625 0.9998429042826729 0.0001762887783944432
1483.6624145507812 0.999406481929797 0.00017628071782336128
1483.6832885742188 0.9996540777836022 0.0001763219280969981
1483.7041015625 1.0000136751903335 0.00017635920512522769
1483.7249145507812 1.0003502787661602 0.00017622810620518699
1483.7457885742188 1.0001057173684076 0.00017625829103846497
1483.7666015625 0.9999675854548937 0.00017623695340030884
1483.7874145507812 1.0001110506619806 0.00017622815330038913
1483.8082885742188 0.998174566995231 0.00017618903605799705
1483.8291015625 0.9996016467884524 0.00017621731968749303
1483.8499145507812 1.0001655707853312 0.00017627725435823352
1483.8707885742188 1.000208913208689 0.00017619181663786895
1483.8916015625 1.0000248172954065 0.0001762579142279646
1483.9124145507812 0.9996941292001225 0.00017625565508467306
1483.9332885742188 1.0000955170967096 0.00017633625796139495
1483.9541015625 0.9998441929587285 0.00017627035708232106
1483.9749145507812 0.9998882259197334 0.00017646321277167712
1483.9957885742188 1.0003983476983982 0.00017624506667818986
1484.0166015625 1.0002397875506663 0.00017628275361873143
1484.0374145507812 0.999333208368286 0.0001763077324564983
1484.0582885742188 1.0002557698686794 0.00017621833540541038
1484.0791015625 0.9998333013033122 0.0001762031725156275
1484.0999145507812 1.0006099189584396 0.00017624903203959823
1484.1207885742188 1.0000334605455727 0.00017648143229483055
1484.1416015625 0.9995506707325905 0.00017625433432070253
1484.1624145507812 0.9996712416792054 0.0001764313815552842
1484.1832885742188 0.9999594755906467 0.00017627484266261365
1484.2041015625 1.0005783689890364 0.00017628370356291247
1484.2249145507812 1.0002672217716377 0.00017624424257418455
1484.2457885742188 0.9993698895540601 0.00017627397911978618
1484.2666015625 0.999901655587471 0.00017631056750465587
1484.2874145507812 1.0001511566060126 0.00017628614941052383
1484.3082885742188 1.000166679784173 0.00017631547409896776
1484.3291015625 0.9999882035526023 0.0001762407318603987
1484.3499145507812 1.0003803378415117 0.00017623843685803768
1484.3707885742188 0.9994988895480083 0.00017626504060767553
1484.3916015625 0.9998295953401237 0.00017622603551994804
1484.4332885742188 1.0002960487347101 0.00017626890041555978
1484.4541015625 1.000176250827597 0.00017633555814575153
1484.4749145507812 0.9996557031060817 0.00017633967821717472
1484.4957885742188 1.0001409772315972 0.00017632691978940125
1484.5166015625 0.9998164373694269 0.00017643517730421188
1484.5374145507812 1.0001620863674514 0.00017633165595723173
1484.5582885742188 1.000036944172316 0.0001763033184019414
1484.5791015625 1.0000144208027801 0.00017621323463415546
1484.5999145507812 1.000235495452505 0.00017629552319985104
1484.6207885742188 0.9994308808552237 0.00017631880021731208
1484.6416015625 1.0002821416201118 0.0001763036503185861
1484.6624145507812 1.000073275440864 0.00017629889520614825
1484.6832885742188 0.9998260924982428 0.0001763112421330844
1484.7041015625 0.9998203252235934 0.00017640360911404254
1484.7249145507812 1.000206420437191 0.00017643827769498865
1484.7457885742188 1.0000898961286877 0.0001763154010092966
1484.7666015625 0.9995615227848136 0.00017630718520357644
1484.7874145507812 0.9996347254383903 0.00017628901944355312
1484.8082885742188 0.9993049058554495 0.00017629513877100153
1484.8291015625 0.9988194530549203 0.0001763107656576894
1484.8499145507812 0.999521566886631 0.00017631309661859438
1484.8707885742188 1.0004697888655076 0.00017630993478807966
1484.8916015625 0.9997650004956509 0.00017641463961840464
1484.9124145507812 1.000193127186523 0.00017629932740211357
1484.9332885742188 1.0004826864627328 0.0001763682458784556
1484.9541015625 0.9999339458229789 0.0001763812430100728
1484.9749145507812 0.9992838699254298 0.0001762917517898078
1484.9957885742188 1.0002303757544326 0.00017643513784062337
1485.0166015625 0.9999660965777984 0.00017632543321699883
1485.0374145507812 1.0000737290698698 0.00017624478019256492
1485.0582885742188 1.0004914945421493 0.00017628096793665686
1485.0791015625 0.9994822522582865 0.00017625835216563047
1485.0999145507812 0.9999464139042932 0.00017628337356432913
1485.1207885742188 1.0003062885763008 0.00017625176054513402
1485.1416015625 0.9996876011569193 0.00017630939035797967
1485.1624145507812 1.0000888330251374 0.00017622637378371495
1485.1832885742188 0.9998896479218866 0.00017631964229956678
1485.2041015625 1.0003073325355292 0.00017626950694067176
1485.2249145507812 1.0002797157060064 0.0001762879375997532
1485.2457885742188 0.9993692244712202 0.00017624801457774027
1485.2666015625 1.0001123981845372 0.0001763041592293561
1485.2874145507812 1.0002771142379479 0.00017636199260999728
1485.3082885742188 0.9994139691529681 0.00017628651662465378
1485.3291015625 1.0006795162002393 0.00017627352899479454
1485.3499145507812 0.9999892605399754 0.0001763035042178876
1485.3707885742188 0.9997149789048089 0.00017624088098797109
1485.3916015625 0.9999143162478734 0.0001763179173245764
1485.4124145507812 0.9999195881078843 0.00017635450832059212
1485.4332885742188 1.0001719641612083 0.00017636211576616413
1485.4541015625 1.000443009823906 0.00017633634136422384
1485.4749145507812 0.9992550982283922 0.0001762965441587971
1485.4957885742188 0.9998012256013588 0.00017625870034714794
1485.5166015625 1.0006973429933763 0.00017631383340015056
1485.5374145507812 1.0004923393554492 0.00017640956602137472
1485.5582885742188 0.9995677915173196 0.00017631014064941743
1485.5791015625 0.9998097972415234 0.000176255770541119
1485.5999145507812 0.9993515518395547 0.0001762960959072932
1485.6207885742188 0.9999292488368765 0.0001763291245986393
1485.6416015625 1.0009921390563334 0.00017634138189864313
1485.6624145507812 1.0002674852316706 0.0001762961922408846
1485.6832885742188 0.9996549582441109 0.00017628272516440432
1485.7041015625 0.9994023715910815 0.00017628461089242093
1485.7249145507812 0.9999905425882162 0.0001762903939639128
1485.7457885742188 1.0005603463084425 0.00017637844698365393
1485.7666015625 0.9999117410487429 0.0001764124755905618
1485.7874145507812 1.0001629389407798 0.00017655184681862317
1485.8082885742188 0.9995118816206163 0.00017632002656492937
1485.8291015625 1.000223261117509 0.00017635927971156512
1485.8499145507812 1.0000634424974937 0.00017643817826466844
1485.8707885742188 0.999772794286734 0.00017630645911597778
1485.8916015625 1.000089883149798 0.00017631963967104097
1485.9124145507812 0.9998881591188172 0.0001764004351771299
1485.9332885742188 1.0007549345212714 0.00017642777197488608
1485.9541015625 0.9994514728084279 0.00017631536891169665
1485.9749145507812 0.9994449733924583 0.00017643013869405309
1485.9957885742188 0.9999472898120864 0.00017629413131496464
1486.0166015625 1.0004011748985595 0.00017625409573567122
1486.0374145507812 0.9997481234787023 0.00017623635253370172
1486.0582885742188 1.0002512109645896 0.0001762955137859661
1486.0791015625 1.000056372190873 0.00017630298506928
1486.0999145507812 0.999874103109285 0.0001763748157664694
1486.1207885742188 0.999812577733445 0.000176333001979987
1486.1416015625 1.0007334092433118 0.0001764280632532144
1486.1624145507812 1.000336703719715 0.00017640980284200036
1486.1832885742188 1.0001703658909475 0.00017637129886436482
1486.2041015625 1.000139337248684 0.00017643792069008474
1486.2249145507812 0.9999631182664104 0.00017630675067668966
1486.2457885742188 0.9992347147735576 0.00017624304951152368
1486.2666015625 0.9998586801113548 0.00017631014491476646
1486.2874145507812 1.0003627063445595 0.00017625193735492514
1486.3082885742188 1.0004546436346398 0.00017628504460036185
1486.3291015625 1.0002041318142811 0.0001763049426504574
1486.3499145507812 1.000070316387717 0.00017637117502950606
1486.3707885742188 0.9993045047832179 0.0001763342497747653
1486.3916015625 0.9996077888686299 0.0001764991450087299
1486.4124145507812 0.9999960481383665 0.000176432223486843
1486.4332885742188 1.0004021907271936 0.00017635251140030089
1486.4541015625 1.0003447199643776 0.0001762254980890844
1486.4749145507812 0.9997622023138284 0.00017617274492545286
1486.4957885742188 0.9999424562573679 0.0001762427198112038
1486.5166015625 1.0002514730574517 0.00017626534778973665
1486.5374145507812 0.9997022889359026 0.00017624555874794413
1486.5582885742188 1.0000129123495078 0.0001763165655875833
1486.5791015625 1.000417747633911 0.0001762065187039461
1486.5999145507812 0.9994780968520023 0.00017638189732003049
1486.6207885742188 1.0005365454503639 0.00017635991894602044
1486.6416015625 0.9993549198433058 0.00017629815163721935
1486.6624145507812 1.0004092129060296 0.00017629754277241467
1486.6832885742188 1.0000680950792507 0.00017635300089019704
1486.7041015625 0.999505331954434 0.00017632227350918662
1486.7249145507812 0.9998352696465181 0.0001762223850703226
1486.7457885742188 1.0007069343439006 0.0001762526149424853
1486.7666015625 0.9997742105309939 0.0001762847694010099
1486.7874145507812 0.9998629916739762 0.00017620697130418185
1486.8082885742188 1.0007363014527906 0.00017631012945590644
1486.8291015625 0.9994968990838016 0.00017623301807411702
1486.8499145507812 0.9998482875160893 0.0001762099868642676
1486.8707885742188 0.9995582171613719 0.00017630784726835376
1486.8915405273438 1.0001249919844584 0.00017629443557989585
1486.9124145507812 1.0005816001031302 0.00017622816210695696
1486.9332275390625 1.000040829947691 0.00017616947362847644
1486.9540405273438 0.9999368740038788 0.00017621273161402059
1486.9749145507812 0.9997017857777615 0.00017643285409748842
1486.9957275390625 1.0000567868945602 0.00017623842232663108
1487.0165405273438 1.0003938989935428 0.00017636868546643236
1487.0374145507812 0.9995855328945746 0.00017620292984574365
1487.0582275390625 0.9994376292563125 0.00017627068351394696
1487.0790405273438 1.000681651085531 0.00017622856422133226
1487.0999145507812 1.0001949500181404 0.00017626182511992997
1487.1207275390625 0.9995788232561271 0.00017630148745527793
1487.1415405273438 1.0004042972720604 0.0001762137974696337
1487.1624145507812 1.0002931802396233 0.000176255260495636
1487.1832275390625 0.9992973524728621 0.00017619112161415372
1487.2040405273438 0.9996904897199946 0.00017618062120884222
1487.2249145507812 1.0002560163852878 0.00017619685520111884
1487.2457275390625 1.0003640771811282 0.00017627998917446442
1487.2665405273438 1.0005479474426184 0.0001762287148029457
1487.2874145507812 0.9994985934856182 0.00017627634008722873
1487.3082275390625 0.9999502124853052 0.00017617481715671688
1487.3290405273438 0.999640270944889 0.00017622811170257347
1487.3499145507812 0.9995156485752336 0.00017624286678910754
1487.3707275390625 0.9997540809870427 0.00017625078198419666
1487.3915405273438 0.9993337957928538 0.0001763134243075125
1487.4124145507812 0.9997653449560002 0.00017616056520304888
1487.4332275390625 0.9997407289068965 0.000176225551059936
1487.4540405273438 1.00039881558603 0.00017618979137163217
1487.4749145507812 0.9999547523818995 0.00017636864971909693
1487.4957275390625 0.9999617291406584 0.00017627461892985293
1487.5165405273438 0.9999982154534797 0.00017623904654108936
1487.5582275390625 1.000057113848482 0.00017626501090059655
1487.5790405273438 1.0000775060975422 0.00017640055510612963
1487.5999145507812 1.0001554010792373 0.00017623131452863548
1487.6207275390625 1.000197639793414 0.0001761984218102057
1487.6415405273438 0.9995186140312757 0.00017627699978695015
1487.6624145507812 1.000275181562462 0.00017630497443924448
1487.6832275390625 0.99960713305658 0.0001763006904373812
1487.7040405273438 1.0002127621708634 0.00017625029794092958
1487.7249145507812 1.0004918477305174 0.00017637185569456993
1487.7457275390625 0.9995215310811498 0.00017628133340049222
1487.7665405273438 0.9998661418118459 0.00017642266124582746
1487.7874145507812 0.9998362151784502 0.00017629489291197457
1487.8082275390625 1.0003025847904126 0.00017634747295713438
1487.8290405273438 1.000616531662971 0.00017624383376340402
1487.8499145507812 0.9995755737038219 0.00017620188334765033
1487.8707275390625 0.9997905261214156 0.0001762147854780197
1487.8915405273438 0.9994144063869188 0.00017629625357008598
1487.9124145507812 1.0005086457877064 0.00017632626632229183
1487.9332275390625 1.000657497213064 0.0001762560121553294
1487.9540405273438 1.0001444928907175 0.0001762684356376346
1487.9749145507812 0.9992466438019979 0.00017636425942327839
1487.9957275390625 0.9997604576245598 0.00017639931555980142
1488.0165405273438 1.000339995322152 0.00017629579745076304
1488.0374145507812 0.9998540759269604 0.00017622368141033702
1488.0582275390625 0.9994973232980706 0.00017630661576935794
1488.0790405273438 1.000648032116909 0.0001761701238589802
1488.0999145507812 1.000293396095118 0.00017617931853769144
1488.1207275390625 1.0001749241183058 0.00017617082095659748
1488.1415405273438 0.9998549818271973 0.00017630235070709111
1488.1624145507812 0.9995579258062166 0.0001764144007366084
1488.1832275390625 0.9997116498701176 0.00017627015138563823
1488.2040405273438 0.9999756833894362 0.00017628883964799564
1488.2249145507812 1.0007732005553078 0.0001762100658260968
1488.2457275390625 0.9998916634484385 0.00017625532556513998
1488.2665405273438 0.999687810187692 0.00017619921881246311
1488.2874145507812 0.9999591894844726 0.00017621468960030143
1488.3082275390625 1.0000438884612823 0.00017635940361636107
1488.3290405273438 1.0001781224018953 0.00017617586868594036
1488.3499145507812 0.9998625087470132 0.00017619032626271244
1488.3707275390625 0.9998802715611179 0.00017617651465588359
1488.3915405273438 1.0002656991248913 0.0001762360228117831
1488.4124145507812 0.9999534112945369 0.00017619129251979923
1488.4332275390625 0.9999588789277178 0.0001763887024007798
1488.4540405273438 1.000055849944957 0.00017628527918282794
1488.4749145507812 1.000154328993313 0.00017628300200974223
1488.4957275390625 0.9996629456394467 0.00017639936465537395
1488.5165405273438 1.0001537830504472 0.00017630627289636237
1488.5374145507812 0.9998317377402791 0.00017628248122338058
1488.5582275390625 1.0000489654562472 0.00017624756916800728
1488.5790405273438 0.9999889180993575 0.00017626251873840328
1488.5999145507812 1.0000403992315188 0.00017635533697895304
1488.6207275390625 0.9992671176169836 0.00017613977226838736
1488.6415405273438 0.9989683895791767 0.0001761368619694576
1488.6624145507812 0.9991308263766876 0.00017621726340135557
1488.6832275390625 0.9995960688539817 0.00017620346411033832
1488.7040405273438 0.9991378525366867 0.00017612404882090174
1488.7249145507812 0.9991919988052569 0.000176311465641491
1488.7457275390625 0.9994968622117844 0.00017623510249469877
1488.7665405273438 1.0003175275136953 0.0001762786924153168
1488.7874145507812 0.9991275757135132 0.00017621130441697455
1488.8082275390625 1.0005063175956914 0.00017633770791805747
1488.8290405273438 0.9997162381210586 0.00017625968126299145
1488.8499145507812 1.0004371410352886 0.00017628903792915072
1488.8707275390625 1.000453744656886 0.00017623350941798778
1488.8915405273438 0.9995314617865473 0.00017616848222827986
1488.9124145507812 1.0001454398723686 0.0001761886291325145
1488.9332275390625 0.999778129816403 0.00017619786211503025
1488.9540405273438 0.9995605930970585 0.00017617593103698843
1488.9749145507812 1.0006972798866482 0.0001761492221598611
1488.9957275390625 0.9996682995480546 0.00017612831829006022
1489.0165405273438 1.0006260626801613 0.00017613981329074211
1489.0374145507812 0.9996741390068997 0.00017622789179744724
1489.0582275390625 0.999899329588715 0.00017619294214370963
1489.0790405273438 0.9998679304065725 0.00017618084319356083
1489.0999145507812 1.0000215151597809 0.00017621709750285578
1489.1207275390625 0.9999737641357648 0.00017625062607503914
1489.1415405273438 1.000077422402611 0.00017619820315619697
1489.1624145507812 1.0001033686502279 0.00017616248492491158
1489.1832275390625 1.0002609650242509 0.00017614041076072448
1489.2040405273438 0.9993363753227013 0.00017615677605286592
1489.2249145507812 1.0001339142368908 0.00017621223555126217
1489.2457275390625 1.0003195421100428 0.00017615342074880116
1489.2665405273438 1.0000621416445323 0.00017620408137130093
1489.2874145507812 0.9999444307912173 0.00017621710462114234
1489.3082275390625 0.9998264353355755 0.00017623659035631865
1489.3290405273438 1.0000563155302225 0.00017619439103648167
1489.3499145507812 0.9998470224315856 0.00017634010971805973
1489.3707275390625 0.9998848880417411 0.00017612273186995287
1489.3915405273438 1.0003365080207425 0.00017622133588158194
1489.4124145507812 1.000068923752008 0.00017615505640927287
1489.4332275390625 1.000247605920788 0.00017611957315195455
1489.4540405273438 0.999216151235197 0.00017617572127166564
1489.4749145507812 1.0000877829646102 0.00017623581283845476
1489.4957275390625 1.0002052050736643 0.0001763433705600068
1489.5165405273438 1.0006892745250395 0.00017617609670637766
1489.5374145507812 0.9998199090357704 0.00017619236193984207
1489.5582275390625 0.9991794777850993 0.00017611690099263183
1489.5790405273438 1.0002827156341696 0.00017618803636851145
1489.5999145507812 1.0000005748321124 0.00017617600529386686
1489.6207275390625 0.9998117074894913 0.00017610400382799611
1489.6415405273438 1.0002865754813417 0.00017606435953702564
1489.6624145507812 1.0003433684782521 0.00017606354386081273
1489.6832275390625 0.9998870187968237 0.00017609933299718108
1489.7040405273438 0.9998088258556139 0.00017617280962539677
1489.7249145507812 0.9997883497799287 0.00017605294978176005
1489.7457275390625 1.0001650915570046 0.0001761205913584078
1489.7665405273438 1.0002860488097771 0.0001760531561733803
1489.7874145507812 0.9993723054313769 0.00017627339758019542
1489.8082275390625 1.0004048617133934 0.00017612311009432567
1489.8290405273438 1.0000795134118285 0.00017613725293369716
1489.8499145507812 0.9998313129036184 0.0001762533977378243
1489.8707275390625 1.000149047612464 0.00017611896977209963
1489.8915405273438 0.9998997089908928 0.00017615155726053946
1489.9124145507812 1.0000192751137393 0.00017624481763482233
1489.9332275390625 1.0008200524628945 0.00017630913345436598
1489.9540405273438 1.0006363912988443 0.00017624909531662527
1489.9749145507812 1.000982619060064 0.00017647338651721102
1489.9957275390625 1.0007543196504258 0.00017637359478204004
1490.0165405273438 1.0010621659150585 0.0001763634285509372
1490.0374145507812 1.0016319301387278 0.00017644314429913227
