time flux flux_err
1653.9510498046875 1.0000341582905545 6.11663934754574e-05
1653.9718627929688 0.9999791434657611 6.117060140820075e-05
1653.9927368164062 0.999919790874707 6.117223649710901e-05
1654.0135498046875 1.0000376414110927 6.117672092574653e-05
1654.0343627929688 0.9999931867403861 6.121738047783527e-05
1654.0552368164062 1.0000368530641106 6.126603150538483e-05
1654.0760498046875 1.0000681563041518 6.133545151563375e-05
1654.0968627929688 1.0000216677598557 6.142646122642304e-05
1654.1177368164062 0.9999531907935622 6.155462152956471e-05
1654.1386108398438 0.9999500960751831 6.165048905913379e-05
1654.159423828125 1.0000492490687194 6.174688320362304e-05
1654.1802368164062 0.9999246963186459 6.18569836348745e-05
1654.2011108398438 0.999898868526979 6.195946861173605e-05
1654.221923828125 1.0001718359887881 6.207758585555093e-05
1654.2427368164062 1.000072701102884 6.215439766121567e-05
1654.2636108398438 0.9998454809530354 6.222111713474982e-05
1654.284423828125 1.0000305417263355 6.228297998038582e-05
1654.3052368164062 0.9999791880433302 6.232489210881116e-05
1654.3261108398438 1.0000152311282642 6.236669516836751e-05
1654.346923828125 1.000023598453335 6.239693379709223e-05
1654.3677368164062 0.9999872282792701 6.244335138251746e-05
1654.3886108398438 1.000023846020317 6.248374534048556e-05
1654.409423828125 1.0000659654386923 6.253381659744969e-05
1654.4302368164062 0.9998463233993259 6.25560555600307e-05
1654.4511108398438 1.0002089310089493 6.259163667918267e-05
1654.471923828125 0.9999611801104589 6.259493997556108e-05
1654.4927368164062 0.9997515435732232 6.259921342003679e-05
1654.534423828125 1.0000284205268326 6.262766771692133e-05
1654.5552368164062 1.0000822711395514 6.262824114480962e-05
1654.5761108398438 1.000165016842332 6.261291756005555e-05
1654.596923828125 0.9999376724627513 6.259875663024934e-05
1654.6177368164062 0.9998996154187441 6.256500244269619e-05
1654.6386108398438 1.0000786275454467 6.254449895106311e-05
1654.659423828125 0.9999374952801995 6.249332572256356e-05
1654.6802368164062 1.0000870821776313 6.245064904910534e-05
1654.7011108398438 0.9999940818735811 6.241467814417215e-05
1654.721923828125 0.9998790362975704 6.240376865802328e-05
1654.7427368164062 1.0001322608735663 6.237600829782079e-05
1654.7636108398438 0.9999540668956377 6.235107441888619e-05
1654.784423828125 0.9998372416937636 6.233789223950024e-05
1654.8052368164062 1.0000945136286095 6.231960615342632e-05
1654.8261108398438 1.000100816951405 6.22905439511163e-05
1654.846923828125 0.9999378809553782 6.226451170069569e-05
1654.8677368164062 1.0001479843246779 6.223549762170838e-05
1654.8886108398438 0.9997363320800333 6.218745067735861e-05
1654.909423828125 1.0001239403044773 6.217178239172923e-05
1654.9302368164062 1.0000902463668395 6.212787726619535e-05
1654.9511108398438 0.9998897365109126 6.212591709843809e-05
1654.971923828125 1.0000718046944361 6.211258302954895e-05
1654.9927368164062 0.9998950556472767 6.207582969414872e-05
1655.0136108398438 1.0000110049848603 6.207451189195458e-05
1655.034423828125 1.0000323345469557 6.205862919781471e-05
1655.0552368164062 1.0000027998055785 6.20651006303028e-05
1655.0761108398438 1.0000189707916927 6.207294586983327e-05
1655.096923828125 0.9999653241051517 6.206271795457705e-05
1655.1177368164062 1.0000748119730556 6.207582901162793e-05
1655.1386108398438 1.0000156783090348 6.206954015719795e-05
1655.159423828125 0.9999103678163457 6.207099568968792e-05
1655.1802368164062 0.999955317142146 6.205115449715784e-05
1655.2011108398438 0.999976616580781 6.204807279616661e-05
1655.221923828125 1.0001852542232759 6.204536168243488e-05
1655.2427368164062 1.0000454587597911 6.203509823140393e-05
1655.2636108398438 0.9998530589191322 6.20012549679246e-05
1655.284423828125 0.9999419065942887 6.19905592535281e-05
1655.3052368164062 1.0000738637809787 6.199714360652371e-05
1655.3261108398438 0.9998617946573704 6.197858606011244e-05
1655.346923828125 1.000209668472308 6.198968489207879e-05
1655.3677368164062 0.9999528015796455 6.196334861263475e-05
1655.3886108398438 0.9999447446126724 6.19555320268446e-05
1655.409423828125 0.999997016141777 6.197208832582801e-05
1655.4302368164062 0.9999809154198616 6.195581045632053e-05
1655.4511108398438 1.0000927002414424 6.19700133866529e-05
1655.471923828125 1.0000716558227145 6.199036231891251e-05
1655.4927368164062 0.9998358865034433 6.197647023060565e-05
1655.5136108398438 1.00002132098748 6.199902601112975e-05
1655.534423828125 1.000007973597396 6.200574634683451e-05
1655.5552368164062 1.0000207072203062 6.201011574133776e-05
1655.5761108398438 0.9999941052353537 6.201006734787464e-05
1655.596923828125 0.999939060279991 6.201607665089425e-05
1655.6177368164062 0.9999415804788295 6.20161919852556e-05
1655.6386108398438 1.000235977991561 6.20103732327282e-05
1655.659423828125 1.000014679094145 6.200223527374225e-05
1655.6802368164062 0.9998671979642859 6.200623780501475e-05
1655.7011108398438 0.9999934201711725 6.200378544390883e-05
1655.721923828125 1.0000263804188743 6.19848890455274e-05
1655.7427368164062 0.9999580677800931 6.198678550970131e-05
1655.7636108398438 0.999931964441354 6.198014201937212e-05
1655.784423828125 1.0001522737691093 6.198804501549473e-05
1655.8052368164062 0.9998722829632171 6.197264354016897e-05
1655.8261108398438 0.9999685233538207 6.19551740487611e-05
1655.846923828125 1.000089296319097 6.1954959795765e-05
1655.8677368164062 1.0001208116829094 6.195252253767096e-05
1655.8886108398438 1.0000246017006544 6.194478733232124e-05
1655.909423828125 0.999907502572826 6.192063325421358e-05
1655.9302368164062 0.99989228493785 6.19199298190955e-05
1655.9511108398438 0.9999988316404247 6.188482773767775e-05
1655.971923828125 1.0000941823385379 6.188608468306801e-05
1655.9927368164062 0.9999646752162261 6.186432616383321e-05
1656.0136108398438 0.9999742122317199 6.187204705540305e-05
1656.034423828125 0.999911532560482 6.184898082133236e-05
1656.0552368164062 1.0001897825830373 6.18486584495995e-05
1656.0761108398438 0.9999681242855126 6.182815461193692e-05
1656.096923828125 1.0000602761565982 6.185592669991675e-05
1656.1177368164062 0.99996464966548 6.186044022403494e-05
1656.1386108398438 0.9998567650901509 6.183914778978071e-05
1656.159423828125 1.0000184810169417 6.183441133890125e-05
1656.1802368164062 1.000029137831707 6.184643797436954e-05
1656.2011108398438 1.0000221650921082 6.184807233235143e-05
1656.2219848632812 1.0000243002662517 6.183981829219404e-05
1656.2427978515625 1.0000161676725279 6.184591094441396e-05
1656.2636108398438 1.000019845821519 6.182390705524388e-05
1656.2844848632812 1.0000437573026268 6.18301894850987e-05
1656.3052978515625 0.9998393335126845 6.179555173858654e-05
1656.3261108398438 0.9999506356756794 6.179497999341728e-05
1656.3469848632812 1.0000876432632404 6.177800461922674e-05
1656.3677978515625 1.0000991586830736 6.177599731153755e-05
1656.3886108398438 1.0000770125853142 6.177296816046925e-05
1656.4094848632812 0.9997633897799532 6.176064691492936e-05
1656.4302978515625 1.0000038862915748 6.175740077520875e-05
1656.4511108398438 1.000147053835044 6.176677436513051e-05
1656.4719848632812 0.9999878564944211 6.178016763693566e-05
1656.4927978515625 0.9998868088647364 6.178234432720729e-05
1656.5136108398438 1.000061038232965 6.179128900088291e-05
1656.5344848632812 1.0000171558058149 6.179193273421439e-05
1656.5552978515625 0.999999720248 6.179397170542021e-05
1656.5761108398438 1.0000422476024409 6.180445273223224e-05
1656.5969848632812 0.9999395660823168 6.180682245926666e-05
1656.6177978515625 0.9999580631509611 6.181218641330112e-05
1656.6386108398438 0.9999472190272466 6.180832775568521e-05
1656.6594848632812 1.0001113139746383 6.179744354637723e-05
1656.6802978515625 1.0000267098886544 6.18163332935686e-05
1656.7011108398438 1.0000786766856207 6.179570214620782e-05
1656.7219848632812 0.9999454174128184 6.17997252998312e-05
1656.7427978515625 0.9999220627699849 6.180016169441685e-05
1656.7636108398438 0.9999657621942515 6.178849238003506e-05
1656.7844848632812 0.9999523074124143 6.178918811702328e-05
1656.8052978515625 1.0000171905685495 6.180786986554503e-05
1656.8261108398438 1.000165258267318 6.178649652222445e-05
1656.8469848632812 0.999971665888668 6.178644623187177e-05
1656.8677978515625 0.9999836062444463 6.178235962754412e-05
1656.8886108398438 0.9999004910292663 6.177197311074743e-05
1656.9094848632812 0.9999947443194002 6.176186953424678e-05
1656.9302978515625 1.0000921925141184 6.176589006823071e-05
1656.9511108398438 1.0000539233060166 6.173881860848972e-05
1656.9719848632812 0.9999425932405523 6.17247785155142e-05
1656.9927978515625 0.9999104967764538 6.16997018569028e-05
1657.0136108398438 1.0000656616938763 6.170537611918985e-05
1657.0344848632812 1.0000554019213133 6.169249243855851e-05
1657.0552978515625 0.9998206885281967 6.168134283333154e-05
1657.0761108398438 1.0000446751902103 6.168183862063793e-05
1657.0969848632812 1.0002349838352451 6.168357336684628e-05
1657.1177978515625 0.9999302358513643 6.16781842971821e-05
1657.1386108398438 0.9998910004241424 6.167397223135894e-05
1657.1594848632812 0.9998823099662295 6.16910131596119e-05
1657.1802978515625 1.0001565969856216 6.16944141163732e-05
1657.2011108398438 1.0000287771911442 6.167928931103577e-05
1657.2219848632812 1.0000271796158338 6.167366328141584e-05
1657.2427978515625 0.9998550225725361 6.168827943924092e-05
1657.2636108398438 1.0000845954524544 6.167386541515611e-05
1657.2844848632812 0.9999988773223961 6.166263105059132e-05
1657.3052978515625 0.9999663408430398 6.167287921151626e-05
1657.3261108398438 1.0000171443388512 6.164092143833587e-05
1657.3677978515625 0.9996289548222748 6.160835937228915e-05
1657.3886108398438 1.0000042954811519 6.161811520071463e-05
1657.4094848632812 0.999929810254207 6.158900557149878e-05
1657.4302978515625 1.000163895144596 6.160304267267996e-05
1657.4511108398438 1.000025155972861 6.161740262661054e-05
1657.4719848632812 0.999849232089853 6.159597890525451e-05
1657.4927978515625 0.9992378703282845 6.156549042759431e-05
1657.5136108398438 0.9999864547239304 6.160896473294401e-05
1657.5344848632812 0.9999006376537286 6.16179922455912e-05
1657.5552978515625 1.0001574712705175 6.164568434121682e-05
1657.5761108398438 1.0001138207095448 6.161918363754943e-05
1657.5969848632812 0.9998880216480427 6.163002613491857e-05
1657.6177978515625 0.9999581333610628 6.161872423574254e-05
1657.6386108398438 1.0001634938348638 6.163752657970368e-05
1657.6594848632812 0.9998155445626369 6.162258218378627e-05
1657.6802978515625 1.00003170732594 6.163684363746312e-05
1657.7011108398438 0.9999257930389176 6.16288468327007e-05
1657.7219848632812 1.000365783769534 6.163072417096184e-05
1657.7427978515625 1.0000584866586801 6.161668376027147e-05
1657.7636108398438 1.000032866215297 6.163400077520083e-05
1657.7844848632812 0.9999525665645281 6.163018223802777e-05
1657.8052978515625 1.0000948946068553 6.161226275757033e-05
1657.8261108398438 1.0001129074369024 6.163223928783175e-05
1657.8469848632812 0.9998413363143455 6.161590413994737e-05
1657.8677978515625 1.000044733702455 6.161954820386321e-05
1657.8886108398438 0.9997509232375403 6.159892721553913e-05
1657.9094848632812 1.0000712608812767 6.160662016066718e-05
1657.9302978515625 1.0002338356545057 6.160824129573923e-05
1657.9511108398438 1.0001513781593472 6.160972354943446e-05
1657.9719848632812 0.9997780594120056 6.157248919371651e-05
1657.9927978515625 0.9999167745343102 6.157971142816927e-05
1658.0136108398438 0.9998691831760481 6.155885565195461e-05
1658.0344848632812 1.0003798579914271 6.157490986421539e-05
1658.0552978515625 1.0001306732636632 6.155713876621748e-05
1658.0761108398438 1.0000930854108432 6.155975492704867e-05
1658.0969848632812 0.9999037958483799 6.155018007235551e-05
1658.1177978515625 1.0001635216848486 6.156300842566786e-05
1658.1386108398438 0.9999974244407374 6.155034085746846e-05
1658.1594848632812 0.9998065505515881 6.153910254250645e-05
1658.1802978515625 1.0000542352767823 6.156432901355472e-05
1658.2011108398438 1.0000071960281582 6.154559125776763e-05
1658.2219848632812 1.0000237578548108 6.15621001842572e-05
1658.2427978515625 1.0001826003080994 6.156107001548881e-05
1658.2636108398438 0.9998713342866545 6.155038828109795e-05
1658.2844848632812 0.999788645066999 6.15383832598573e-05
1658.3052978515625 1.0000834605764062 6.155810494800723e-05
1658.3261108398438 1.0000573720259405 6.153599417769565e-05
1658.3469848632812 1.0002018941270336 6.152736013878301e-05
1658.3678588867188 0.9997475683735187 6.152329072904162e-05
1658.388671875 1.0000264992519143 6.150950658975216e-05
1658.4094848632812 1.000068992489918 6.150370343663492e-05
1658.4303588867188 0.9999306706592933 6.15093625285726e-05
1658.451171875 1.000055891574517 6.151132554756712e-05
1658.4719848632812 0.9999409158318442 6.14989900035686e-05
1658.4928588867188 1.0001349772905264 6.150056210966623e-05
1658.513671875 0.9999843810399301 6.15025595047803e-05
1658.5344848632812 0.9998718787559744 6.151597920276535e-05
1658.5553588867188 1.0000477958593588 6.151971282256121e-05
1658.576171875 1.0000192219524222 6.151774870472219e-05
1658.5969848632812 1.0000048022282741 6.153627450127612e-05
1658.6178588867188 1.0000067916663167 6.152601728075554e-05
1658.638671875 0.9999755241219346 6.151950891720257e-05
1658.6594848632812 0.999889226662933 6.152470982616997e-05
1658.6803588867188 1.0000830050101552 6.15223231504504e-05
1658.701171875 1.0001198531731956 6.152091100709713e-05
1658.7219848632812 1.000010713807518 6.150868920705988e-05
1658.7428588867188 0.9999379439987213 6.150478947884513e-05
1658.763671875 0.9990519612551427 6.147402837811855e-05
1658.7844848632812 0.9993713113107119 6.14823995543158e-05
1658.8053588867188 0.9992437057558067 6.147806946461486e-05
1658.826171875 0.9997750822374423 6.149034205822476e-05
1658.8469848632812 1.0000653649624818 6.149372447605147e-05
1658.8678588867188 1.0002634139212045 6.150258677494288e-05
1658.888671875 0.999847886509344 6.147956726047693e-05
1658.9094848632812 1.0000031738296464 6.147765340170716e-05
1658.9303588867188 1.0000411183289284 6.146694701770205e-05
1658.951171875 0.9999185191898643 6.146008802109504e-05
1658.9719848632812 1.0000802652642578 6.145329195914871e-05
1658.9928588867188 0.9999916375678695 6.144961843380918e-05
1659.013671875 0.9999877898466525 6.144482302647595e-05
1659.0344848632812 1.000033179931928 6.144770010654524e-05
1659.0553588867188 0.9999590347928206 6.143089824320376e-05
1659.076171875 1.0000253648217592 6.14313257737458e-05
1659.0969848632812 0.999897148460934 6.143142341765179e-05
1659.1178588867188 0.9999484621005559 6.142687636282213e-05
1659.138671875 1.000113689642796 6.142512553350985e-05
1659.1594848632812 1.0001156512052802 6.141607154496e-05
1659.1803588867188 0.9997898564645793 6.143042972030353e-05
1659.201171875 1.0002138261602356 6.141995502496298e-05
1659.2219848632812 0.9999512169346763 6.142574538071925e-05
1659.2428588867188 0.999953024468892 6.14102774901138e-05
1659.263671875 0.999902331844619 6.141174715598903e-05
1659.2844848632812 1.0001670119195223 6.141611528739733e-05
1659.3053588867188 0.9998419580892892 6.139913538338927e-05
1659.326171875 1.000079124886762 6.14121030225672e-05
1659.3469848632812 0.9999827955365223 6.139497675477391e-05
1659.3678588867188 1.000003075190739 6.13976237226575e-05
1659.388671875 1.0003485611552005 6.13872621851055e-05
1659.4094848632812 1.0000493028515745 6.13899191032065e-05
1659.4303588867188 0.999967198754315 6.137679774037285e-05
1659.451171875 0.9998921953182733 6.137268921171334e-05
1659.4719848632812 1.0001326579257106 6.138920822279872e-05
1659.4928588867188 1.0000711074878483 6.136435768324945e-05
1659.513671875 0.9998973618383367 6.137053555769893e-05
1659.5344848632812 0.9999651837227598 6.139657083109431e-05
1659.5553588867188 0.9999200106637393 6.137869564949087e-05
1659.576171875 1.0001619597385458 6.138788932984264e-05
1659.5969848632812 1.0000132482939663 6.137956575591133e-05
1659.6178588867188 1.0000433128138444 6.137634923805683e-05
1659.638671875 0.9998254600689326 6.136742422626915e-05
1659.6594848632812 0.9999935019626309 6.137954703649632e-05
1659.6803588867188 1.0000014681590161 6.139661173416805e-05
1659.701171875 1.0000966513661356 6.137433862334516e-05
1659.7219848632812 1.0001115265065752 6.137495165248262e-05
1659.7428588867188 0.9998896136924089 6.138045147120752e-05
1659.763671875 1.0000683796314502 6.137263587147395e-05
1659.7844848632812 0.9998763377436624 6.137805353243461e-05
1659.8053588867188 0.9999111249705783 6.136971506847977e-05
1659.826171875 1.0000237427139314 6.136746999394965e-05
1659.8469848632812 1.000080682677532 6.137839644314908e-05
1659.8678588867188 1.0000399522027272 6.137043020676984e-05
1659.888671875 1.0000983886574448 6.136601259731777e-05
1659.9094848632812 0.999904339607815 6.136346006334937e-05
1659.9303588867188 1.0000348317564092 6.136852757015707e-05
1659.951171875 0.9999744467160941 6.135456383857812e-05
1659.9719848632812 0.9998810436526812 6.13633114306853e-05
1659.9928588867188 0.9999906265332414 6.135420926886249e-05
1660.013671875 1.0000622813888589 6.133488668119649e-05
1660.0344848632812 1.0000472090638133 6.134548362571291e-05
1660.0553588867188 1.0000270261142188 6.132486172932196e-05
1660.076171875 1.0000847597994849 6.132748077786128e-05
1660.0969848632812 0.9998114630292344 6.131830044250872e-05
1660.1178588867188 1.0000001261435658 6.132613553862186e-05
1660.138671875 1.0000754151859705 6.131512454970425e-05
1660.1594848632812 1.0000209191139728 6.130966601759179e-05
1660.1803588867188 1.0000309679811386 6.131439258328666e-05
1660.201171875 0.9998256300476434 6.130318527357055e-05
1660.2219848632812 1.000036667670308 6.13161779212505e-05
1660.2428588867188 1.000086766781449 6.130812247250037e-05
1660.263671875 1.000102378071702 6.130613616986876e-05
1660.2844848632812 0.9999184365461373 6.130473270342019e-05
1660.3053588867188 0.9999242894203461 6.130669621181389e-05
1660.326171875 0.9999784878138215 6.130723772490703e-05
1660.3469848632812 1.0000679080347883 6.132492645438892e-05
1660.3678588867188 0.9999865253402271 6.130438667479739e-05
1660.388671875 1.0001218530006943 6.129807024029315e-05
1660.4094848632812 0.9997744617802942 6.129142642458701e-05
1660.4303588867188 1.00008011394975 6.129036758657736e-05
1660.451171875 1.0000683133097648 6.130605520597294e-05
1660.4719848632812 1.0000330992357385 6.129105850864195e-05
1660.4928588867188 0.9999796577971654 6.128885600695277e-05
1660.513671875 0.9997982616556104 6.128630262444404e-05
1660.5344848632812 1.0001192951893467 6.130173128992507e-05
1660.5553588867188 1.0000466850435468 6.13024102606616e-05
1660.576171875 1.0000560810914483 6.13009789558287e-05
1660.5969848632812 1.0000613225418364 6.130078136645952e-05
1660.6178588867188 0.9997883863468092 6.131435597980763e-05
1660.638671875 1.0000341170349576 6.13030357911555e-05
1660.6594848632812 1.0000301942404173 6.130880110300745e-05
1660.6803588867188 0.9999237125078512 6.13178150211944e-05
1660.7012329101562 1.000105694910386 6.132065373803291e-05
1660.7428588867188 1.0000775431565108 6.130549931755076e-05
1660.7637329101562 0.9999950564777029 6.13046871991611e-05
1660.7845458984375 1.0000194514330596 6.130151087377995e-05
1660.8053588867188 0.9997810323982887 6.128918020548965e-05
1660.8262329101562 0.999988701720464 6.130214271781875e-05
1660.8470458984375 1.0001178063632723 6.13070439772621e-05
1660.8678588867188 1.0000735794673494 6.130383810442815e-05
1660.8887329101562 0.9999165796834658 6.12992341464628e-05
1660.9095458984375 1.0000099892634213 6.130266830819526e-05
1660.9303588867188 0.9999855130692425 6.129981023409235e-05
1660.9512329101562 1.0001042551848653 6.130255827419214e-05
1660.9720458984375 0.9998277068456596 6.128101854864458e-05
1660.9928588867188 1.0000542411882198 6.128243131869184e-05
1661.0137329101562 0.9999924690331278 6.128202064104259e-05
1661.0345458984375 1.0000994134193033 6.128597128726268e-05
1661.0553588867188 1.000077436165773 6.127597299385035e-05
1661.0762329101562 0.9998825264461687 6.128522490123345e-05
1661.0970458984375 1.0000140564570303 6.128340931817972e-05
1661.1178588867188 1.0004548982472852 6.128737785068607e-05
1661.1387329101562 0.9999345954399784 6.126615162967285e-05
1661.1595458984375 0.999907940032422 6.127843408452987e-05
1661.1803588867188 1.000195628836812 6.126589971753851e-05
1661.2012329101562 0.9999045916501522 6.127810251355821e-05
1661.2220458984375 1.0000705230647955 6.127523424363677e-05
1661.2428588867188 0.9999135737078814 6.12739324146827e-05
1661.2637329101562 0.9999678706773558 6.126930551530572e-05
1661.2845458984375 1.0000734125945547 6.127301528092242e-05
1661.3053588867188 1.0000433739226604 6.127586507710656e-05
1661.3262329101562 0.9999819007601115 6.126262264925816e-05
1661.3470458984375 0.9999896707988971 6.127111019478083e-05
1661.3678588867188 0.9998999567166375 6.125631695422084e-05
1661.3887329101562 1.0001104143321646 6.126660397271018e-05
1661.4095458984375 1.0000486392883132 6.125411063897633e-05
1661.4303588867188 0.9999342840622578 6.12505948255488e-05
1661.4512329101562 1.0001028802511793 6.125945098991958e-05
1661.4720458984375 0.9997652892259257 6.126232121784492e-05
1661.4928588867188 1.0001132339026535 6.126686474751142e-05
1661.5137329101562 0.9999925946239155 6.12850659151204e-05
1661.5345458984375 0.9999549873112842 6.127175361150018e-05
1661.5553588867188 1.000102180686885 6.127759317664539e-05
1661.5762329101562 0.9999838023584617 6.12765655146557e-05
1661.5970458984375 1.00002788576161 6.127155014370158e-05
1661.6178588867188 1.0000249534589454 6.129549568238948e-05
1661.6387329101562 0.9998297750434388 6.128003337159223e-05
1661.6595458984375 1.000057431958287 6.129435972271083e-05
1661.6803588867188 1.0000613770676479 6.129119084530656e-05
1661.7012329101562 1.0000692617647438 6.12957654807217e-05
1661.7220458984375 0.9998315532995511 6.128836236380125e-05
1661.7428588867188 0.9998955083407638 6.130186861809843e-05
1661.7637329101562 1.000213446014582 6.13040466082023e-05
1661.7845458984375 1.0000416150029159 6.129201214280043e-05
1661.8053588867188 1.0001062991352108 6.129040358543888e-05
1661.8262329101562 0.9998358715277834 6.13022828888397e-05
1661.8470458984375 0.9999162158458226 6.130218962831865e-05
1661.8678588867188 0.999915785954016 6.129240705465738e-05
1661.8887329101562 1.0001621665544365 6.129985690022273e-05
1661.9095458984375 1.0000269357870764 6.1303289157935e-05
1661.9303588867188 1.0000548183439264 6.131142075743426e-05
1661.9512329101562 0.9999363375863859 6.130547576161256e-05
1661.9720458984375 0.9998459356289588 6.130340978111031e-05
1661.9928588867188 1.0000929946925716 6.131561972202231e-05
1662.0137329101562 1.0000467341094983 6.13094211345658e-05
1662.0345458984375 1.000034031021319 6.128519462475199e-05
1662.0553588867188 0.9999801997081971 6.130099494577023e-05
1662.0762329101562 0.9999238874451527 6.129246965570506e-05
1662.0970458984375 1.0000201955402424 6.12895890797505e-05
1662.1178588867188 1.0001148972467149 6.129680481654216e-05
1662.1387329101562 0.9998756071183973 6.128278149849608e-05
1662.1595458984375 1.0001111951806438 6.127463651464645e-05
1662.1803588867188 0.9998272340098435 6.127184251154214e-05
1662.2012329101562 1.000053366259248 6.129181708300825e-05
1662.2220458984375 1.0000747223689062 6.128484271302404e-05
1662.2428588867188 0.9999830331180943 6.127921887416962e-05
1662.2637329101562 1.000008131477463 6.12762490107169e-05
1662.2845458984375 1.0000416434517316 6.127919825764205e-05
1662.3053588867188 0.9998759544217763 6.126928685629147e-05
1662.3262329101562 1.000021704004986 6.126845858907121e-05
1662.3470458984375 1.0000014490637015 6.126927199275433e-05
1662.3678588867188 1.0000573899376284 6.126508339087183e-05
1662.3887329101562 1.0000697768551279 6.126697521790649e-05
1662.4095458984375 0.9998966049897511 6.12682941228167e-05
1662.4303588867188 0.9999404246300758 6.125514540077913e-05
1662.4512329101562 1.0000542391450853 6.125867108499496e-05
1662.4720458984375 1.0000721365274137 6.126819425266914e-05
1662.4928588867188 1.0000094531775023 6.126687016064523e-05
1662.5137329101562 0.9999056441193616 6.126274878412449e-05
1662.5345458984375 0.9999827407203207 6.125901871244219e-05
1662.5553588867188 1.0000604908207427 6.127288703871954e-05
1662.5762329101562 0.9999711463616017 6.128084819978977e-05
1662.5970458984375 1.0000157662280516 6.127642428113432e-05
1662.6178588867188 1.0000617511385324 6.128376262813662e-05
1662.6387329101562 1.0000183860778005 6.128021370699856e-05
1662.6595458984375 0.9998970258216545 6.127657940238848e-05
1662.6803588867188 0.9999509410105716 6.128697369706714e-05
1662.7012329101562 0.9999909640350793 6.128345582222315e-05
1662.7220458984375 1.0000617207871567 6.127866688496185e-05
1662.7428588867188 1.0000336218651213 6.12938360531598e-05
1662.7637329101562 1.0000393462092243 6.128823161586679e-05
1662.7845458984375 1.0000655540619636 6.128002624636311e-05
1662.8053588867188 0.999918783767575 6.128637510664824e-05
1662.8262329101562 0.999910757603568 6.128649844758735e-05
1662.8470458984375 0.9999552446480304 6.128608821922063e-05
1662.8678588867188 1.000086554367751 6.12859759694151e-05
1662.8887329101562 0.9999751824018672 6.129486696749141e-05
1662.9095458984375 1.000102639847967 6.127744215632348e-05
1662.9303588867188 0.9999566571307822 6.127104803116917e-05
1662.9512329101562 0.9999654924514488 6.12744546456239e-05
1662.9720458984375 1.0000641145854323 6.128496432103269e-05
1662.9928588867188 0.99986137198503 6.128432455348933e-05
1663.0137329101562 1.0000664588706172 6.1278443524334e-05
1663.0345458984375 1.0000367239811399 6.126691962786974e-05
1663.0553588867188 1.0000997674424823 6.126353206888675e-05
1663.0762329101562 0.9998380646954248 6.126613742858615e-05
1663.0970458984375 0.9999710260175869 6.125870381744676e-05
1663.1178588867188 1.0000715627125576 6.125211704610508e-05
1663.1387329101562 1.000029351168927 6.125941832887466e-05
1663.1595458984375 0.9999589562828998 6.126246514389089e-05
1663.1803588867188 1.0000421724252029 6.125453509798302e-05
1663.2012329101562 1.0000371046584733 6.127128361281023e-05
1663.2220458984375 0.9999393264564871 6.124953172706281e-05
1663.2428588867188 0.9999289275377262 6.125469421177744e-05
1663.2637329101562 1.0000526426665444 6.124941620589624e-05
1663.2846069335938 0.999938988692958 6.124976006854294e-05
1663.305419921875 1.0000310059959225 6.125124421968988e-05
1663.3262329101562 1.000008229120535 6.12383623999981e-05
1663.3471069335938 1.0002052049210162 6.123277327629564e-05
1663.367919921875 0.9999700495586742 6.124536761315327e-05
1663.3887329101562 0.9997935248096681 6.123735316937714e-05
1663.4096069335938 0.9998612038384289 6.122198243214295e-05
1663.430419921875 1.0001592894302072 6.123810256403853e-05
1663.4512329101562 1.0002101785195987 6.123507657004148e-05
1663.4721069335938 0.9999214943382133 6.122581515162221e-05
1663.492919921875 0.9998898456918971 6.122415050866058e-05
1663.5137329101562 1.0000265285252428 6.124091323235832e-05
1663.5346069335938 0.9999645063126057 6.124021216059961e-05
1663.555419921875 0.9999845254703329 6.123833312413074e-05
1663.5762329101562 1.000058569718515 6.123611448454521e-05
1663.5971069335938 1.0000550264769834 6.124013962856686e-05
1663.617919921875 0.999910031777337 6.1245253228179e-05
1663.6387329101562 0.9999365248286989 6.123527129885733e-05
1663.6596069335938 1.0000583694403247 6.124107790054671e-05
1663.680419921875 1.0000822966226486 6.123771773288704e-05
1663.7012329101562 0.999965237650554 6.124061845870874e-05
1663.7221069335938 1.000065009773991 6.123665968195072e-05
1663.742919921875 0.9998824611069006 6.124570765084732e-05
1663.7637329101562 1.000092640029224 6.125384448457013e-05
1663.7846069335938 0.9999021065104235 6.124418630088983e-05
1663.805419921875 0.9999696963159808 6.124899486069993e-05
1663.8262329101562 1.0000345513622575 6.123946755454718e-05
1663.8471069335938 1.0000313077574947 6.123685242972535e-05
1663.867919921875 1.0001088543522907 6.123443852086496e-05
1663.8887329101562 0.9999075397072168 6.122341562065191e-05
1663.9096069335938 0.9999543010912085 6.122962176854475e-05
1663.930419921875 0.999885480508107 6.122670511669711e-05
1663.9512329101562 1.000267075946181 6.123367536912555e-05
1663.9721069335938 0.9999527046107269 6.12190948866974e-05
1663.992919921875 0.9998810191868424 6.12175675446549e-05
1664.0137329101562 1.0000277194847291 6.12167434941275e-05
1664.0346069335938 1.0000139046660377 6.120906688699294e-05
1664.055419921875 1.0001040222293975 6.121026603163939e-05
1664.0762329101562 0.9999340773405576 6.120476332615442e-05
1664.117919921875 0.999903348774137 6.11803987762586e-05
1664.1387329101562 0.9999436174188073 6.117307052401354e-05
1664.1596069335938 1.00012357412462 6.118349454135288e-05
1664.180419921875 1.0000104509705916 6.120711282713877e-05
1664.2012329101562 1.0000492786623707 6.117528523119515e-05
1664.2221069335938 0.9999490373019979 6.11785232568611e-05
1664.242919921875 1.0000153342627904 6.119074602848643e-05
1664.2637329101562 0.9999782753348105 6.119329981353635e-05
1664.2846069335938 0.9999501629503578 6.119037052342984e-05
1664.305419921875 1.0000504958718983 6.118844857482552e-05
1664.3262329101562 0.9999454186373928 6.118556257657702e-05
1664.3471069335938 1.0000790285343997 6.118480075222317e-05
1664.367919921875 1.0000335509906977 6.11794212646297e-05
1664.3887329101562 0.9998944013678025 6.117095371171447e-05
1664.4096069335938 1.0000448062284542 6.117942980823037e-05
1664.430419921875 0.9999639518039473 6.116703403227252e-05
1664.4512329101562 0.9999946039135877 6.116546890371223e-05
1664.4721069335938 1.0000815567965473 6.118866488197318e-05
1664.492919921875 1.0000125754678053 6.117901831374807e-05
1664.5137329101562 1.000083929812731 6.116899471736609e-05
1664.5346069335938 0.9997753661563207 6.11559056986809e-05
1664.555419921875 0.9999842719606037 6.116097230851025e-05
1664.5762329101562 1.000050637221504 6.118920430201201e-05
1664.5971069335938 1.0000530227614997 6.117014183798035e-05
1664.617919921875 1.0000796474070026 6.116081163081588e-05
1664.6387329101562 0.9999941649540708 6.116297485606407e-05
1664.6596069335938 0.9998833752508377 6.115781773187051e-05
1664.680419921875 0.999962110919451 6.115289329436934e-05
1664.7012329101562 1.0000209353248033 6.114944760079323e-05
1664.7221069335938 1.0001190536953075 6.116339235475585e-05
1664.742919921875 1.0000244815259605 6.11552531327898e-05
1664.7637329101562 0.999884587812883 6.114008643299e-05
1664.7846069335938 1.000004861543503 6.113601508334483e-05
1664.805419921875 0.9999286340900695 6.115723244850955e-05
1664.8262329101562 1.0001128119535445 6.11474620999979e-05
1664.8471069335938 1.0000412748751637 6.113528140350535e-05
1664.867919921875 1.0000215481608627 6.11380928501852e-05
1664.8887329101562 0.9999027276226439 6.113395858686142e-05
1664.9096069335938 1.0003882046700185 6.113828338187765e-05
1664.930419921875 0.9998794265420654 6.112932795910684e-05
1664.9512329101562 1.0001951279800645 6.113966836226764e-05
1664.9721069335938 1.0000164017685345 6.113501891971836e-05
1664.992919921875 1.0000009383655395 6.114266204569655e-05
1665.0137329101562 0.9999043773126368 6.115709203392674e-05
1665.0346069335938 0.9999316315085007 6.11328110359113e-05
1665.055419921875 1.0000273184771418 6.1129908710173e-05
1665.0762329101562 1.0001148368142034 6.11385559134788e-05
1665.0971069335938 0.9999681752697663 6.113309889878016e-05
1665.117919921875 0.9999773617090417 6.112713328674754e-05
1665.1387329101562 1.0000557856417722 6.112810159559152e-05
1665.1596069335938 1.000124971555322 6.113496455160937e-05
1665.180419921875 0.9998721840587801 6.11381209779502e-05
1665.2012329101562 0.9994095406170178 6.112134381924403e-05
1665.2221069335938 0.9992450362859863 6.112335491952844e-05
1665.242919921875 0.9994037036282292 6.112000880086909e-05
1665.2637329101562 0.9994977653673882 6.114671846393751e-05
1665.2846069335938 1.000029661898371 6.114754685900504e-05
1665.367919921875 0.9999658382870893 6.115603833415399e-05
1665.3887329101562 1.0000645087860813 6.115902251286847e-05
1665.4096069335938 0.9998079852038649 6.113921569178362e-05
1665.430419921875 1.0000410861964886 6.115433655540611e-05
1665.4512329101562 1.0001991372655257 6.114965478600858e-05
1665.4721069335938 0.9999179640119795 6.114764293486423e-05
1665.492919921875 0.9999546793583556 6.115068060978278e-05
1665.5137329101562 1.0000016021728433 6.114499549545069e-05
1665.5346069335938 0.9999621179194225 6.115391476457438e-05
1665.555419921875 1.0001055802843808 6.114838371445057e-05
1665.5762329101562 0.9999922003708215 6.115334660050885e-05
1665.5971069335938 0.9999119793443129 6.115405260396867e-05
1665.617919921875 1.00004212571272 6.115123971657788e-05
1665.6387329101562 1.0000274701109537 6.115670738192656e-05
1665.6596069335938 0.9999760068216214 6.115029764678258e-05
1665.680419921875 1.00000762346739 6.116890295070336e-05
1665.7012329101562 0.9999722631131934 6.11645267607878e-05
1665.7221069335938 1.00001915023072 6.117940295498999e-05
1665.742919921875 0.9999804279763385 6.117296387860402e-05
1665.7637329101562 1.0000098629793306 6.117226851612817e-05
1665.7846069335938 1.0000569595129691 6.116853982874823e-05
1665.805419921875 0.9999336391293605 6.116962673907714e-05
1665.8262329101562 0.9999583628763707 6.117459013319155e-05
1665.8471069335938 1.0000379322776882 6.11847915237977e-05
1665.867919921875 1.0000528300696891 6.117416052496163e-05
1665.8887329101562 1.0000473382138535 6.117920941360953e-05
1665.9096069335938 0.9999469013889253 6.11816114316118e-05
1665.930419921875 1.0000062443721804 6.118584200457405e-05
1665.9512329101562 0.9998883193346482 6.118149903610891e-05
1665.9721069335938 0.9999861150163265 6.119707690917807e-05
1665.992919921875 1.0000942598121532 6.11777494535274e-05
1666.0137329101562 1.0000425500316295 6.118830493694169e-05
1666.0346069335938 0.99998527873437 6.118441853984112e-05
1666.055419921875 1.000013396192769 6.118774622567925e-05
1666.0762329101562 0.9999798016679321 6.119827375181891e-05
1666.0971069335938 1.0000052946781461 6.119375875966913e-05
1666.117919921875 0.9999065293085974 6.119741607173477e-05
1666.1387329101562 1.0000038486853724 6.119672671404407e-05
1666.1596069335938 1.000007880717051 6.121346736880894e-05
1666.180419921875 1.0001090812080171 6.120055853745294e-05
1666.2012329101562 0.9999946443348501 6.120767269707139e-05
1666.2221069335938 0.9999469255934961 6.119879916251483e-05
1666.242919921875 1.0000984872678582 6.120173049041279e-05
1666.2637939453125 0.9998807109642779 6.121507124921012e-05
1666.2846069335938 0.999977036222163 6.120986588065476e-05
1666.3054809570312 1.0000866574496035 6.12208817192852e-05
1666.3262939453125 0.9997835467482041 6.121523932731478e-05
1666.3471069335938 1.0002018462877826 6.121567470551928e-05
1666.3679809570312 1.0000593530736368 6.121042571848674e-05
1666.3887939453125 1.000018704088473 6.123118584821939e-05
1666.4096069335938 0.999969392977447 6.121996866396013e-05
1666.4304809570312 0.9998489276400622 6.122293899465814e-05
1666.4512939453125 0.9999888620680835 6.122119288448713e-05
1666.4721069335938 1.000003192092914 6.122774655744029e-05
1666.4929809570312 1.0001470135452248 6.123225835818345e-05
1666.5137939453125 0.9999278739131203 6.123245231120285e-05
1666.5346069335938 1.000088628231496 6.123370933857254e-05
1666.5554809570312 0.9998691994893764 6.122916812824451e-05
1666.5762939453125 1.000108188892742 6.123272861876793e-05
1666.5971069335938 0.9999455737030861 6.124119496088593e-05
1666.6179809570312 1.000060140596421 6.124104349995205e-05
1666.6387939453125 0.9999161472442398 6.123405941643842e-05
1666.6596069335938 0.999981021239007 6.12470262601499e-05
1666.6804809570312 1.000046961724571 6.123882778571444e-05
1666.7012939453125 0.9999331166525467 6.123710117088983e-05
1666.7221069335938 1.0000834926670534 6.124401885709389e-05
1666.7429809570312 0.999917849319129 6.124737290784414e-05
1666.7637939453125 1.000148844930498 6.124336232296335e-05
1666.7846069335938 0.9999903478854599 6.124661348927674e-05
1666.8054809570312 0.9999411988623631 6.125205594042814e-05
1666.8262939453125 1.000009253913933 6.12472728693928e-05
1666.8471069335938 0.999914754579501 6.125241270853381e-05
1666.8679809570312 0.9999891081105096 6.126297767623839e-05
1666.8887939453125 0.9999596784377642 6.125596820686238e-05
1666.9096069335938 1.0001389776346001 6.125605422649905e-05
1666.9304809570312 1.000016227387607 6.125596538638792e-05
1666.9512939453125 1.0000219698427042 6.12619912346643e-05
1666.9721069335938 0.9999642972058118 6.126611147492608e-05
1666.9929809570312 1.0000422365118609 6.127507682168539e-05
1667.0137939453125 0.9998538210032506 6.128225071227084e-05
1667.0346069335938 0.9999539713139958 6.126830309206833e-05
1667.0554809570312 1.0001735961722804 6.12713345103681e-05
1667.0762939453125 0.9999739320122663 6.127354701470436e-05
1667.0971069335938 0.9999853833011079 6.12773222663401e-05
1667.1179809570312 0.9999477208466434 6.12813465710841e-05
1667.1387939453125 1.0000654679449317 6.127710153136466e-05
1667.1596069335938 1.0000235276294438 6.128832929659094e-05
1667.1804809570312 0.9998293716448745 6.136294494792374e-05
1667.2012939453125 1.0000816654112985 6.128127027673253e-05
1667.2221069335938 1.0000493643394952 6.129331742542593e-05
1667.2429809570312 1.0000649014054939 6.128315023469888e-05
1667.2637939453125 0.9999249517440737 6.128405555935434e-05
1667.2846069335938 0.9999872976197305 6.128778910169017e-05
1667.3054809570312 1.0000206533349176 6.129964504111712e-05
1667.3262939453125 1.000063856795204 6.130538320118682e-05
1667.3471069335938 0.99992866684082 6.13086090025507e-05
1667.3679809570312 0.9998800498326915 6.130365273956569e-05
1667.3887939453125 1.0001332180219527 6.129828430358837e-05
1667.4096069335938 0.9999860283594804 6.13049574299951e-05
1667.4304809570312 1.0000742634101871 6.130926010422282e-05
1667.4512939453125 0.99988898170816 6.128681602188495e-05
1667.4721069335938 1.0000497081597057 6.129928773124169e-05
1667.4929809570312 0.9998795395916957 6.129878130259424e-05
1667.5137939453125 1.000075118737747 6.130302812698638e-05
1667.5346069335938 1.0000769035708557 6.129776509420057e-05
1667.5554809570312 1.0000282114402235 6.130729415238767e-05
1667.5762939453125 1.0000138244321821 6.130909308520693e-05
1667.5971069335938 0.9997505525877493 6.131035177430713e-05
1667.6179809570312 1.000143122935499 6.130734418187102e-05
1667.6387939453125 1.000055201257872 6.130382392886064e-05
1667.6596069335938 0.9999423350656892 6.131362537867384e-05
1667.6804809570312 1.000013746575793 6.132501201887251e-05
1668.6387939453125 1.0000583603761044 6.18614700439355e-05
1668.6596069335938 0.9999785672970517 6.189363841651061e-05
1668.6804809570312 0.9999787964511762 6.192369085347992e-05
1668.7012939453125 1.0000223910955053 6.197716115057264e-05
1668.7221069335938 0.9999218566836391 6.199325803983256e-05
1668.7429809570312 0.9998937541801983 6.204274980777038e-05
1668.7637939453125 0.9999666307873631 6.20966007024255e-05
1668.7846069335938 1.0001894877475819 6.21681669130646e-05
1668.8054809570312 0.9999991370415915 6.223282162492863e-05
1668.8262939453125 1.000008903401623 6.225694030151135e-05
1668.8471069335938 0.9998518030469277 6.228345899699333e-05
1668.8679809570312 1.0000018831717103 6.228529043697664e-05
1668.8887939453125 1.0001055625794029 6.229473513586032e-05
1668.9096069335938 1.0000397804759273 6.226678618104719e-05
1668.9304809570312 0.9999312829766024 6.223039558093795e-05
1668.9512939453125 0.9999721336600096 6.217398489047522e-05
1668.9721069335938 1.000055346270478 6.217112652942035e-05
1668.9929809570312 0.9999178639221507 6.213534128013466e-05
1669.0137939453125 1.0000997097533548 6.210353068724096e-05
1669.0346069335938 0.9998974531248941 6.208955118243141e-05
1669.0554809570312 1.0000730240289781 6.208945338211253e-05
1669.0762939453125 0.9999914960582331 6.206775395981151e-05
1669.0971069335938 1.0000414136248637 6.20534325557857e-05
1669.1179809570312 0.9999040086905692 6.204182187858563e-05
1669.1387939453125 1.0001231688085106 6.201486053296141e-05
1669.1596069335938 0.9998907953399943 6.200492545450643e-05
1669.1804809570312 0.9999000484893409 6.198718653532321e-05
1669.2012939453125 1.00018186180885 6.200799838215693e-05
1669.2221069335938 0.9999971675422723 6.199674204691432e-05
1669.2429809570312 0.9999689336500373 6.1986764154395e-05
1669.2637939453125 0.9999906034509178 6.198684594919078e-05
1669.2846069335938 0.9999044778848316 6.196060765939063e-05
1669.3054809570312 1.000088023026122 6.195285192318332e-05
1669.3262939453125 1.0000928352233338 6.194131565936832e-05
1669.3471069335938 0.9999100012977885 6.192972175958337e-05
1669.3679809570312 0.9999133809078242 6.191827255466583e-05
1669.3887939453125 1.000140265573177 6.191763110819875e-05
1669.4096069335938 0.9999881799848583 6.192561853339174e-05
1669.4304809570312 0.9999133188243727 6.190876428032115e-05
1669.4512939453125 0.9999203756544411 6.190754510356002e-05
1669.4721069335938 1.000206306144749 6.191893677633279e-05
1669.4929809570312 0.9999443751243897 6.19259273589205e-05
1669.5137939453125 1.0000680952757124 6.192427106095779e-05
1669.5346069335938 0.9998776923298464 6.193188074967008e-05
1669.5554809570312 0.9999589939909487 6.193158752569377e-05
1669.5762939453125 1.0000511195690258 6.195480429362402e-05
1669.5971069335938 0.9999499724118338 6.19207202584778e-05
1669.6179809570312 1.0001226194802955 6.191821183555272e-05
1669.6387939453125 0.9999825968019672 6.190162684485261e-05
1669.6596069335938 1.000014126978846 6.189522372217896e-05
1669.6804809570312 0.9998872289798545 6.186280896388083e-05
1669.7012939453125 1.0000296840769567 6.186504050227023e-05
1669.7221069335938 1.0000131742281584 6.183095419857277e-05
1669.7429809570312 1.0000253345138954 6.183299432567346e-05
1669.7637939453125 1.0000551806753797 6.1841693031744e-05
1669.7846069335938 0.9998458180157884 6.182365929899587e-05
1669.8054809570312 1.0000845204097366 6.182653571012058e-05
1669.8262939453125 1.0000759395728653 6.182588476086346e-05
1669.8471069335938 0.999905017496329 6.182696818722476e-05
1669.8679809570312 1.0001338029888946 6.183110811960885e-05
1669.8887939453125 0.9998181663383765 6.181498868152672e-05
1669.9096069335938 1.000010195492973 6.180380131757491e-05
1669.9304809570312 1.0001028808665056 6.179303186731014e-05
1669.9512939453125 1.0000206194080168 6.17676055244933e-05
1669.9721069335938 0.9999275034290941 6.175375609606742e-05
1669.9929809570312 0.9999135672472846 6.173146124968475e-05
1670.0137939453125 1.0001280860832609 6.171865420499484e-05
1670.0346069335938 0.9999023900297845 6.17122920189463e-05
1670.0554809570312 1.0001352778885515 6.169018586462331e-05
1670.0762939453125 1.000046081109706 6.167877914156407e-05
1670.0971069335938 0.9997422397039617 6.167691080258838e-05
1670.1179809570312 1.000122505812515 6.167716257217393e-05
1670.1387939453125 1.0000674211402598 6.168095896225594e-05
1670.1596069335938 1.000073506411536 6.168906844642817e-05
1670.1804809570312 0.99987754785515 6.168261545811921e-05
1670.2012939453125 0.9998859599853965 6.168660851706059e-05
1670.2221069335938 1.0000654830580014 6.16635926820453e-05
1670.2429809570312 1.000013915403454 6.167095304812186e-05
1670.2637939453125 1.0001015905378952 6.164749883668294e-05
1670.2846069335938 1.0000337866898874 6.164483777402716e-05
1670.3054809570312 0.9999197582724094 6.162374117039221e-05
1670.3262939453125 0.9999166037224881 6.162639325777758e-05
1670.3471069335938 1.0000296528901984 6.16339214351258e-05
1670.3679809570312 1.0000165890724595 6.162358445305006e-05
1670.3887939453125 1.000156056526553 6.160615016571655e-05
1670.4096069335938 0.9998648303148621 6.160672312153964e-05
1670.4304809570312 0.9999218981017376 6.163090086969204e-05
1670.4512939453125 0.9999882783084554 6.162485034170355e-05
1670.4721069335938 1.0000807987468743 6.160521076024583e-05
1670.4929809570312 1.0000804135000234 6.161524581663e-05
1670.5137939453125 0.999910752043382 6.162080965747786e-05
1670.5346069335938 1.0000495351196226 6.16225740071724e-05
1670.5554809570312 0.9999302809801462 6.162769806792821e-05
1670.5762939453125 1.0000874792552583 6.163480317491396e-05
1670.5971069335938 1.0000132403921804 6.16418387178772e-05
1670.6179809570312 0.9998825293371834 6.164759485119619e-05
1670.6388549804688 1.00006344764565 6.163946199430637e-05
1670.65966796875 0.9999854279721079 6.162745540909678e-05
1670.6804809570312 0.9999625363503877 6.162070475915338e-05
1670.7013549804688 1.000096103091789 6.163442718636606e-05
1670.72216796875 0.9998267647240818 6.161378198716458e-05
1670.7429809570312 1.0001166399848618 6.161131374012806e-05
1670.7638549804688 1.0000480710862745 6.161303172726676e-05
1670.78466796875 1.0000149770650608 6.162198113345563e-05
1670.8054809570312 0.9999607656857034 6.160695854125843e-05
1670.8263549804688 0.9999176770751933 6.16044933705483e-05
1670.84716796875 1.0001096195715102 6.160966297795444e-05
1670.8679809570312 0.999968242141784 6.160915177849354e-05
1670.8888549804688 0.9999232003366343 6.160652333447693e-05
1670.90966796875 1.0000029508778516 6.16194156718018e-05
1670.9304809570312 1.0001250428846902 6.159189247228343e-05
1670.9513549804688 0.9999489429573132 6.15814392670333e-05
1670.97216796875 0.9999264102896089 6.156935264010643e-05
1670.9929809570312 1.0000194031817908 6.155402006253426e-05
1671.0138549804688 1.0000959441445407 6.154319336534062e-05
1671.03466796875 0.9999716933586572 6.153409694297432e-05
1671.0554809570312 1.0000133068010777 6.152352706150874e-05
1671.0763549804688 0.9999012132422381 6.153020397904972e-05
1671.09716796875 1.000025383642333 6.154198974144265e-05
1671.1179809570312 1.0000280949508376 6.152660868592754e-05
1671.1388549804688 1.0000077491359844 6.153914295764078e-05
1671.15966796875 0.9999662709700913 6.153219262006257e-05
1671.1804809570312 1.0001282973383618 6.153591910477356e-05
1671.2013549804688 0.9999107565160011 6.154723604458656e-05
1671.22216796875 0.99996492000421 6.152584869291447e-05
1671.2429809570312 0.9999242200830937 6.152126160027597e-05
1671.2638549804688 1.0000896183641608 6.15244389389271e-05
1671.28466796875 1.0000792713741893 6.1502095361605e-05
1671.3054809570312 0.9999606750078981 6.150285521501309e-05
1671.3263549804688 0.9999585573300751 6.148905138168797e-05
1671.34716796875 0.9999859146945582 6.147868652592015e-05
1671.3679809570312 0.9999991288636245 6.147073919996588e-05
1671.3888549804688 1.0000298997409618 6.146709262728257e-05
1671.40966796875 0.9999672492458941 6.147688444011326e-05
1671.4304809570312 1.0000877269270156 6.147889585849231e-05
1671.4513549804688 0.9999625882969647 6.1458511658448e-05
1671.47216796875 0.999873261290438 6.145542541479952e-05
1671.4929809570312 1.0002056024746961 6.146520104299244e-05
1671.5138549804688 0.9999545057856188 6.146117906280928e-05
1671.53466796875 0.999916385103003 6.147854945815966e-05
1671.5554809570312 0.9999706771387395 6.147310824429619e-05
1671.5763549804688 0.9999997812425817 6.147727556035667e-05
1671.59716796875 1.0000320554847004 6.148443320901353e-05
1671.6179809570312 1.0000053088688015 6.147826390512778e-05
1671.6388549804688 0.9996659070448348 6.146730686011148e-05
1671.65966796875 0.9993639689318901 6.14770878475294e-05
1671.6804809570312 0.9993735989791731 6.146442236058906e-05
1671.7013549804688 0.9995824358826847 6.14608602682469e-05
1671.72216796875 0.999964344203711 6.147362243697781e-05
1671.7429809570312 1.0000249678320066 6.148381183909167e-05
1671.7638549804688 1.000049676190248 6.14777679108063e-05
1671.78466796875 1.0000061787220962 6.147216351922965e-05
1671.8054809570312 1.0000202225564776 6.147435567277671e-05
1671.8263549804688 0.9999178597149668 6.14784259552279e-05
1671.84716796875 0.9999396514916259 6.148251354394774e-05
1671.8679809570312 1.0000078907675227 6.14804856427498e-05
1671.8888549804688 1.0000971902305196 6.149958410378621e-05
1671.90966796875 1.0000669638475475 6.148362049516388e-05
1671.9304809570312 0.999919233219751 6.149912953360979e-05
1671.9513549804688 1.0000178547911975 6.148938718614387e-05
1671.97216796875 0.99982334037362 6.14619703701772e-05
1671.9929809570312 1.0001136985195769 6.146265371557187e-05
1672.0138549804688 1.0001255366085477 6.14491906869544e-05
1672.03466796875 0.99989427814422 6.142725810447207e-05
1672.0763549804688 1.0000473667042704 6.142321495000212e-05
1672.09716796875 0.9999227872789627 6.14206477738088e-05
1672.1179809570312 0.9999498484451896 6.141468653036097e-05
1672.1388549804688 1.0001919783761912 6.140011944829171e-05
1672.15966796875 0.999875606945827 6.141887124110613e-05
1672.1804809570312 0.9999496418445294 6.141169084435847e-05
1672.2013549804688 1.0000952514135872 6.142255632494046e-05
1672.22216796875 0.9999813902016378 6.140931196716497e-05
1672.2429809570312 1.0001201300751763 6.142031712667094e-05
1672.2638549804688 0.9997976780292336 6.141622542747184e-05
1672.28466796875 1.0000502736213501 6.141074502066277e-05
1672.3054809570312 1.0000119456516723 6.140248041988992e-05
1672.3263549804688 1.0000278053967937 6.13941989185735e-05
1672.34716796875 1.000006885184138 6.139680964617872e-05
1672.3679809570312 0.9999834404563044 6.138669776725698e-05
1672.3888549804688 0.9999148616633863 6.139708455233248e-05
1672.40966796875 1.0000251315838573 6.138475552820793e-05
1672.4304809570312 1.0002545104242797 6.139083468782349e-05
1672.4513549804688 0.9999039056386568 6.138747048313452e-05
1672.47216796875 0.9997300038852485 6.13713255848763e-05
1672.4929809570312 1.0001015092051764 6.138033007545919e-05
1672.5138549804688 0.9999903762284973 6.139755232746303e-05
1672.53466796875 1.0001602223781818 6.139882003086577e-05
1672.5554809570312 1.000055694422358 6.140658576854871e-05
1672.5763549804688 0.9998357703618019 6.140495882771259e-05
1672.59716796875 0.9999974998417913 6.142044721726621e-05
1672.6179809570312 0.999967173199609 6.141782176599732e-05
1672.6388549804688 1.0000037150165737 6.142031049746444e-05
1672.65966796875 1.0001526417705198 6.141849251378419e-05
1672.6804809570312 0.9998776752249492 6.142429763066652e-05
1672.7013549804688 1.0000222669411758 6.141586917233653e-05
1672.72216796875 1.0000803289107059 6.140948740894043e-05
1672.7429809570312 0.9997838933701679 6.140517302804025e-05
1672.7638549804688 1.0001323875110144 6.14226531593614e-05
1672.78466796875 1.000043302643856 6.14186649902338e-05
1672.8054809570312 0.9999742212945628 6.142470364325498e-05
1672.8263549804688 1.0000477898463387 6.142952171693781e-05
1672.84716796875 0.9999130668476106 6.143598903654443e-05
1672.8679809570312 1.0000748808504765 6.143851233037321e-05
1672.8888549804688 0.9999552032423824 6.143911656770446e-05
1672.90966796875 0.9999852753520532 6.14488100634742e-05
1672.9304809570312 0.9999800724312926 6.142982857360109e-05
1672.9513549804688 0.999971592233016 6.142809158726765e-05
1672.97216796875 1.0000507834290355 6.144042768512108e-05
1672.9929809570312 1.0000165540245276 6.14156328788138e-05
1673.0138549804688 0.9999989598222163 6.141549887639956e-05
1673.03466796875 1.0000825275165142 6.140844060025382e-05
1673.0554809570312 1.0000068122622112 6.14154832523018e-05
1673.0763549804688 0.9999001457946538 6.140459199710615e-05
1673.09716796875 0.9998396493118541 6.139827084556205e-05
1673.1179809570312 1.0001542734009674 6.139584333777257e-05
1673.1388549804688 0.9999609708271041 6.139994220027808e-05
1673.15966796875 1.000012981948339 6.138549763927927e-05
1673.1804809570312 1.0001472978192398 6.141039185873617e-05
1673.2013549804688 1.0000661480777968 6.140416542423491e-05
1673.22216796875 0.9997676537809801 6.139004823313036e-05
1673.2429809570312 0.9999706149364919 6.140471962348004e-05
1673.2638549804688 1.0000373574534611 6.140726739457122e-05
1673.28466796875 1.0000474176802427 6.141097825348758e-05
1673.3054809570312 0.9999989643161088 6.138827493271412e-05
1673.3263549804688 1.0000105267199713 6.139051492815161e-05
1673.34716796875 1.0000627610142883 6.138925101219514e-05
1673.3679809570312 0.9999450108630826 6.137720095427384e-05
1673.3888549804688 0.9999308362638515 6.137315333010521e-05
1673.40966796875 1.0000494573575298 6.138706710564586e-05
1673.4304809570312 1.0000323289895963 6.137884177607125e-05
1673.4513549804688 0.9999579336264041 6.137825703551785e-05
1673.47216796875 0.999969750193375 6.138463474082661e-05
1673.4929809570312 1.0000265503613233 6.138073922325098e-05
1673.5138549804688 1.0000815108939436 6.140438831303903e-05
1673.53466796875 1.0000128653509421 6.138535161577279e-05
1673.5554809570312 0.9999157626000094 6.138916264464414e-05
1673.5763549804688 0.9998449398023834 6.139211776087932e-05
1673.59716796875 1.0001035818372392 6.140334621191071e-05
1673.6179809570312 1.0001564022262335 6.143426623433049e-05
1673.6388549804688 1.0000190827780784 6.141388487218327e-05
1673.65966796875 0.9997962856296746 6.14105135782486e-05
1673.6804809570312 1.000098188626589 6.142018235683072e-05
1673.7013549804688 1.0000522277622392 6.142611729894559e-05
1673.72216796875 0.9999326502671161 6.141484677024116e-05
1673.7429809570312 0.9999037111388859 6.143477833695673e-05
1673.7638549804688 1.0000666756717016 6.14184017302099e-05
1673.78466796875 1.0000406634146894 6.141826397022819e-05
1673.8054809570312 1.0000510390237967 6.141998713819069e-05
1673.8263549804688 0.9999273095873612 6.143107494488372e-05
1673.84716796875 1.0000361891701266 6.143365999622014e-05
1673.8679809570312 1.000021963874572 6.143955142241937e-05
1673.8888549804688 0.9999219328758122 6.142713606107954e-05
1673.90966796875 1.0000174305398704 6.141760506495258e-05
1673.9304809570312 0.9999570380693484 6.141848173433195e-05
1673.9513549804688 1.0001807238202225 6.141710602669358e-05
1673.97216796875 0.999885085518833 6.141071261491572e-05
1673.9929809570312 0.9999069028753227 6.139937000467715e-05
1674.0138549804688 0.9999986502780309 6.14041710795963e-05
1674.03466796875 1.0001555851037782 6.139193045208708e-05
1674.0554809570312 0.999989099897674 6.137960249665392e-05
1674.0763549804688 0.9999995264621608 6.137398005196601e-05
1674.09716796875 0.9998503802510418 6.138275418895257e-05
1674.1179809570312 1.0000317655282476 6.13804455649183e-05
1674.1388549804688 1.000055918934359 6.13726813556602e-05
1674.15966796875 1.0001069297673164 6.139522442413243e-05
1674.1804809570312 0.9999296493489664 6.13680114114498e-05
1674.2013549804688 0.9999713755150778 6.137113559874899e-05
1674.22216796875 0.9999952500617107 6.139003361158046e-05
1674.2429809570312 0.9999342809574558 6.137413011244275e-05
1674.2638549804688 1.0000096115012593 6.13708258084419e-05
1674.28466796875 1.0001018617655386 6.136738890842063e-05
1674.3054809570312 0.9999899808457252 6.138584721032926e-05
1674.3263549804688 1.0000528755737244 6.135721680737671e-05
1674.34716796875 0.9998981072606857 6.135563809266295e-05
1674.3679809570312 0.9999045967388202 6.135054723025464e-05
1674.3888549804688 1.000139544124266 6.135691351757074e-05
1674.40966796875 0.9999198566452425 6.133620346941063e-05
1674.4304809570312 1.000081115731147 6.133653743130365e-05
1674.4513549804688 1.000006860669796 6.134220691165769e-05
1674.47216796875 0.9999763742017992 6.134845159105936e-05
1674.4929809570312 1.000038717055275 6.13527958183373e-05
1674.5138549804688 0.9998809805621794 6.135679933226292e-05
1674.53466796875 1.0000604600277976 6.135413468018981e-05
1674.5554809570312 0.9999957804352555 6.13546023398123e-05
1674.5763549804688 1.0000648737675026 6.136634915275735e-05
1674.59716796875 0.9999202210877773 6.137238552523631e-05
1674.6179809570312 0.9999865438186468 6.137524862580288e-05
1674.6388549804688 1.0000758927490123 6.137550517147594e-05
1674.65966796875 0.9999114982109091 6.138816772000518e-05
1674.6804809570312 1.0000684152581985 6.138715175700753e-05
1674.7013549804688 1.0000720437824653 6.137980004184448e-05
1674.72216796875 0.9998748679343836 6.139140032013648e-05
1674.7429809570312 1.0000351960090361 6.138689031305348e-05
1674.7638549804688 1.0000082906504342 6.138770009166895e-05
1674.78466796875 0.9999794394366757 6.137638388528186e-05
1674.8054809570312 1.0000067322726984 6.139633714409408e-05
1674.8263549804688 1.000006339068385 6.137807462307234e-05
1674.84716796875 1.0000151253610206 6.137902618071466e-05
1674.8679809570312 0.9999792607241667 6.137962341082475e-05
1674.8888549804688 0.9999607100857693 6.138074116695044e-05
1674.90966796875 1.000031339502203 6.137867177327868e-05
1674.9304809570312 1.0000541052119585 6.136760057961489e-05
1674.9513549804688 0.9999950618992606 6.137811980042112e-05
1674.97216796875 0.9999954348901325 6.13677154779406e-05
1674.9929809570312 0.9999699605960457 6.135225011412654e-05
1675.0138549804688 1.0000976950737093 6.135351502374776e-05
1675.03466796875 0.9998113916732636 6.134648213888136e-05
1675.0554809570312 0.999978050073072 6.133147056421688e-05
1675.0763549804688 1.0000228165819043 6.134502568252297e-05
1675.09716796875 1.0001005635524776 6.133118153356765e-05
1675.1179809570312 1.0001011344455937 6.131941828024711e-05
1675.1388549804688 0.9999434090362881 6.131737000730776e-05
1675.15966796875 0.9999489184104893 6.132128166508091e-05
1675.1804809570312 0.9999356287217325 6.131350755480007e-05
1675.2013549804688 1.0001067830970782 6.13297832957433e-05
1675.22216796875 0.9999776927911792 6.132363063758323e-05
1675.2429809570312 1.0000185282595138 6.132168028638692e-05
1675.2638549804688 0.9999095688895058 6.132045991129361e-05
1675.28466796875 0.9998960052402935 6.132036359197928e-05
1675.3054809570312 1.0001620612631603 6.13126617379023e-05
1675.3263549804688 1.0001693599236907 6.132163005533342e-05
1675.34716796875 0.9998518991653815 6.129716901058631e-05
1675.3679809570312 0.9999696279241107 6.129734341322648e-05
1675.3888549804688 0.9998522997367685 6.129602308569635e-05
1675.40966796875 1.0000204753310886 6.130591534180856e-05
1675.4513549804688 1.0002142124567992 6.129118828060909e-05
1675.47216796875 1.0000633560364487 6.128896283024053e-05
1675.4929809570312 0.9999019311228033 6.129019499137879e-05
1675.5138549804688 0.99985586773163 6.12928783627831e-05
1675.53466796875 1.0000214161151972 6.129794333901735e-05
1675.5554809570312 1.0000780642412825 6.131311700232147e-05
1675.5763549804688 0.9998988775398218 6.13012689364772e-05
1675.59716796875 1.0001636059139356 6.131630409523515e-05
1675.6179809570312 1.0000508963206083 6.13169270263014e-05
1675.6388549804688 0.9998500796890941 6.131460570633314e-05
1675.65966796875 0.999976017127541 6.132301580609993e-05
1675.6804809570312 1.0000220028646531 6.132495555825998e-05
1675.7013549804688 1.000063628685757 6.132637955080123e-05
1675.72216796875 0.9999797846940278 6.131719009222359e-05
1675.7429809570312 0.9999954833913988 6.131344207137523e-05
1675.7638549804688 0.999981612499792 6.132725324445417e-05
1675.78466796875 0.9999903970673596 6.132127702771578e-05
1675.8054809570312 1.0000046261743707 6.132582411584717e-05
1675.8263549804688 1.0000718353835665 6.132428011310959e-05
1675.84716796875 0.9999105458699027 6.132454837410165e-05
1675.8679809570312 1.0000481806751071 6.133569140440027e-05
1675.8888549804688 0.999912956329623 6.132366185906848e-05
1675.90966796875 1.00004735838501 6.132286097071557e-05
1675.9304809570312 1.000124399005279 6.131440438795094e-05
1675.9513549804688 0.9998990405080903 6.130808732070426e-05
1675.97216796875 0.9999372428365392 6.130241676102012e-05
1675.9929809570312 1.0001617213882688 6.131596643767623e-05
1676.0138549804688 0.9998350736508193 6.129398260954998e-05
1676.03466796875 1.0000181787040392 6.129422402609168e-05
1676.0554809570312 1.0000744933000079 6.12874632809674e-05
1676.0763549804688 1.000016169752802 6.12928477540999e-05
1676.09716796875 0.9999644301021755 6.127878413424673e-05
1676.1179809570312 0.9999774829937526 6.127350863492477e-05
1676.1388549804688 1.0000810582126953 6.128119409514742e-05
1676.15966796875 0.999886892093139 6.128025841154796e-05
1676.1804809570312 0.9999257262475908 6.128806620784158e-05
1676.2013549804688 1.000159910061434 6.128354974128818e-05
1676.22216796875 0.999969846899054 6.126838324093182e-05
1676.2429809570312 1.0000483149199024 6.126578409197435e-05
1676.2638549804688 0.9999443144275417 6.126856435111147e-05
1676.28466796875 1.0000150280943503 6.126899112222834e-05
1676.3054809570312 0.9999837596315901 6.126599627033145e-05
1676.3263549804688 0.9999713390406479 6.126325222344075e-05
1676.34716796875 0.9999774725748702 6.125738313969702e-05
1676.3679809570312 1.0000922809245338 6.125694546513035e-05
1676.3888549804688 1.0000623731042577 6.12540372618897e-05
1676.40966796875 0.9998476092204569 6.124659759882995e-05
1676.4304809570312 0.999964968770197 6.125032063632459e-05
1676.4513549804688 1.0001079619767905 6.12450727848863e-05
1676.47216796875 0.9999452351552701 6.124767339794548e-05
1676.4929809570312 1.000050149285945 6.125936971328756e-05
1676.5138549804688 0.999953851936457 6.125057306691315e-05
1676.53466796875 1.0000538507828283 6.125195093880089e-05
1676.5554809570312 1.0000413066245974 6.12580293715744e-05
1676.5763549804688 0.9999596523716983 6.126367579342431e-05
1676.59716796875 1.0000210413697967 6.127274723203432e-05
1676.6179809570312 0.9997876132288296 6.127760703627138e-05
1676.6388549804688 1.0001816329573343 6.129020410137639e-05
1676.65966796875 0.9999625737326948 6.129060691679307e-05
1676.6804809570312 1.0000711189975786 6.128665191512096e-05
1676.7013549804688 0.9999884537578784 6.128058019783236e-05
1676.72216796875 0.999937635961783 6.129087238860506e-05
1676.7429809570312 1.0000217817686905 6.127804464640676e-05
1676.7638549804688 0.9999364359253275 6.127513183077755e-05
1676.78466796875 1.0000113017282217 6.128047082757884e-05
1676.8054809570312 1.0001440617104325 6.127963562492321e-05
1676.8263549804688 0.9999987344136214 6.129534531776459e-05
1676.84716796875 0.9999239734078659 6.12759510546125e-05
1676.8679809570312 0.9999188453417965 6.127817592312236e-05
1676.8888549804688 0.9999562203296907 6.128817632534487e-05
1676.90966796875 1.0001909950391938 6.12849337702248e-05
1676.9304809570312 0.99992943300583 6.12825601359147e-05
1676.9513549804688 0.9999208495709085 6.127989001018528e-05
1676.97216796875 1.0001113392369991 6.128250683644671e-05
1676.9929809570312 1.0000270883661344 6.128089971125418e-05
1677.0138549804688 0.9999437298217446 6.12767446430135e-05
1677.03466796875 0.9998815235007923 6.126859006032577e-05
1677.0554809570312 1.0000336829487955 6.126502175254678e-05
1677.0763549804688 1.0001870001866435 6.128712211251984e-05
1677.09716796875 0.9999482619099662 6.127804422448243e-05
1677.1179809570312 0.9999099593740882 6.129007612158202e-05
1677.1388549804688 1.0000122420064779 6.127435640697111e-05
1677.15966796875 1.0000305175662214 6.12749921601339e-05
1677.1804809570312 0.9999585390347393 6.127742858976368e-05
1677.2013549804688 0.999990104248971 6.126935959972178e-05
1677.22216796875 1.0000029250789313 6.127655711448065e-05
1677.2429809570312 1.0000615796428507 6.127349087800127e-05
1677.2638549804688 1.0000318764613 6.12754543404181e-05
1677.28466796875 0.9999340791575742 6.1283439118792e-05
1677.3054809570312 0.9999845787548439 6.127331463407194e-05
1677.3263549804688 1.000004868583811 6.126981308306866e-05
1677.34716796875 1.000014604791552 6.127536925403283e-05
1677.3679809570312 1.0000431553189522 6.126660150511027e-05
1677.3888549804688 0.9999515585948161 6.125875628388666e-05
1677.40966796875 1.0000022443483338 6.126375132316803e-05
1677.4304809570312 0.9999169038587962 6.127223533871899e-05
1677.4513549804688 1.0000973190082347 6.126355126660467e-05
1677.47216796875 1.0000538713392342 6.126615660355308e-05
1677.4929809570312 0.9999245153603439 6.12648478952519e-05
1677.5138549804688 1.0000280820256429 6.127163369215783e-05
1677.53466796875 0.9999345764574283 6.127861982912416e-05
1677.5554809570312 1.000114248829644 6.128441049205146e-05
1677.5763549804688 0.9999384801864305 6.128332594514828e-05
1677.59716796875 0.9998681904766828 6.128310105545016e-05
1677.6179809570312 1.000191761246151 6.130673336567992e-05
1677.6388549804688 1.0000508103766788 6.130204325216731e-05
1677.65966796875 0.9998920234156266 6.131100784056373e-05
1677.6804809570312 0.999954745315095 6.131511977435668e-05
1677.7013549804688 0.9999267368600546 6.131494066669233e-05
1677.72216796875 1.0001585083858955 6.133008228539783e-05
1677.7429809570312 0.9999938408418756 6.131484341971137e-05
1677.7638549804688 0.9999192795060314 6.13238154134586e-05
1677.78466796875 1.0000576685943656 6.131481994598646e-05
1677.8054809570312 1.0000004757946395 6.132752586000293e-05
1677.8263549804688 1.0000025847170453 6.132577384333246e-05
1677.84716796875 0.9999492968599033 6.1321218627158e-05
1677.8679809570312 0.9999978840524442 6.13259924724509e-05
1677.8888549804688 1.0000265419419345 6.132024657862034e-05
1677.90966796875 1.0000035189457366 6.13232853355544e-05
1677.9304809570312 0.9999990332826971 6.132685904380818e-05
1677.9513549804688 1.0000735243351304 6.132160022911538e-05
1677.97216796875 0.9998986617943264 6.13202392217832e-05
1677.9929809570312 0.9999962070780896 6.132567341153206e-05
1678.0138549804688 0.9999836265730249 6.132551529506816e-05
1678.03466796875 1.0000115931447096 6.131457361347759e-05
1678.0554809570312 1.0000187664933506 6.132398233343803e-05
1678.0763549804688 0.999883322800264 6.131766009890149e-05
1678.09716796875 0.999311372701582 6.130971341127745e-05
1678.1179809570312 0.9992040481607288 6.130991333290343e-05
1678.1388549804688 0.9994424064820808 6.130046607086326e-05
1678.15966796875 1.000014932852608 6.132986435380413e-05
1678.1804809570312 0.9998460193635885 6.1326313658541e-05
1678.2013549804688 1.0001086152353065 6.134089700322627e-05
1678.22216796875 1.0001573834450157 6.134813525499944e-05
1678.2429809570312 0.9999883930030428 6.131963052076417e-05
1678.2638549804688 0.9998915154758502 6.134323741850334e-05
1678.28466796875 0.9999832997680794 6.134526028183029e-05
1678.3054809570312 1.0000000930805402 6.133828370050615e-05
1678.3263549804688 0.9999490710105374 6.132358834843483e-05
1678.34716796875 1.0001118780814184 6.132306590220105e-05
1678.3679809570312 0.9999639303566009 6.133660440144492e-05
1678.3888549804688 1.0000759662003438 6.132776296997343e-05
1678.40966796875 0.9999640433161548 6.132311669539573e-05
1678.4304809570312 1.0000109580728513 6.132893153990681e-05
1678.4513549804688 0.9999409323358497 6.133840922172014e-05
1678.47216796875 0.9999662699295672 6.132432751635507e-05
1678.4929809570312 0.9999926765625646 6.133114467066318e-05
1678.5138549804688 0.9999946202781017 6.133527073660018e-05
1678.53466796875 1.0001567107977412 6.13402753802551e-05
1678.5554809570312 0.9999731963331188 6.133085768133403e-05
1678.5763549804688 0.9998854103475467 6.133439361027223e-05
1678.59716796875 0.9999954915369089 6.13420619589335e-05
1678.6179809570312 1.0000780852682978 6.136096455925032e-05
1678.6388549804688 0.9999455522677138 6.134510736301265e-05
1678.65966796875 1.0000744954931304 6.137430860327144e-05
1678.6804809570312 0.9999701695703996 6.136317109262523e-05
1678.7013549804688 0.9999990369293725 6.137185147127315e-05
1678.72216796875 0.9998694885480267 6.136145554429079e-05
1678.7429809570312 1.000095613754545 6.136911929033239e-05
1678.7638549804688 1.0001626286017735 6.137513290072348e-05
1678.78466796875 0.9998232013305108 6.135897342518802e-05
1678.8263549804688 1.0000640913401988 6.135839825538283e-05
1678.84716796875 0.9998700791757036 6.136599089804888e-05
1678.8679809570312 1.000028816592464 6.136183621820721e-05
1678.8888549804688 1.0001548144288055 6.1365665082062e-05
1678.90966796875 1.0000208399973072 6.136800523972632e-05
1678.9304809570312 0.9999773697494934 6.136714293139472e-05
1678.9513549804688 0.999782340238993 6.137063744225588e-05
1678.97216796875 1.0000554858005184 6.137857969885883e-05
1678.9929809570312 1.000019468016384 6.137220202139897e-05
1679.0138549804688 1.0002011118302274 6.137566992886221e-05
1679.03466796875 0.9999083962123866 6.13624662560201e-05
1679.0554809570312 0.9998956058813125 6.138792428960941e-05
1679.0763549804688 1.0000141631088268 6.135854457271225e-05
1679.09716796875 1.000045896270975 6.136017999058187e-05
1679.1180419921875 1.000012616392798 6.136429909866535e-05
1679.1388549804688 0.9998516378843022 6.136302079894047e-05
1679.1597290039062 1.0001793016117104 6.135572361089867e-05
1679.1805419921875 1.000014207544656 6.137376965852067e-05
1679.2013549804688 1.0000416912049095 6.135189291046952e-05
1679.2222290039062 0.9998899396558588 6.13606477143489e-05
1679.2430419921875 0.9998319109728147 6.134025090002762e-05
1679.2638549804688 1.0002659809955696 6.13497416805265e-05
1679.2847290039062 0.9999384727708552 6.134898060570046e-05
1679.3055419921875 0.9999230879475564 6.134075822350455e-05
1679.3263549804688 1.0000206471910718 6.132433718451498e-05
1679.3472290039062 1.0000298220966957 6.132469324646829e-05
1679.3680419921875 0.9999753384745333 6.133095752327998e-05
1679.3888549804688 1.0000514328884194 6.133265290477583e-05
1679.4097290039062 0.9999251812476656 6.131171653855262e-05
1679.4305419921875 1.0001144715229726 6.131573684753393e-05
1679.4513549804688 0.9999047412404715 6.131599358626738e-05
1679.4722290039062 0.9999530616992717 6.132412689754369e-05
1679.4930419921875 1.0000727533367901 6.131436156512803e-05
1679.5138549804688 0.9999685359862366 6.130555431518255e-05
1679.5347290039062 1.0001246488838837 6.131562238362007e-05
1679.5555419921875 0.9999689539660277 6.131346150151336e-05
1679.5763549804688 0.9998885093081219 6.131866788314904e-05
1679.5972290039062 1.000066640340902 6.132024460978973e-05
1679.6180419921875 1.0000016586713487 6.134183848692462e-05
1679.6388549804688 1.000080526853699 6.13461310319991e-05
1679.6597290039062 0.9998129182295926 6.132887129913331e-05
1679.6805419921875 0.9999552283030311 6.133280696814568e-05
1679.7013549804688 1.000120459687115 6.134731506005488e-05
1679.7222290039062 0.9999947053856507 6.133274473062693e-05
1679.7430419921875 1.0000370528631457 6.133298457410682e-05
1679.7638549804688 1.0000157003803039 6.1330311939259e-05
1679.7847290039062 1.0000038733932284 6.133006890564715e-05
1679.8055419921875 0.9999242931147941 6.133915246984154e-05
1679.8263549804688 1.0000689731995946 6.133644212875032e-05
1679.8472290039062 1.0000189527479122 6.134140276847201e-05
1679.8680419921875 0.9999252947017049 6.134854328159375e-05
1679.8888549804688 0.9999396174406294 6.134643856323536e-05
1679.9097290039062 1.0000748256985652 6.134277119235731e-05
1679.9305419921875 1.000004484933862 6.136652645515522e-05
1679.9513549804688 1.0000541127374794 6.134221372062377e-05
1679.9722290039062 0.9999585086997224 6.134695934559613e-05
1679.9930419921875 0.9999303948861199 6.134574548270588e-05
1680.0138549804688 1.0000263455129017 6.135182192853628e-05
1680.0347290039062 1.0001290451858666 6.136139928650262e-05
1680.0555419921875 0.9999373389862201 6.136063721331703e-05
1680.0763549804688 0.9999448131605444 6.13588133247217e-05
1680.0972290039062 0.9999628083512127 6.134897123961558e-05
1680.1180419921875 1.0000465148031212 6.13687547812654e-05
1680.1388549804688 0.9999889523766551 6.134952296514932e-05
1680.1597290039062 1.0000236605099175 6.136545969257821e-05
1680.1805419921875 1.0000505999848686 6.134642232123743e-05
1680.2013549804688 0.9999573494156441 6.13527671206904e-05
1680.2222290039062 0.9999508000716153 6.134990001697604e-05
1680.2430419921875 1.0000970403894012 6.136335559651563e-05
1680.2638549804688 0.9999190562303537 6.13516627331112e-05
1680.2847290039062 1.0000574281931058 6.135821907478725e-05
1680.3055419921875 0.9999406507221513 6.136742300884534e-05
1680.3263549804688 0.999983312177953 6.135303787093479e-05
1680.3472290039062 1.0001549077075467 6.135565608782273e-05
1680.3680419921875 0.999829262479022 6.135014883059679e-05
1680.3888549804688 0.9999902240507333 6.135842970912931e-05
1680.4097290039062 1.0001276075326366 6.136298976157551e-05
1680.4305419921875 0.9999803114325612 6.135075523832544e-05
1680.4513549804688 0.9999042542482 6.134862677921682e-05
1680.4722290039062 0.9999830777092943 6.134766511828096e-05
1680.4930419921875 1.0001177793564142 6.136393710877707e-05
1680.5138549804688 1.0000079847348724 6.13491030114303e-05
1680.5347290039062 0.9999753074193475 6.13588886750263e-05
1680.5555419921875 0.9998943466916562 6.134422604289438e-05
1680.5763549804688 1.0000480417286528 6.134875245183812e-05
1680.5972290039062 1.0000466752072752 6.13508328885566e-05
1680.6180419921875 1.0000233692782423 6.135516108739606e-05
1680.6388549804688 1.000088558946512 6.135478860927251e-05
1680.6597290039062 0.999887510545712 6.134898316534555e-05
1680.6805419921875 0.999893315729503 6.135078754380919e-05
1680.7013549804688 0.9999769065276192 6.1348501655411e-05
1680.7222290039062 1.0001249330782194 6.134825425493373e-05
1680.7430419921875 1.0000580046998107 6.135142945202647e-05
1680.7638549804688 0.9999171996050055 6.13499361418787e-05
1680.7847290039062 1.0000503368339821 6.135815338769754e-05
1680.8055419921875 0.9999275216049225 6.134657867928204e-05
1680.8263549804688 1.0000448241637079 6.135365386111889e-05
1680.8472290039062 0.9999734883940841 6.136012860314905e-05
1680.8680419921875 0.9999162425690122 6.134049957231412e-05
1680.8888549804688 1.0001479880769728 6.135801108796497e-05
1680.9097290039062 1.000032390488104 6.13462202214784e-05
1680.9305419921875 0.9999272581760072 6.133635869591189e-05
1680.9513549804688 1.0000307612099262 6.135291106366665e-05
1680.9722290039062 0.99993690144712 6.133942717372074e-05
1680.9930419921875 1.0000224227277712 6.134854098985119e-05
1681.0138549804688 1.0000272378339854 6.134133968730538e-05
1681.0347290039062 0.9999438119058847 6.134701568762598e-05
1681.0555419921875 0.9999834148616797 6.134198658275842e-05
1681.0763549804688 1.000016864979346 6.134646977143774e-05
1681.0972290039062 1.00003536425684 6.133170206151496e-05
1681.1180419921875 1.000089784010348 6.133216238473084e-05
1681.1388549804688 0.9998172386314985 6.132785891256125e-05
1681.1597290039062 1.0001456288396062 6.13374908119301e-05
1681.1805419921875 1.0000418791548695 6.133014264883666e-05
1681.2013549804688 0.9997952983009635 6.133080966195139e-05
1681.2222290039062 0.9999842783557016 6.132784855748994e-05
1681.2430419921875 1.000204077583863 6.133870761542828e-05
1681.2638549804688 1.0000468786227168 6.134715670596313e-05
1681.2847290039062 0.9998367791098024 6.133057162132345e-05
1681.3055419921875 1.0000209104879554 6.13229874031385e-05
1681.3263549804688 0.9999513745913001 6.132232537519928e-05
1681.3472290039062 1.0001405775166174 6.132630524837207e-05
1681.3680419921875 0.9999228894096465 6.131960633735825e-05
1681.3888549804688 0.9999542110782157 6.13220951801775e-05
1681.4097290039062 0.9999526389031428 6.131928955039972e-05
1681.4305419921875 1.000133901857013 6.131907428858249e-05
1681.4513549804688 1.000003547854505 6.130619556328385e-05
1681.4722290039062 0.9999134507210556 6.131222280894775e-05
1681.4930419921875 1.0001058393172757 6.131919924745344e-05
1681.5138549804688 1.000018482364757 6.132034212841554e-05
1681.5347290039062 0.9998861749930743 6.130941520456561e-05
1681.5555419921875 0.9999756873679031 6.130711367765641e-05
1681.5763549804688 0.9999960759729241 6.132329931750344e-05
1681.5972290039062 0.9999946479923221 6.131406929724323e-05
1681.6180419921875 1.00009171979666 6.130632379099312e-05
1681.6388549804688 1.000089234890606 6.130950678842116e-05
1681.6597290039062 0.9998898986893942 6.131219226914944e-05
1681.6805419921875 0.99999327112125 6.130968844909566e-05
1681.7013549804688 0.9999183806626203 6.13121190080522e-05
1681.7222290039062 1.0001278198136743 6.131513660424376e-05
1681.7430419921875 1.000023035531021 6.130615388892221e-05
1681.7638549804688 0.9998765100860009 6.13113554200158e-05
1681.7847290039062 0.9999972663883294 6.129621201208354e-05
1681.8055419921875 1.000065493128527 6.129532446539036e-05
1681.8263549804688 0.9999918585651777 6.13008960487633e-05
1681.8472290039062 1.0000403234564887 6.130302601020941e-05
1681.8680419921875 0.9999195726468834 6.130398672265205e-05
1681.8888549804688 1.00007251550181 6.129328656934766e-05
1681.9097290039062 1.0000312455469365 6.129600362332156e-05
1681.9305419921875 0.9998986055099346 6.12874085823097e-05
1681.9513549804688 0.9999949614611222 6.130480724059188e-05
1681.9722290039062 1.0000148542759717 6.129034410640987e-05
1681.9930419921875 0.999978492544986 6.128719323968109e-05
1682.0138549804688 1.000157393236503 6.128560441747245e-05
1682.0347290039062 0.9998797283149607 6.128893323399084e-05
1682.0555419921875 1.0000652348536956 6.129039365942619e-05
1682.0763549804688 0.9999128551593399 6.128342825067443e-05
1682.0972290039062 1.0000750055899437 6.128001660285937e-05
1682.1180419921875 0.9998450164912079 6.128513458312564e-05
1682.1388549804688 1.000063301777269 6.128549537911046e-05
1682.1597290039062 1.000098517771539 6.127242970700595e-05
1682.2013549804688 1.0000510770333364 6.128727683838643e-05
1682.2222290039062 0.9999245143419782 6.127841854396669e-05
1682.2430419921875 0.9999005182677149 6.128078960674942e-05
1682.2638549804688 0.99991743294461 6.127558609072326e-05
1682.2847290039062 1.0001597131190068 6.128266738944894e-05
1682.3055419921875 1.000084574146096 6.12781202004015e-05
1682.3263549804688 0.9998566999395667 6.128259058331739e-05
1682.34716796875 1.000043765668429 6.129823055924452e-05
