time flux flux_err
1596.8052368164062 0.951696216813846 0.00012241275625596315
1596.8261108398438 0.9532049927476636 0.0001231768800354711
1596.909423828125 0.9564585801206946 0.00012280326499453033
1596.9302368164062 0.9571323803868543 0.00012213697301012103
1596.9511108398438 0.9545637437017526 0.00012142138425542091
1596.971923828125 0.9533069232976109 0.0001207934538204785
1596.9927368164062 0.9522543948268894 0.00012022322948927908
1597.0136108398438 0.951092361467383 0.00011978534159125172
1597.034423828125 0.9540167452458628 0.00011941128395905301
1597.0552368164062 0.9546488770532028 0.00011904439949769657
1597.0761108398438 0.9555859156068874 0.00011860383933409005
1597.096923828125 0.9555649178770036 0.00011823628591963038
1597.1177368164062 0.9547511691253969 0.00011781035438058371
1597.1386108398438 0.9542285925867801 0.0001171182646274665
1597.159423828125 0.9559593592746756 0.0001166185422930909
1597.1802368164062 0.9512521714131762 0.00011610350835612308
1597.2011108398438 0.9515945976757048 0.00011544420893414355
1597.221923828125 0.9569850139586191 0.00011486581252653267
1597.2427368164062 0.9533156510534774 0.0001142690898851203
1597.2636108398438 0.9559732064841099 0.00011362380822658077
1597.284423828125 0.9552423540096681 0.00011300941786059639
1597.3052368164062 0.963996525759178 0.00011240109926705482
1597.3261108398438 0.9603268329300733 0.00011201147714948104
1597.346923828125 0.958709711289391 0.00011171460816130362
1597.3677368164062 0.9611388508229401 0.00011131606724150963
1597.3886108398438 0.959247732976151 0.00011107237292188429
1597.409423828125 0.9624895444927913 0.00011085818563721494
1597.4302368164062 0.9577574721575929 0.00011060005244164583
1597.4511108398438 0.9614063495519762 0.0001104025181963075
1597.471923828125 0.9621126489021941 0.0001102233526158501
1597.4927368164062 0.9611197266933493 0.00011013324749609054
1597.5136108398438 0.9650531611849604 0.00011008263239941794
1597.534423828125 0.9637121871062629 0.00011007987823362112
1597.5552368164062 0.9657908567873171 0.0001101493862186127
1597.5761108398438 0.9673255005600304 0.00011019136612380493
1597.596923828125 0.9674964893094168 0.00011025890925208487
1597.6177368164062 0.9694604334918506 0.00011028209403974467
1597.6386108398438 0.9705514497730872 0.00011017850201617023
1597.659423828125 0.9717709889701388 0.00011010765225369377
1597.6802368164062 0.9721545747818694 0.00010992980243310176
1597.7011108398438 0.9757044471107719 0.00010982749636312808
1597.721923828125 0.9738331139861931 0.0001097812714047197
1597.7427368164062 0.9753781053645474 0.0001098074120780101
1597.7636108398438 0.9794561404968617 0.00010962241553416403
1597.784423828125 0.9785751554742825 0.00010958244809703143
1597.8052368164062 0.979954272161185 0.0001096482475336965
1597.8261108398438 0.9819277766509779 0.00010963519402536994
1597.846923828125 0.9853421967492568 0.00010955300331715109
1597.8677368164062 0.9833091025325869 0.00010944815130650641
1597.8886108398438 0.9835178442044383 0.00010937527588627269
1597.909423828125 0.9837405780002564 0.00010919794378180766
1597.9302368164062 0.9855244280780331 0.00010899083194071766
1597.9511108398438 0.988975360508561 0.00010881208515251784
1597.971923828125 0.989208547380759 0.00010851037581395796
1597.9927368164062 0.9902317834460529 0.00010826012692081796
1598.0136108398438 0.9895190476393217 0.00010806559630044126
1598.034423828125 0.9905211391093658 0.00010785375030344154
1598.0552368164062 0.9920910059927006 0.00010765472650473171
1598.0761108398438 0.9914530011625956 0.00010745752243116514
1598.096923828125 0.9919745681305959 0.0001072727534558725
1598.1177368164062 0.9951374226696434 0.0001070759317266542
1598.1386108398438 0.9950653511127198 0.0001070132886328999
1598.159423828125 0.9970696673139503 0.00010686754490005955
1598.1802368164062 0.995119617872171 0.0001068087402704661
1598.2011108398438 0.9952333814558884 0.00010667908548471763
1598.221923828125 0.9982444877185722 0.00010663602194918777
1598.2427368164062 0.998960132077528 0.00010661501620413171
1598.2636108398438 0.9981486978342302 0.0001065734720251464
1598.284423828125 0.999131363500265 0.00010649350964757014
1598.3052368164062 0.9995591375619951 0.0001062989796245694
1598.3261108398438 1.0022507343261244 0.00010625134027608015
1598.346923828125 1.000144096936173 0.000106085461176293
1598.3677368164062 0.9991900133767252 0.00010596445358793927
1598.3886108398438 1.000546600312348 0.00010583297203624349
1598.409423828125 1.0008009641457847 0.00010579256331515107
1598.4302368164062 1.0031694690178352 0.00010561488815236853
1598.4511108398438 1.003391627542108 0.00010547095041309304
1598.471923828125 0.9998723740906332 0.0001053525869856014
1598.4927368164062 0.999760779190724 0.00010532856086870148
1598.5136108398438 0.9990594186343893 0.0001053424741384009
1598.534423828125 0.9998713734427513 0.00010535206466919882
1598.5552368164062 1.0011869477581767 0.00010526092696925016
1598.5761108398438 0.9998912861020537 0.00010521885138279752
1598.596923828125 0.9995021753982395 0.00010516806270381768
1598.6177368164062 0.9996100482361815 0.00010517262065480278
1598.6386108398438 1.00086013587814 0.00010521578371989392
1598.659423828125 0.9996019394396692 0.0001051293578078128
1598.6802368164062 0.9999835244232478 0.0001050818205860737
1598.7011108398438 0.999937526752305 0.00010506915815178168
1598.721923828125 1.0003236824326556 0.00010499311549219894
1598.7427368164062 1.0005702081535395 0.00010499993387255935
1598.7636108398438 0.9996615786641373 0.0001050324113718279
1598.784423828125 1.0022809579282748 0.00010504420347744338
1598.8052978515625 1.0000589513662645 0.00010497081553611601
1598.8261108398438 0.9989785575512001 0.00010501051278774564
1598.8469848632812 1.000611926403023 0.00010500829663616077
1598.8677978515625 0.9990940502453964 0.0001049786548730731
1598.8886108398438 1.0006701008992847 0.00010494012495621341
1598.9094848632812 1.0004966781679612 0.00010479363883588098
1598.9302978515625 0.9999386540532855 0.00010471661815509183
1598.9511108398438 0.9999219077156043 0.00010467283596852523
1598.9719848632812 0.9994440245012487 0.00010460302102781918
1598.9927978515625 1.0010958217967572 0.00010461647165771962
1599.0136108398438 0.9994129991379075 0.00010453750519356124
1599.0344848632812 0.9998086552059431 0.00010453914077238219
1599.0552978515625 1.0001917359347594 0.00010449449439137762
1599.0761108398438 0.9998319560169612 0.00010451482304946603
1599.0969848632812 1.0001822471305624 0.00010454350247870798
1599.1177978515625 1.0000772591560638 0.00010441628739211562
1599.1386108398438 0.9998988188163286 0.00010440300610950717
1599.1594848632812 0.9991907596958722 0.00010436017723212716
1599.1802978515625 1.000871730544134 0.00010437175636090772
1599.2011108398438 1.0002099459190683 0.00010438649366600459
1599.2219848632812 0.9994868453425786 0.00010437205190960011
1599.2427978515625 1.0007670238888142 0.00010434873626985713
1599.2636108398438 0.9994143799766261 0.00010435243462649383
1599.2844848632812 0.9993195965771533 0.00010434588076201587
1599.3052978515625 1.000035994394853 0.00010433701926372927
1599.3261108398438 1.0007219702384946 0.00010429014777122509
1599.3469848632812 1.0005882512967001 0.00010426019766010655
1599.3677978515625 1.0001241875410003 0.00010419140414623539
1599.3886108398438 0.9991824471847591 0.00010427828014886969
1599.4094848632812 0.9996284235770081 0.00010426681677273214
1599.4302978515625 0.9997602418820117 0.0001042470731119784
1599.4511108398438 1.0012347873589054 0.00010426118965569456
1599.4719848632812 0.9988417713942292 0.00010420005054647893
1599.4927978515625 1.000892897822029 0.00010427330407952574
1599.5136108398438 1.0001132146267266 0.00010431005804319045
1599.5344848632812 1.000016565795236 0.00010427049896301225
1599.5552978515625 0.9996212007585916 0.00010427027831689224
1599.5761108398438 0.9986821027516393 0.00010428283752330329
1599.5969848632812 1.0012506159443995 0.00010432970532498444
1599.6177978515625 0.9998073734567272 0.0001043412764543805
1599.6386108398438 1.000519264497579 0.00010422213099239867
1599.6594848632812 0.999665753879557 0.00010427840003251725
1599.6802978515625 1.00008953972786 0.00010430636168626958
1599.7011108398438 1.0005194176418006 0.00010429185913822125
1599.7219848632812 0.9995493502016509 0.00010431766669888333
1599.7427978515625 1.000187547114279 0.0001043303857989837
1599.7636108398438 0.9990793909679447 0.00010421404118860507
1599.7844848632812 1.0007463675987376 0.00010418436851731717
1599.8052978515625 0.9997806825174569 0.0001042525263843114
1599.8261108398438 1.000369123454663 0.00010414083397629555
1599.8469848632812 1.0001822403863299 0.00010413997381051827
1599.8677978515625 0.999143767151134 0.00010411603577098693
1599.8886108398438 1.0002087512534525 0.00010413451788548382
1599.9094848632812 0.9997904275761228 0.00010412848087962879
1599.9302978515625 1.0002349802106096 0.00010407056507304756
1599.9719848632812 1.0008326090964899 0.00010412875970743625
1599.9927978515625 1.0033638510863419 0.00010406868742876683
1600.0136108398438 0.9998687000105156 0.00010403690481316537
1600.0344848632812 0.999890714586266 0.00010409647811174136
1600.0552978515625 1.0021679797521872 0.00010409672572063945
1600.0761108398438 0.9992350868443718 0.00010409810549223527
1600.0969848632812 1.0005379879910563 0.00010416645018247479
1600.1177978515625 0.9999794458604249 0.00010420736273171477
1600.1386108398438 0.9997948185603116 0.00010420170592924197
1600.1594848632812 0.9997420087822599 0.00010417368668983244
1600.1802978515625 0.9998947637791822 0.00010414513008129671
1600.2011108398438 1.0004008858168154 0.00010420626858635906
1600.2219848632812 0.9999323912439606 0.00010423068770634242
1600.2427978515625 1.0002388686799653 0.0001041235216969692
1600.2636108398438 0.9998642707683345 0.0001041872321064153
1600.2844848632812 0.9999491603963077 0.00010419780586937356
1600.3052978515625 1.0008251927392957 0.00010422352887603813
1600.3261108398438 0.9992002913003668 0.00010425699897618973
1600.3469848632812 1.0000222780896113 0.00010426491749054951
1600.3677978515625 0.9994330241815629 0.00010429677406995846
1600.3886108398438 1.0000255545451455 0.00010430869647399053
1600.4094848632812 1.0012468294682542 0.0001042874627445892
1600.4302978515625 0.9992444842260686 0.00010438966333075916
1600.4511108398438 1.0004121802075043 0.00010434321423418549
1600.4719848632812 0.9991470161303238 0.0001043275943879783
1600.4927978515625 0.999284223272167 0.0001043518344916093
1600.5136108398438 1.000778352867219 0.0001043380691671716
1600.5344848632812 1.0003230354593944 0.00010435737466467628
1600.5552978515625 1.0007766269558123 0.00010438007857363474
1600.5761108398438 1.0000159905244015 0.00010435788034000659
1600.5969848632812 0.9988409626208263 0.00010437983138998199
1600.6177978515625 0.9991242400746969 0.00010443679368163855
1600.6386108398438 1.0003276367260228 0.0001043814634751165
1600.6594848632812 1.0013284769252417 0.00010445155905450914
1600.6802978515625 1.000210606661091 0.00010439009490557194
1600.7011108398438 0.9994877472648339 0.00010438477080529886
1600.7219848632812 0.9996949502970013 0.00010437908535218982
1600.7427978515625 0.9990426489504066 0.00010441979330321727
1600.7636108398438 1.001358751433637 0.00010446577283429433
1600.7844848632812 1.0001256058552956 0.00010443924789019639
1600.8053588867188 0.9997986780547351 0.00010450970718139868
1600.826171875 1.0002596641314698 0.00010457616317129666
1600.8469848632812 0.9994258220624267 0.0001045540610624256
1600.8678588867188 0.999655513048051 0.00010456108563157308
1600.888671875 1.0005217989315598 0.00010457100771596429
1600.9094848632812 1.0001169394414444 0.00010462405582708451
1600.9303588867188 0.9994659629254096 0.00010457252403085899
1600.951171875 1.0003068275723515 0.00010459624274978802
1600.9719848632812 1.0002124270765227 0.00010456303537814075
1600.9928588867188 0.9996848453535118 0.00010459695415621995
1601.013671875 1.0000136485870796 0.00010455577150050345
1601.0344848632812 0.9998426489136194 0.00010461711553368585
1601.0553588867188 1.000795878531692 0.00010460340791118848
1601.076171875 0.9996215111953384 0.00010459457501216077
1601.0969848632812 1.0000760495988696 0.00010459375058913726
1601.1178588867188 0.9995943805410459 0.00010461927473486856
1601.138671875 0.9998147708843598 0.00010467248129644822
1601.1594848632812 1.0004659216142315 0.00010466300481743787
1601.1803588867188 0.9998627585500544 0.00010471546621473315
1601.201171875 0.9999207193071585 0.00010465159743180045
1601.2219848632812 1.000107740175954 0.00010471301955242455
1601.2428588867188 1.0002181772763634 0.00010469456808759563
1601.263671875 1.00012410262704 0.00010482340232428478
1601.2844848632812 0.9997527155089762 0.00010480498944992716
1601.3053588867188 0.999764051912553 0.00010484080352535452
1601.326171875 0.9998061222686736 0.00010481380694217031
1601.3469848632812 0.9997607518779302 0.0001048147680544217
1601.3678588867188 1.0015168391118163 0.00010480820320946529
1601.388671875 0.9995441507588884 0.0001048544900435144
1601.4094848632812 0.9994127747029934 0.00010481834104420824
1601.4303588867188 0.9995844584226435 0.00010486131287820662
1601.451171875 1.0007045156485208 0.00010485687417283765
1601.4719848632812 0.9999896899861006 0.00010489648865692271
1601.4928588867188 1.0003257890245136 0.00010491494641442994
1601.513671875 0.999684382236153 0.00010489249693216355
1601.5344848632812 0.9993153232905655 0.00010491920749265334
1601.5553588867188 1.000513667348095 0.0001049209681936273
1601.576171875 0.9998215536669212 0.00010496518739256014
1601.5969848632812 1.000430845834306 0.00010493495699261476
1601.6178588867188 0.999841533366847 0.00010495718535573738
1601.638671875 0.9998167582202571 0.00010492743994743846
1601.6594848632812 1.000197382049221 0.0001050019073537283
1601.6803588867188 1.0002447300744073 0.00010501480206167419
1601.701171875 0.999820994127658 0.0001050042400902362
1601.7219848632812 0.9993748016357902 0.00010501896407537842
1601.7428588867188 1.000357260310182 0.00010503392281786338
1601.763671875 1.0003912136973414 0.00010503918496946751
1601.7844848632812 1.000009489345237 0.00010503177726213923
1601.8053588867188 0.9997434227963813 0.000105075810044832
1601.826171875 1.0001918639260599 0.00010500235811202278
1601.8469848632812 0.999466491961159 0.00010505739518535947
1601.8678588867188 0.9997739807897389 0.00010502371231065612
1601.888671875 1.000922135768145 0.0001050162692819279
1601.9094848632812 1.0000330878876589 0.00010502973009289994
1601.9303588867188 0.9996379211040742 0.00010503501824366867
1601.951171875 0.9997935312684522 0.0001050365018476033
1601.9719848632812 0.999839761174506 0.00010511967451499474
1601.9928588867188 1.0007945830926486 0.00010510700138964672
1602.013671875 0.9996871490257895 0.0001050231391588573
1602.0344848632812 0.9991651729383371 0.00010499906047849004
1602.0553588867188 1.0004328737642199 0.00010504314225931509
1602.076171875 1.0010920830070942 0.0001050294173918036
1602.0969848632812 0.9994801666767981 0.00010505178585167199
1602.1178588867188 0.9993483753313085 0.00010502964077736166
1602.138671875 1.0003405123299436 0.00010509778293717638
1602.1594848632812 1.0002789370786502 0.00010512116163182149
1602.1803588867188 0.9998438029593477 0.00010517072564472627
1602.201171875 0.9994404359015271 0.00010502569109581678
1602.2219848632812 0.9994482378388863 0.00010508667322359596
1602.2428588867188 1.0010982375058806 0.00010503019895824436
1602.263671875 1.0000409659930436 0.0001049819947219094
1602.2844848632812 1.0006680181582603 0.00010506569106066758
1602.3053588867188 0.9990971429881977 0.00010509534574098797
1602.326171875 1.0000133591474434 0.00010507357102434936
1602.3469848632812 1.0003822629489516 0.0001051181763889033
1602.3678588867188 0.9996187070295701 0.00010513608504339014
1602.388671875 0.9998633616487141 0.00010521395808066326
1602.4094848632812 1.0004119707391175 0.0001052141220430394
1602.4303588867188 0.9997104856862151 0.00010518508148317274
1602.451171875 1.000293753542478 0.00010518901561121616
1602.4719848632812 0.9995560128265794 0.00010514256031884445
1602.4928588867188 0.9999143886397851 0.00010514198838422761
1602.513671875 0.9998828504427705 0.00010509496507100862
1602.5344848632812 1.0005874379815098 0.0001050818314548551
1602.5553588867188 1.000388451329645 0.00010508955766990493
1602.576171875 0.9990586891924729 0.00010511190316138868
1602.5969848632812 1.00092973347408 0.00010508087289726069
1602.6178588867188 0.999661249272436 0.00010513819240137917
1602.638671875 0.9992472276168162 0.00010514579635875358
1602.6594848632812 1.0001464658133126 0.00010513205784340533
1602.6803588867188 1.0007606876209292 0.00010510149816559429
1602.701171875 0.9997818044178188 0.00010514066696272387
1602.7219848632812 0.9997254998207984 0.00010516289163067232
1602.7428588867188 1.0007668808125705 0.0001052305814821762
1602.763671875 0.9996178316675665 0.00010521890658358828
1602.7844848632812 0.9995620724359204 0.00010529898058500074
1602.8053588867188 0.9995149257517105 0.00010527695576552257
1602.826171875 1.0008037477868859 0.00010523792784231685
1602.8469848632812 0.9999153836950001 0.00010528615559524873
1602.8678588867188 0.9999155194063076 0.00010524151323508309
1602.8887329101562 1.000324428288663 0.0001052415727512142
1602.9095458984375 0.9996629317142689 0.00010528297804869366
1602.9303588867188 1.000034278229953 0.00010528231371234958
1602.9512329101562 0.9999427014960107 0.00010527335859675288
1602.9720458984375 1.000745187648857 0.00010525239574096145
1602.9928588867188 0.999253474459367 0.00010525609180187045
1603.0137329101562 0.9993753959449715 0.00010527376768299493
1603.0345458984375 1.0001251505478308 0.00010523452512418716
1603.0553588867188 1.000796206618923 0.0001052413473802006
1603.0970458984375 1.0008344007008267 0.00010525699833001307
1603.1178588867188 0.9993484123913737 0.00010525728321438312
1603.1387329101562 0.9993714127772471 0.00010524750586138767
1603.1595458984375 0.9998682199263299 0.00010522722112525632
1603.1803588867188 1.0003598428291267 0.00010530415402624455
1603.2012329101562 0.9990871853901883 0.0001051870185411182
1603.2220458984375 1.000853145490659 0.00010513654015770104
1603.2428588867188 1.000493204915551 0.00010519306135574131
1603.2637329101562 0.9999934007937842 0.00010513620893649536
1603.2845458984375 0.999970422503985 0.00010515006665425049
1603.3053588867188 0.9995910301896604 0.00010517672539422037
1603.3262329101562 0.9997208803298556 0.00010520632137086694
1603.3470458984375 0.999893582094339 0.00010531678296987789
1603.3678588867188 1.0005021700229235 0.00010520558455887961
1603.3887329101562 0.9996957052001672 0.00010522959251174069
1603.4095458984375 1.0009599251316208 0.00010522807331572153
1603.4303588867188 0.9993841449166783 0.00010527028854113575
1603.4512329101562 0.9998117262484357 0.00010526481026509506
1603.4720458984375 0.999768141671561 0.00010523232789168791
1603.4928588867188 0.9997519109230193 0.00010526850941119291
1603.5137329101562 1.0020221487871697 0.00010530879959488147
1603.5345458984375 1.0010227540550654 0.00010527112257991067
1603.5553588867188 0.9995224857213867 0.0001052169374992839
1603.5762329101562 0.9999474576445124 0.00010518966909457358
1603.5970458984375 0.9999568629018166 0.0001051758461346434
1603.6178588867188 0.9996165109347069 0.00010519055121624348
1603.6387329101562 1.000696735686252 0.00010516927091775741
1603.6595458984375 1.000389286419569 0.00010517063245185533
1603.6803588867188 0.9993063610134898 0.0001051855887232168
1603.7012329101562 0.9999358247631949 0.00010521689704469623
1603.7220458984375 1.0000566545965237 0.00010514664487938244
1603.7428588867188 0.9996610179165655 0.000105142444260058
1603.7637329101562 1.0001877916406003 0.00010518099868656256
1603.7845458984375 1.0006218221264587 0.00010518090806701623
1603.8053588867188 0.9997686777814743 0.00010519112650674093
1603.8262329101562 0.9999186170641111 0.0001051709278855381
1603.8470458984375 0.9997677305355173 0.00010516689974085088
1603.8678588867188 1.0004576602499926 0.000105215186152661
1603.8887329101562 0.9997398455566437 0.00010530099528994566
1603.9095458984375 1.0001837684164907 0.00010524457454169651
1603.9303588867188 0.9995573650280655 0.00010526706888014938
1603.9512329101562 0.9999391311424112 0.00010528036502664753
1603.9720458984375 1.0002252431402283 0.0001052768823495706
1603.9928588867188 1.0000663270928132 0.00010533482467773039
1604.0137329101562 1.0001467865312195 0.0001053061653486915
1604.0345458984375 0.9998476632835708 0.00010524648340169811
1604.0553588867188 0.9998252490703875 0.00010525123467774102
1604.0762329101562 1.000277780853498 0.0001052528730244421
1604.0970458984375 0.9995001541601493 0.00010524328629962388
1604.1178588867188 1.0002437226038734 0.00010526042874123408
1604.1387329101562 1.0009048733416723 0.00010525892479849612
1604.1595458984375 0.9992455019227794 0.00010524434097412027
1604.1803588867188 1.0002434424243505 0.00010543852660269201
1604.2012329101562 0.999684397004113 0.00010534680613658892
1604.2220458984375 0.9994530814984784 0.00010532496806568404
1604.2428588867188 1.0006274523930212 0.00010525366895802206
1604.2637329101562 0.9998214335430333 0.00010524832827464406
1604.2845458984375 1.000536769935796 0.00010523671817030219
1604.3053588867188 1.0001117023179118 0.00010526534259711694
1604.3262329101562 0.9990495709873334 0.0001052536344083466
1604.3470458984375 1.000038317048274 0.00010522195380395909
1604.3678588867188 1.0006810065020282 0.00010518520968611669
1604.3887329101562 0.9998774313310398 0.00010522259234601533
1604.4095458984375 0.9997418790558499 0.00010517742061351762
1604.4303588867188 1.0002656385923792 0.00010523725743173063
1604.4512329101562 0.9998238361020161 0.0001052155926534229
1604.4720458984375 0.999775523523155 0.00010521778581681118
1604.4928588867188 1.0010457797109413 0.00010526105312794508
1604.5137329101562 0.9993575606707011 0.00010525045645954965
1604.5345458984375 0.9992547973510902 0.00010527968649616224
1604.5553588867188 1.0005246835106296 0.00010524268906411698
1604.5762329101562 1.0002884523211863 0.00010528572392724826
1604.5970458984375 0.999946889734083 0.00010521610877807505
1604.6178588867188 1.0001027485140668 0.00010517819742878118
1604.6387329101562 0.9997521452014086 0.00010521970350905132
1604.6595458984375 1.0004099498462489 0.00010521001237709812
1604.6803588867188 1.0003171766559855 0.00010519606117520368
1604.7012329101562 0.9997170400493933 0.00010521760750411492
1604.7220458984375 0.9993627871254341 0.00010517174076500556
1604.7428588867188 0.9999063142957835 0.00010517356061392918
1604.7637329101562 1.0008491229590326 0.00010520184380922011
1604.7845458984375 0.9996902229595103 0.00010520795231717505
1604.8053588867188 1.000359499592105 0.00010519041514706575
1604.8262329101562 0.9992560637423837 0.00010513419839076196
1604.8470458984375 0.9999183422008285 0.0001051747295086884
1604.8678588867188 1.0009754638358843 0.00010511323753686754
1604.8887329101562 0.9992141709122792 0.00010512421696037311
1604.9095458984375 1.000081240698078 0.00010512904198198672
1604.9303588867188 1.0005886123681416 0.00010512042000834707
1604.9512329101562 0.9998742274895496 0.00010517646472315446
1604.9720458984375 0.9996546322077834 0.00010514486230218359
1604.9928588867188 0.9997884873205538 0.0001051177516246046
1605.0137329101562 0.9999769290677543 0.00010514333650101959
1605.0345458984375 1.0002146959188243 0.00010510712717226895
1605.0553588867188 1.0002307225978972 0.00010511161616259477
1605.0762329101562 1.0001793097071812 0.00010501608769890945
1605.0970458984375 0.9991044122134295 0.00010509529935216087
1605.1178588867188 1.0005789924821182 0.0001050048009354006
1605.1387329101562 0.9996640261758248 0.0001050554880146049
1605.1596069335938 1.0003631563407493 0.00010495705595102705
1605.180419921875 1.0005160848306465 0.0001050188205046686
1605.2012329101562 0.9995022696855171 0.0001049953615846314
1605.2221069335938 1.000083872386077 0.00010498373286511656
1605.242919921875 0.9995562397051844 0.00010498562444138696
1605.2637329101562 1.0000124453828916 0.00010495955633700151
1605.2846069335938 1.0003527040920557 0.00010495606850670996
1605.305419921875 0.9996291072741244 0.00010501319363666302
1605.3262329101562 1.0002854899746685 0.00010495727907222454
1605.3471069335938 1.0006531995963412 0.00010491210282003149
1605.367919921875 0.9992083336766461 0.00010492655958026112
1605.3887329101562 1.0003295983242178 0.00010493162326289578
1605.4096069335938 0.99946520755366 0.00010494167059289898
1605.430419921875 1.000000431495859 0.00010490780700371547
1605.4512329101562 1.0005434847748027 0.00010491344477802263
1605.4721069335938 0.9995013823823236 0.00010491989809030226
1605.492919921875 1.0006662872625238 0.00010494055346614478
1605.5137329101562 1.0003368760710865 0.00010505392118027546
1605.5346069335938 0.999096461775152 0.00010493144378144355
1605.555419921875 0.9997255816004106 0.00010503531128430847
1605.5762329101562 1.0002216861263944 0.00010493724207693735
1605.5971069335938 1.0002301837567473 0.00010496530539717819
1605.617919921875 1.0006460472772405 0.00010494742711103354
1605.6387329101562 0.998983047839477 0.00010488928494325488
1605.6596069335938 1.0004526805447707 0.00010497449977450451
1605.680419921875 0.9993561563120592 0.00010495991513142948
1605.7012329101562 1.0009461396753891 0.00010493465377383404
1605.7221069335938 0.9998794298998126 0.00010502684221973806
1605.742919921875 0.9999044963460129 0.00010498990401236369
1605.7637329101562 1.0000979431128663 0.0001049896706694705
1605.7846069335938 0.9993575303215011 0.00010507109953085918
1605.805419921875 1.0004505560544783 0.00010515275798102248
1605.8262329101562 1.0004041106016017 0.0001050846410955065
1605.8471069335938 0.9993564045301739 0.0001051470263288785
1605.867919921875 0.999748930937283 0.00010507846703017304
1605.8887329101562 1.0005286521153671 0.00010512006240890691
1605.9096069335938 0.9997139087436403 0.00010505231626020814
1605.930419921875 1.0001215668086199 0.000105069717191962
1605.9512329101562 1.0002202522675836 0.00010510301086133826
1605.9721069335938 1.0000334702687268 0.00010508743918789034
1605.992919921875 1.0003180984555589 0.00010512992293549837
1606.0137329101562 0.9994808182772447 0.00010511708831959214
1606.0346069335938 0.999499204051429 0.00010515755035963687
1606.055419921875 1.0000087316848731 0.00010513527679644197
1606.0762329101562 1.0004639352646205 0.00010514779925727678
1606.0971069335938 1.00063145450204 0.00010516908107348824
1606.117919921875 0.9997688216018453 0.00010517790229640666
1606.1387329101562 0.9995943118162336 0.00010520096575599585
1606.1596069335938 1.00014844539941 0.00010528417120771043
1606.180419921875 0.9996231582698012 0.00010522528919335074
1606.2221069335938 1.0000955985024897 0.00010525603718583264
1606.242919921875 0.9999924575035989 0.0001053177483116341
1606.2637329101562 1.0004609493831105 0.00010528227459715345
1606.2846069335938 0.9999264280124318 0.00010528176035919433
1606.305419921875 0.9998364808548996 0.00010525806849089418
1606.3262329101562 0.999932944406774 0.00010527120750298343
1606.3471069335938 0.9997748355588592 0.00010529658277732724
1606.367919921875 1.0004070712223725 0.00010529101805776884
1606.3887329101562 1.0000813783462255 0.00010529266618577882
1606.4096069335938 0.9994222341936876 0.00010528685437079885
1606.430419921875 1.0002687198411557 0.00010531090093115769
1606.4512329101562 1.000496282399099 0.00010540489204641777
1606.4721069335938 0.9991179675015227 0.00010534165682977416
1606.492919921875 1.0006616780469466 0.00010538102752992348
1606.5137329101562 0.9995227679175728 0.00010537010842507465
1606.5346069335938 1.0001595183071466 0.00010533672384067122
1606.555419921875 1.0010798614409884 0.00010544802332650452
1606.5762329101562 0.9996590230859062 0.00010541327496445216
1606.5971069335938 0.9990621918902407 0.00010539803375210756
1606.617919921875 0.9996674528641967 0.00010540320307058236
1606.6387329101562 0.999988685722133 0.00010538530521266571
1606.6596069335938 1.0005771036190607 0.00010541146214584268
1606.680419921875 1.0004484507781823 0.00010541746004055663
1606.7012329101562 0.9998079238872728 0.00010535888599181453
1606.7221069335938 0.9998650157427407 0.00010538973833270737
1606.742919921875 1.0001525455272913 0.00010537185712765124
1606.7637329101562 1.0000316930435822 0.00010543582821363828
1606.7846069335938 0.9995355222392116 0.00010550004361266214
1606.805419921875 1.000373842924696 0.00010545196739782992
1606.8262329101562 1.0002312235062254 0.00010545716234897095
1606.8471069335938 0.9997093818351772 0.00010547588774658293
1606.867919921875 0.9995956678278974 0.00010547620156971088
1606.8887329101562 0.9997656290382487 0.00010541301711572837
1606.9096069335938 1.0002744765817926 0.000105417096471881
1606.930419921875 1.0007713593047667 0.00010536927353991147
1606.9512329101562 0.9996388349703591 0.00010536248105283579
1606.9721069335938 1.0000497963725932 0.00010537669097717545
1606.992919921875 0.9998122227010355 0.00010537563559951658
1607.0137329101562 0.999827971113395 0.00010537824067268182
1607.0346069335938 1.0000976469741607 0.00010541824325536926
1607.055419921875 1.0001352953991838 0.00010541205931952274
1607.0762329101562 1.0004899594474441 0.00010542953261399323
1607.0971069335938 0.9997135927898954 0.0001054197817026702
1607.117919921875 0.9992168270986826 0.00010545881680218007
1607.1387329101562 1.0002020121789192 0.00010546404113868685
1607.1596069335938 1.0006165578569284 0.00010550743979138475
1607.180419921875 0.9994814547487161 0.00010544617732462294
1607.2012329101562 1.0008080095781455 0.00010545711039332774
1607.2221069335938 0.9996750733555607 0.000105453736055849
1607.242919921875 0.9995572431132107 0.00010550843258264113
1607.2637329101562 1.0001229433050116 0.00010548899037177481
1607.2846069335938 0.999734693656388 0.00010545900063882337
1607.305419921875 1.0001267512795993 0.00010546621067547458
1607.3262329101562 1.0000699646610467 0.00010548757706270917
1607.3471069335938 1.0005132086727588 0.00010545561690550172
1607.367919921875 1.0004885582517578 0.00010546192893921827
1607.3887329101562 0.9990241980370309 0.00010550230167527332
1607.4096069335938 0.9996943142698546 0.0001055002953949164
1607.430419921875 0.9997188661205332 0.00010548340875987413
1607.4512329101562 1.0008770536023355 0.0001055038765775132
1607.4721069335938 1.000213638669586 0.00010547934750819698
1607.492919921875 0.9999104513087299 0.00010548522715069849
1607.5137329101562 0.9999776854946945 0.00010550334530919073
1607.5346069335938 0.9992819148638521 0.00010551517760016081
1607.555419921875 1.0004656521133999 0.00010554085792194594
1607.5762329101562 1.000317113476551 0.00010563763388521731
1607.5971069335938 0.9991635843846971 0.00010549804579462433
1607.617919921875 1.0005732707325288 0.00010549435675338236
1607.6387329101562 0.999826207840555 0.00010552851452461117
1607.6596069335938 1.0003220371626182 0.00010545310550715532
1607.680419921875 0.9998785072465319 0.00010544996158194639
1607.7012329101562 0.9992110826773485 0.00010543551448152212
1607.7221069335938 1.0011644665073636 0.00010547923871663114
1607.742919921875 0.9997161476971915 0.00010543379851324265
1607.7637329101562 0.9998435071695452 0.00010545784666812517
1607.7846069335938 0.9999604014143416 0.00010543651089854065
1607.8054809570312 0.9995688162968599 0.00010556694700639131
1607.8262939453125 1.0009277097538463 0.00010550349622268791
1607.8471069335938 0.999922230886827 0.00010550706865315551
1607.8679809570312 0.9994355136271211 0.00010561129640142415
1607.8887939453125 0.9995086906704589 0.00010545793799010572
1607.9096069335938 1.0006024937302065 0.00010546574570884836
1607.9304809570312 1.0002540297946219 0.00010548382875253554
1607.9512939453125 0.9998181984475234 0.00010547243322387227
1607.9721069335938 1.0001614972818993 0.00010543654579527228
1607.9929809570312 0.9997101697246672 0.00010544719029038873
1608.0137939453125 0.9999402329545708 0.00010543250016248073
1608.0346069335938 1.000091304604986 0.00010544460986403712
1608.0554809570312 1.0001877565679274 0.00010543868129863734
1608.0762939453125 1.0000708171200816 0.0001054074119681669
1608.0971069335938 0.9995878837563982 0.00010542563845962114
1608.1179809570312 1.000067181553141 0.00010543026252736194
1608.1387939453125 1.0003799292360218 0.00010543110398294504
1608.1596069335938 1.0001465447602278 0.0001054662567016586
1608.1804809570312 0.999556776527203 0.00010548995037211891
1608.2012939453125 0.999932015612068 0.00010551092773525635
1608.2221069335938 1.0004258492457623 0.00010549924934185347
1608.2429809570312 0.9995242712936214 0.00010545376249614792
1608.2637939453125 1.0001424350606847 0.00010543462080971397
1608.2846069335938 0.9999624864779435 0.00010541618360840139
1608.3054809570312 0.9997114710736772 0.00010538579826516078
1608.3262939453125 1.0002555165944562 0.00010536549556611484
1608.3471069335938 1.0001488733912083 0.00010535249493650675
1608.3679809570312 1.0000872155553673 0.00010539167296645187
1608.3887939453125 0.9996964603013814 0.00010536427005763598
1608.4096069335938 1.0009353966035626 0.00010538676882548583
1608.4304809570312 0.9994998487542864 0.00010547103300565048
1608.4512939453125 0.9994347928784819 0.00010542523902540838
1608.4721069335938 1.000023061611997 0.00010545352139514744
1608.4929809570312 0.9998191629561436 0.00010544590989503553
1608.5137939453125 1.0008357818384466 0.00010547047293944006
1608.5346069335938 0.9999378111539763 0.00010548630797357126
1608.5554809570312 1.0001407301997167 0.00010550137981593041
1608.5762939453125 0.99946395874033 0.00010548927090362158
1608.5971069335938 0.9995018280421148 0.00010557843863512613
1608.6179809570312 1.0003640616205234 0.00010558767715605159
1608.6387939453125 1.000287412251331 0.00010554397473068458
1608.6596069335938 1.000411130152137 0.00010559050792998405
1608.6804809570312 0.9996548684914386 0.00010557934935588583
1608.7012939453125 1.0000663532435048 0.00010560253964840136
1608.7221069335938 0.9993741272122075 0.00010558140062914557
1608.7429809570312 1.000252275159271 0.00010557545465984862
1608.7637939453125 1.0002758816633768 0.0001055819746500934
1608.7846069335938 1.0000580854972172 0.00010562051799520305
1608.8054809570312 0.9998378589863273 0.00010557810817765605
1608.8262939453125 0.9999204450159792 0.00010555705177280304
1608.8471069335938 0.999925592186596 0.000105553195335136
1608.8679809570312 1.0004364574597948 0.00010556577596888548
1608.8887939453125 0.999593380652081 0.00010555027691209332
1608.9096069335938 0.999972486551689 0.00010564708187476538
1608.9304809570312 1.0002911014919473 0.00010555949326525955
1608.9512939453125 1.0002178837219864 0.00010557328050357612
1608.9721069335938 0.9996755003603297 0.00010556968301197438
1608.9929809570312 0.9997954257079822 0.0001056000202075953
1609.0137939453125 1.000105443033311 0.00010557656938280537
1609.0346069335938 1.0001315800018593 0.0001055703604451067
1609.0554809570312 0.999843919279641 0.00010553945511733738
1609.0762939453125 0.9998783621665955 0.00010554768375020641
1609.0971069335938 1.0005463496564215 0.00010550403714583967
1609.1179809570312 0.9998031812763831 0.00010550461158986397
1609.1387939453125 0.9995535660420686 0.00010557327367750643
1609.1596069335938 1.00006997409686 0.00010549253619724795
1609.1804809570312 1.0004941969601744 0.00010545625246156773
1609.2012939453125 0.9998209012764364 0.00010547931169131064
1609.2221069335938 0.9998554586891828 0.00010557832911850163
1609.2429809570312 1.000259820702105 0.00010546707557310237
1609.2637939453125 1.0000358917205594 0.00010550612777422751
1609.2846069335938 0.9994784592844757 0.00010554379069013118
1609.3054809570312 1.0003523072104414 0.00010549459259781553
1609.3262939453125 1.00018891428891 0.00010556242989339092
1609.3471069335938 0.9999035769578962 0.00010554377433013086
1609.3679809570312 0.9997142558771026 0.00010552823330559786
1609.3887939453125 0.9999984606137711 0.00010554962298968492
1609.4096069335938 1.0000116879704064 0.00010554249589189223
1609.4304809570312 1.0003299942287875 0.00010548831728867487
1609.4512939453125 0.9998670739287473 0.00010546792124668351
1609.4721069335938 0.9997703218244877 0.00010543541004073613
1609.4929809570312 0.9996322490264585 0.00010542664871395882
1609.5137939453125 1.0004637110747727 0.00010539465750248132
1609.5346069335938 1.0004196477715945 0.00010538504484324414
1609.5554809570312 0.9999973673243022 0.00010538940195784664
1609.5762939453125 0.9997373699948218 0.00010538105807358668
1609.5971069335938 0.9998549869415095 0.00010545578114162603
1609.6179809570312 0.9997050244063611 0.00010551452931945629
1609.6387939453125 0.9997133493833052 0.00010542018882500379
1609.6596069335938 1.0001772949815397 0.00010544773864558217
1609.6804809570312 1.0002230171480142 0.00010548952077708327
1610.8054809570312 1.0012503470630976 0.0001212208148025089
1610.8262939453125 0.9994046605259788 0.00012300110748520788
1610.8471069335938 0.9988164323725439 0.0001244492280922793
1610.8679809570312 1.0001423339042974 0.0001254951148328887
1610.8887939453125 0.9986570805216787 0.00012622936209710425
1610.9096069335938 1.000771749626834 0.00012675414406321839
1610.9304809570312 0.9976684605475284 0.0001271540607325512
1610.9512939453125 1.0005645343315288 0.0001275237304130112
1610.9721069335938 1.000080724573429 0.00012797622466520327
1610.9929809570312 0.9991412502923411 0.00012870462683550036
1611.0137939453125 0.9973874268430004 0.00012944334667975074
1611.0346069335938 0.9973325036259731 0.00013018668289660565
1611.0554809570312 1.0010229852339727 0.00013055568277147366
1611.0762939453125 1.0003362427423896 0.0001305612671100785
1611.0971069335938 0.9989859253940122 0.0001303478185829713
1611.1179809570312 1.000338932181555 0.00012999445556328293
1611.1387939453125 0.9964369714092186 0.00012955258328076725
1611.1596069335938 0.9963503678380898 0.00012902786928547797
1611.1804809570312 1.001944863399939 0.00012844645875079166
1611.2012939453125 1.0016257039201386 0.00012794626679304906
1611.2221069335938 0.9962778287483931 0.00012748972755392463
1611.2429809570312 0.9977453678524961 0.00012684815489788352
1611.2637939453125 1.0004214091825834 0.00012620192638054605
1611.2846069335938 0.9951749532880156 0.0001256542383102843
1611.3054809570312 1.0011523675953136 0.00012519591854626646
1611.3262939453125 0.9995785908174167 0.00012483079798482946
1611.3471069335938 1.0020652354264117 0.00012464680263054976
1611.3679809570312 0.9974355037382348 0.00012438606857069983
1611.3887939453125 1.001867820579617 0.00012394055137373417
1611.4096069335938 1.0036392932695892 0.0001236961895658079
1611.4304809570312 1.0034378485262716 0.00012353626172719473
1611.4512939453125 0.9976393003290964 0.00012344941652335926
1611.4721069335938 1.0038422065227322 0.00012336464780503256
1611.4929809570312 0.9989678296460832 0.00012330725815863088
1611.5137939453125 1.0003317350896443 0.00012329884500395714
1611.5346069335938 0.9979722041205921 0.00012304424455976225
1611.5554809570312 1.0001005815617336 0.0001228376679117398
1611.5762939453125 1.0016850057623021 0.00012242495351306694
1611.5971069335938 0.9996517622270645 0.0001219665647844984
1611.6179809570312 0.9991592855559697 0.000121459638162651
1611.6387939453125 1.000026829127526 0.00012089144352647704
1611.6596069335938 1.0010482724647467 0.00012038710548602146
1611.6804809570312 0.9998105801905841 0.0001199278131750429
1611.7012939453125 0.9987738691060689 0.0001195972071505944
1611.7221069335938 0.9979489585889887 0.00011936671951828991
1611.7429809570312 1.0012913795713825 0.0001192199708932444
1611.7637939453125 0.9998440322473822 0.00011920021206478545
1611.7846069335938 1.0028038600028937 0.00011920101536470454
1611.8054809570312 1.000353316143685 0.00011916149808153829
1611.8262939453125 0.9996548277706727 0.00011904504882253485
1611.8471069335938 0.9997130342334682 0.00011897155765310538
1611.8679809570312 0.9999506208096302 0.00011880395068376434
1611.8887939453125 1.0001268109953803 0.00011856594282849669
1611.9096069335938 0.9999529678226424 0.00011824901126887625
1611.9304809570312 0.9993250480133735 0.00011791868479099322
1611.9512939453125 1.0005396947774818 0.00011746746972023606
1611.9721069335938 1.0027027795233476 0.0001170355178955868
1611.9929809570312 0.9999552739334648 0.00011665154392729247
1612.0137939453125 1.0006986282564034 0.00011619865680186435
1612.0346069335938 0.999483393969005 0.00011582100681094246
1612.0554809570312 1.002296303867896 0.00011546501363251961
1612.0762939453125 0.9995847251020769 0.00011513801401834582
1612.0971069335938 1.0010032604103545 0.00011483034441540948
1612.1179809570312 0.998732959232397 0.00011459949452346138
1612.1388549804688 1.0011049598242796 0.00011439616869048603
1612.15966796875 0.9995847447409263 0.0001141323573631599
1612.1804809570312 1.0002066766993305 0.00011393077553500137
1612.2013549804688 0.999199263737732 0.00011364401539374978
1612.22216796875 1.0005168137365243 0.000113392291603698
1612.2429809570312 1.0002835173067257 0.00011313345996267646
1612.2638549804688 1.0000673508877151 0.00011284358582693514
1612.28466796875 0.9999560412536168 0.0001125187515744233
1612.3054809570312 0.9992039280896624 0.00011219527575987829
1612.3263549804688 1.0008845738227352 0.00011187467307746217
1612.34716796875 0.9998063071042412 0.00011161606401232258
1612.3679809570312 0.9993747604578407 0.00011126233072951393
1612.3888549804688 0.9975967368663151 0.00011104981307984835
1612.40966796875 1.000643065128857 0.0001108805878140844
1612.4304809570312 0.9997748033582173 0.00011077782396434805
1612.4513549804688 1.0003212834346138 0.00011060876773126918
1612.47216796875 0.9997788920150543 0.00011058856559585454
1612.4929809570312 0.9998654302667235 0.00011046231350227453
1612.5138549804688 0.99975550817697 0.00011046159800774299
1612.53466796875 1.0003699928878496 0.00011051829159273293
1612.5554809570312 1.0000804522377635 0.0001104901193488299
1612.5763549804688 1.0004311129992935 0.00011048834257169241
1612.59716796875 0.999632910916345 0.00011044260138122937
1612.6179809570312 0.9994632890519791 0.00011046025241235275
1612.6388549804688 1.0000529563748235 0.00011041010280101054
1612.65966796875 1.0007343592615112 0.00011038650516405025
1612.6804809570312 0.9994708111744991 0.00011030561948804244
1612.7013549804688 1.0000627041590888 0.00011019885858280463
1612.72216796875 1.0000131698539032 0.00011011011601858645
1612.7429809570312 0.9996903492269031 0.00011004160577318579
1612.7638549804688 1.0004946563781267 0.00010996815834926693
1612.78466796875 0.9994904413829037 0.00010982946601824828
1612.8054809570312 1.000877768826513 0.00010976915574318286
1612.8263549804688 0.9996033293436625 0.00010970536042620029
1612.84716796875 0.9998523935822254 0.00010964813410651015
1612.8679809570312 1.0005313895254084 0.00010957718685061247
1612.8888549804688 0.9995587514847489 0.00010951033632986224
1612.90966796875 0.9994689056588685 0.00010933395282635176
1612.9304809570312 0.9998073346847313 0.000109180367615177
1612.9513549804688 1.0008526921765792 0.00010905938576045329
1612.97216796875 0.9998525174724837 0.00010888475647944145
1612.9929809570312 1.0000332063256732 0.00010872493265307143
1613.0138549804688 0.9999899273211442 0.0001085653363433095
1613.03466796875 0.9999333118339694 0.00010844236650884296
1613.0554809570312 1.0003692186338027 0.00010833916200508989
1613.0763549804688 1.0000119235661045 0.00010823230951819373
1613.09716796875 0.9992238338705757 0.00010813605603103517
1613.1179809570312 1.0003792567987568 0.00010806313744204096
1613.1388549804688 0.9995947025791018 0.00010807559091073011
1613.15966796875 1.0002856817090067 0.00010788809667337207
1613.1804809570312 1.0002831200370623 0.00010784570800566519
1613.2013549804688 0.9996936164735434 0.00010774762084645722
1613.22216796875 1.0006160123463563 0.00010772421489859369
1613.2429809570312 0.9996287997319896 0.00010769530207078815
1613.2638549804688 0.9997216610720943 0.00010758479987884838
1613.28466796875 1.0001392023011029 0.00010746835483665589
1613.3054809570312 0.9998897013192807 0.00010738070115518466
1613.3263549804688 1.0003742833455938 0.00010730260983066781
1613.34716796875 0.9997688384009626 0.00010714941072972414
1613.3679809570312 1.0005824290453897 0.00010705494645390575
1613.3888549804688 0.9992462298943317 0.0001069929044685793
1613.40966796875 1.0001798202406291 0.00010686450131524648
1613.4304809570312 0.9995612369452399 0.00010679793593251518
1613.4513549804688 1.0002928607542096 0.0001067179714496924
1613.47216796875 1.0001225338176443 0.00010665222532688562
1613.4929809570312 1.000236511937021 0.00010666626849445429
1613.5138549804688 1.0000079031018103 0.0001065935657792259
1613.53466796875 0.9999105260464077 0.00010658596626039453
1613.5554809570312 1.0000347620528096 0.00010661979470415214
1613.5763549804688 0.9997465174561939 0.00010660111579923952
1613.59716796875 0.9996244594240817 0.0001066053500032263
1613.6179809570312 1.000298371037907 0.0001066013141568972
1613.6388549804688 1.000445375731429 0.0001066162635305699
1613.65966796875 1.0006256010202796 0.00010660652147494599
1613.6804809570312 0.9994786418764864 0.00010659668499036911
1613.7013549804688 0.99985365506786 0.00010659607056091515
1613.72216796875 0.9999306036003114 0.00010647394343801702
1613.7429809570312 0.9998680941278602 0.00010641824871251338
1613.7638549804688 1.0005129927297167 0.00010645130033807701
1613.78466796875 1.000362838629661 0.00010637304656228852
1613.8054809570312 1.0003763256802904 0.00010638723809179003
1613.8263549804688 1.0006284249545545 0.00010639347989470034
1613.84716796875 0.9999240683505886 0.000106343612323771
1613.8679809570312 0.999020276074382 0.00010633777406761989
1613.8888549804688 0.9996274780081054 0.00010637979642153313
1613.90966796875 1.0002727578058266 0.00010633314303439292
1613.9304809570312 1.000509142862303 0.00010628160989221677
1613.97216796875 0.9998823206520536 0.00010621103874209404
1613.9929809570312 0.9999365500894041 0.00010618530977545126
1614.0138549804688 1.0009634603223745 0.00010619106918091618
1614.03466796875 0.9988761654398588 0.00010620090799328857
1614.0554809570312 0.9996902502388765 0.00010619669430869432
1614.0763549804688 1.000265593417984 0.00010626529225297327
1614.09716796875 1.0003827337944742 0.00010625244211248597
1614.1179809570312 1.0004440891596937 0.00010624321527794396
1614.1388549804688 0.9998101320937626 0.00010613567254669745
1614.15966796875 0.9989005311261783 0.00010605093920414488
1614.1804809570312 0.999325742427998 0.00010595824565816635
1614.2013549804688 1.0004974713693329 0.0001058547330065941
1614.22216796875 1.001015660849849 0.0001058106849097856
1614.2429809570312 1.0001311217610978 0.00010567118430881768
1614.2638549804688 0.9997091568881582 0.00010559010874192356
1614.28466796875 0.9997672854245591 0.00010558957522564055
1614.3054809570312 1.0004104853044415 0.0001055663967572456
1614.3263549804688 1.000466506759752 0.00010551533493698432
1614.34716796875 0.9992337537072667 0.00010552682688127187
1614.3679809570312 0.9998624313130452 0.00010548293428974044
1614.3888549804688 1.000215588983961 0.00010544728389742958
1614.40966796875 0.9999260910624547 0.00010545382589815495
1614.4304809570312 0.9995009111804732 0.00010542941511135443
1614.4513549804688 1.0011688487633659 0.00010539847641250165
1614.47216796875 0.9994637307388832 0.00010541277100456812
1614.4929809570312 1.0002804864670483 0.00010540254844844793
1614.5138549804688 0.9993225181024172 0.00010538850825151497
1614.53466796875 0.9996824026556854 0.00010543856719024478
1614.5554809570312 1.0005632075315969 0.00010540925598217034
1614.5763549804688 1.0005123804194276 0.00010539849925362189
1614.59716796875 0.9994613978977972 0.00010538190885731974
1614.6179809570312 1.000101505113827 0.0001053748237629374
1614.6388549804688 0.9996917530234738 0.00010538176977296081
1614.65966796875 1.0003073817133068 0.00010541932199882902
1614.6804809570312 0.9998906462833391 0.00010540347307732603
1614.7013549804688 1.0005076701927333 0.00010535376379047486
1614.72216796875 0.9993230272692001 0.00010536297531282716
1614.7429809570312 1.0004697319930163 0.00010539043523349072
1614.7638549804688 0.9999926263141808 0.00010536348264615963
1614.78466796875 0.9995291986554394 0.0001053919739635115
1614.8054809570312 1.000388975756395 0.0001054091674049476
1614.8263549804688 0.9996768260009936 0.00010541195235532875
1614.84716796875 1.0006751133541751 0.0001054098340319772
1614.8679809570312 0.9994072984783239 0.00010544659530040816
1614.8888549804688 0.9995043569183457 0.00010542031374242974
1614.90966796875 1.0010581770026086 0.00010541876539964438
1614.9304809570312 0.9994320419538731 0.00010539434190080342
1614.9513549804688 1.000166252728295 0.00010539525850335962
1614.97216796875 0.999954003442627 0.00010532112171393779
1614.9929809570312 0.9996522397588642 0.00010535917973800414
1615.0138549804688 1.0004828060627948 0.00010533355779955085
1615.03466796875 0.9997952933903034 0.0001053077043766909
1615.0554809570312 1.0006580011002126 0.00010533753347647442
1615.0763549804688 0.9994972509866666 0.00010534826586797189
1615.09716796875 0.9997262518924683 0.00010536088339989271
1615.1179809570312 1.0001897565478572 0.00010538394563266278
1615.1388549804688 0.9995818596508635 0.00010529023573436496
1615.15966796875 1.000591366460293 0.00010530197790039942
1615.1804809570312 0.9997949594719224 0.00010527559035961976
1615.2013549804688 1.0002023806044666 0.00010531770195548066
1615.22216796875 0.9999685404385047 0.0001052734522738519
1615.2429809570312 0.9994793099821375 0.00010525366974005064
1615.2638549804688 1.0001926517401882 0.00010525368797277623
1615.28466796875 1.0007178343366174 0.00010526944376954556
1615.3054809570312 0.9998655281028569 0.00010528007053986528
1615.3263549804688 0.9993334633416248 0.00010528797497545785
1615.34716796875 1.0000427707122739 0.00010527407104802583
1615.3679809570312 1.0002257835872976 0.00010522078242097602
1615.3888549804688 1.0002351171056054 0.00010521635900651163
1615.40966796875 0.9994860129005657 0.00010518643635356006
1615.4304809570312 1.0000673733220216 0.00010512134259141834
1615.4513549804688 1.0001765305904844 0.00010516526591555489
1615.47216796875 1.0004466020522587 0.00010516376080115673
1615.4929809570312 1.000167150860164 0.0001051578444651876
1615.5138549804688 0.9993959416127686 0.0001051207106581972
1615.53466796875 0.9994054117959343 0.00010516207025900728
1615.5554809570312 1.0001555706278584 0.00010511540111148859
1615.5763549804688 1.000697837375626 0.0001050820680092751
1615.59716796875 0.9998251641749872 0.0001050710744069173
1615.6179809570312 0.9999874964608431 0.00010509081334674267
1615.6388549804688 1.00053742647532 0.00010515044753366667
1615.65966796875 0.9996583325190938 0.00010511056415020683
1615.6804809570312 0.999835879810229 0.00010514563513177628
1615.7013549804688 0.9993355206668019 0.0001051181516733526
1615.72216796875 1.0000198067434505 0.00010505241942256914
1615.7429809570312 1.0004036208516882 0.00010503982651939423
1615.7638549804688 1.000717702748268 0.00010505811724980086
1615.78466796875 0.9995932073957503 0.00010502549147897635
1615.8054809570312 1.0000754341448397 0.00010504622479961823
1615.8263549804688 0.9998134248318653 0.00010500101945866591
1615.84716796875 0.9995731308114322 0.00010505293907723862
1615.8679809570312 1.0003165771479674 0.0001050954163114957
1615.8888549804688 1.000280731926347 0.00010507754684714783
1615.90966796875 0.9999119281959048 0.0001050611771352141
1615.9304809570312 1.0000774263591572 0.00010506719111485455
1615.9513549804688 0.9994906809931052 0.00010507795002451469
1615.97216796875 1.0005979793617008 0.00010518477471290944
1615.9929809570312 0.9995907608819716 0.00010510603871707071
1616.0138549804688 1.0002494025026436 0.00010512713943965019
1616.03466796875 0.9994320933579823 0.00010504034886109985
1616.0554809570312 1.0000011946699126 0.00010503024646128041
1616.0763549804688 1.0011749315968643 0.00010504754090727134
1616.09716796875 0.9997229376897948 0.00010501377515143674
1616.1179809570312 0.9989268309878025 0.0001050594571125434
1616.1388549804688 1.0002433859832844 0.00010505411244244946
1616.15966796875 1.000995189092547 0.00010506269297785178
1616.1804809570312 0.9997385927926287 0.00010509674852125641
1616.2013549804688 0.9993168799297274 0.00010514052827962407
1616.22216796875 1.000122679897301 0.00010509183867733486
1616.2429809570312 1.0001464642301445 0.00010512379494449805
1616.2638549804688 1.0007662553393406 0.00010512013297863275
1616.28466796875 0.9989953259199165 0.00010512346994270072
1616.3054809570312 1.0001633030542967 0.00010510254712777836
1616.3263549804688 0.9999560970737507 0.00010508388493164375
1616.34716796875 0.9997913550826876 0.00010507459844968846
1616.3679809570312 1.00036548488784 0.00010505694758018481
1616.3888549804688 1.0001622683645606 0.00010511180513787269
1616.40966796875 1.0003778572181854 0.00010509033523578253
1616.4304809570312 0.9996211495851025 0.00010510747921653567
1616.4513549804688 0.9997664412634624 0.00010507598501847978
1616.47216796875 0.9996185135675735 0.00010512705575345681
1616.4929809570312 1.0004435039550796 0.00010515557941285279
1616.5138549804688 1.000596743425371 0.00010518514319904587
1616.53466796875 0.9997823319131158 0.00010525907498626567
1616.5554809570312 0.9996465728381196 0.00010521314869722105
1616.5763549804688 0.9993683880448094 0.00010525817640243427
1616.59716796875 1.0004286081983615 0.00010525159151838988
1616.6179809570312 1.0002613637683375 0.00010525410391820311
1616.6388549804688 1.000358889673246 0.0001053056715600316
1616.65966796875 0.9996773949532425 0.00010529548325450388
1616.6804809570312 0.9996474334552026 0.00010522880277695371
1616.7013549804688 1.0002155999913984 0.00010524194416329277
1616.72216796875 0.9999488657634732 0.00010525244889359668
1616.7429809570312 1.0001667026946282 0.0001052223514840658
1616.7638549804688 0.9999233283172742 0.00010522670078260665
1616.78466796875 1.0006381098326333 0.00010525186148872472
1616.8054809570312 0.9988627542749212 0.00010526202693809002
1616.8263549804688 1.0001391147338166 0.0001052689643614617
1616.84716796875 1.0003321740432163 0.00010520715636933545
1616.8679809570312 1.0001706630580016 0.00010523398758278195
1616.8888549804688 1.0006561723746754 0.00010524507260797309
1616.90966796875 0.9993419376235947 0.00010522989239715065
1616.9304809570312 0.9993575475638075 0.0001052564851861722
1616.9513549804688 1.0000770686890694 0.00010523139235147471
1616.97216796875 1.0000800660515858 0.00010526451234990775
1616.9929809570312 1.0006388199947438 0.00010525916976062387
1617.0138549804688 0.9998937962895358 0.0001052194894900283
1617.03466796875 1.0000332979846156 0.00010530249713417461
1617.0554809570312 0.999950875347942 0.0001052847434471318
1617.0972290039062 0.9996795572767251 0.00010531102892805343
1617.1180419921875 1.0002202463573775 0.00010537994456211003
1617.1388549804688 1.000129237654015 0.00010541014734436155
1617.1597290039062 0.9999469997449651 0.0001054025032634084
1617.1805419921875 0.9998490937573012 0.00010544792211535363
1617.2013549804688 0.9996689102286986 0.00010543395052407478
1617.2222290039062 0.9999976387373509 0.00010538609114635798
1617.2430419921875 1.0004937641757543 0.00010539895202150531
1617.2638549804688 1.0000703340474328 0.00010540648622139001
1617.2847290039062 0.9996844938061642 0.00010539487343238753
1617.3055419921875 1.0001667112597323 0.00010544190967631825
1617.3263549804688 0.9997359777435368 0.00010540605146698364
1617.3472290039062 1.0003311984546617 0.00010543322981285943
1617.3680419921875 1.0001534105952559 0.00010540761872616636
1617.3888549804688 0.9999614628798722 0.00010543178209216118
1617.4097290039062 0.9991616240223165 0.00010541552638064741
1617.4305419921875 1.000245197765312 0.0001054590563886867
1617.4513549804688 1.0008886628877758 0.00010543626479129955
1617.4722290039062 0.9999959513544453 0.00010545095529355584
1617.4930419921875 0.9992138160537027 0.00010544154408691873
1617.5138549804688 0.9996731089055396 0.00010541500354009693
1617.5347290039062 1.000236895459881 0.00010541502325475742
1617.5555419921875 1.000635572571413 0.00010541782464199394
1617.5763549804688 0.9999079379065001 0.00010541273328324149
1617.5972290039062 0.999744959906631 0.00010536089869757521
1617.6180419921875 1.00038288255447 0.00010539762903059331
1617.6388549804688 0.9996182512144656 0.0001054402908982414
1617.6597290039062 0.9995185801236791 0.00010545057040404507
1617.6805419921875 1.000773849766013 0.0001055018186267893
1617.7013549804688 1.0000229272777714 0.00010545601977453748
1617.7222290039062 0.9998659260514062 0.00010548148563769269
1617.7430419921875 0.9998208248997519 0.00010543774008426808
1617.7638549804688 0.9999194912259177 0.00010546322447482134
1617.7847290039062 0.9997575501279087 0.00010544718063618468
1617.8055419921875 1.0006284943263852 0.00010552154084309006
1617.8263549804688 0.9994391995541028 0.00010539615493378071
1617.8472290039062 1.0002671642425698 0.00010544362505442525
1617.8680419921875 1.0001859198050924 0.00010544713107329134
1617.8888549804688 0.9999117353866149 0.00010555871505703338
1617.9097290039062 1.0004943029695064 0.00010542599322305064
1617.9305419921875 0.9993421152334568 0.00010543097867146196
1617.9513549804688 0.9994705101112897 0.00010546663824126413
1617.9722290039062 1.0004062360657178 0.00010540030889216071
1617.9930419921875 1.0006320408762754 0.00010537418281336645
1618.0138549804688 0.9999151213617273 0.00010538099384865374
1618.0347290039062 0.9993469082030102 0.00010536279201676459
1618.0555419921875 1.000100008558397 0.00010536681404425966
1618.0763549804688 1.000195209880162 0.00010540348120382157
1618.0972290039062 1.0002108954266289 0.00010540845807137177
1618.1180419921875 1.0000199665771763 0.00010540515759632435
1618.1388549804688 0.9997777429708844 0.00010542520046981036
1618.1597290039062 1.0004360190099937 0.00010543949876669967
1618.1805419921875 0.9995471278100886 0.00010549125875328824
1618.2013549804688 1.0000073194857182 0.00010544433431439448
1618.2222290039062 0.9994579103626245 0.00010541038208685743
1618.2430419921875 1.0002171002151208 0.00010541413057238673
1618.2638549804688 1.0008375950328319 0.00010539786483893975
1618.2847290039062 0.9999610593132506 0.00010547224664402344
1618.3055419921875 0.9987692008506953 0.00010532931973550185
1618.3263549804688 1.0005977061825402 0.00010533705100206317
1618.3472290039062 1.0006793258436675 0.00010535160002899467
1618.3680419921875 0.9998660757670509 0.00010539821921317873
1618.3888549804688 0.999661624848697 0.00010536882329763798
1618.4097290039062 0.9995513782551313 0.00010539999330771802
1618.4305419921875 1.000413912570195 0.00010539536190821198
1618.4513549804688 1.0000691814678846 0.00010545703707751615
1618.4722290039062 0.9999402814294696 0.0001054277587172305
1618.4930419921875 1.0004183920777743 0.00010549192467269246
1618.5138549804688 0.9993560689989566 0.00010547866319306062
1618.5347290039062 1.0004720215060812 0.00010549546486941944
1618.5555419921875 0.9998844101174661 0.00010552945372275097
1618.5763549804688 0.9997806871968294 0.00010555889923637862
1618.5972290039062 1.0000029953481013 0.00010554873731090103
1618.6180419921875 1.0003557492635349 0.00010553043900745798
1618.6388549804688 0.999804347043624 0.00010558127096133013
1618.6597290039062 0.9994345487462736 0.00010555259212692243
1618.6805419921875 0.9999632741329888 0.00010549268563099707
1618.7013549804688 1.000308267069564 0.00010542733756285609
1618.7222290039062 1.0005114726572981 0.00010537589506500386
1618.7430419921875 1.0001802628061658 0.00010538745552188815
1618.7638549804688 0.9996450437171683 0.0001053923432183554
1618.7847290039062 1.000083522033112 0.00010544524048464865
1618.8055419921875 0.9995649459807483 0.00010544914269417767
1618.8263549804688 1.0003947000142779 0.00010553689155474061
1618.8472290039062 0.9998536232730801 0.0001055140212747884
1618.8680419921875 1.0001624009509755 0.00010549825817893007
1618.8888549804688 0.9998464539987897 0.0001055179315625993
1618.9097290039062 0.9995665989880917 0.00010549615432380509
1618.9305419921875 1.0002982189949976 0.00010551944145796941
1618.9513549804688 1.0000541951947834 0.00010546630411429585
1618.9722290039062 1.0001281409779617 0.00010549635601456776
1618.9930419921875 1.0001455948032056 0.00010547099807196078
1619.0138549804688 0.9997266508626824 0.00010553797762977844
1619.0347290039062 1.0003563588074589 0.00010551410929856391
1619.0555419921875 0.9995136367439427 0.0001054930522643091
1619.0763549804688 0.9997729528580727 0.00010546716905571636
1619.0972290039062 1.0009811402218265 0.00010552964170786125
1619.1180419921875 0.9994455681460181 0.00010546885383176084
1619.1388549804688 0.999979482997635 0.00010550472027382191
1619.1597290039062 1.0000697799925997 0.00010548388808345242
1619.1805419921875 0.9998665663256651 0.00010549218569771469
1619.2013549804688 0.9999986063412665 0.0001055370773162864
1619.2222290039062 1.0001254502148964 0.00010548837838171728
1619.2430419921875 0.9999587837332596 0.00010548699091419124
1619.2638549804688 0.9996736680841803 0.0001054382905780057
1619.2847290039062 1.000474418417242 0.00010542234424623568
1619.3055419921875 0.9996360546649521 0.00010542670566575333
1619.3263549804688 1.0001798298572817 0.00010543115429089476
1619.3472290039062 1.0005118255950853 0.00010544404116329118
1619.3680419921875 0.9997537340982636 0.00010543491564653877
1619.3888549804688 0.9998973167088405 0.00010549087454312541
1619.4097290039062 0.9995713310994935 0.00010545257038632635
1619.4305419921875 1.0001683915355637 0.00010549696044615211
1619.4513549804688 1.0001395056966116 0.00010547372915245464
1619.4722290039062 0.9999889112119706 0.00010542211354154225
1619.4930419921875 1.0001844443036767 0.00010543913689457101
1619.5138549804688 0.9996008392590463 0.00010540903922048022
1619.5347290039062 1.0001435747930754 0.00010537556417030005
1619.5555419921875 1.0000223084365494 0.00010541134007205168
1619.5763549804688 1.0001937046446208 0.00010542180221703616
1619.5972290039062 0.9998296580751742 0.00010534291797984423
1619.6180419921875 1.0001561410649678 0.00010528111737776512
1619.6388549804688 0.999248081863323 0.00010534635953418449
1619.6597290039062 1.0003892844277245 0.00010529910525819124
1619.6805419921875 1.0007226195767065 0.00010527453774395597
1619.7013549804688 0.9999236906512909 0.00010532372645570867
1619.7222290039062 0.9997601286880831 0.00010538869937821112
1619.7430419921875 1.0001964251470468 0.00010538827347432667
1619.7638549804688 0.9993584523314085 0.00010542064740375915
1619.7847290039062 0.9998125657926312 0.0001054055332265857
1619.8055419921875 1.0005256533950664 0.00010540396221745474
1619.8263549804688 1.0000271274499466 0.00010539164969379083
1619.8472290039062 0.9998637014930113 0.00010539214918213329
1619.8680419921875 0.9999193747856724 0.00010537286893615273
1619.8888549804688 1.0000607798607486 0.00010536383236882161
1619.9097290039062 1.0001643227812385 0.00010534243045998318
1619.9305419921875 1.0000105807452986 0.00010530869431111339
1619.9513549804688 0.9999800463035823 0.00010537967915750947
1619.9722290039062 0.9998517710727557 0.00010534114805094227
1619.9930419921875 0.9997933871966809 0.00010529796751587676
1620.0138549804688 1.0002217325794451 0.00010533322201154442
1620.0347290039062 0.9998967885251565 0.00010530436573205381
1620.0555419921875 1.0005499788647383 0.0001053195715166479
1620.0763549804688 1.0000282300436985 0.00010532253902275672
1620.0972290039062 0.999499969144836 0.00010534751669847332
1620.1180419921875 0.9999729087772791 0.00010534142094138676
1620.1388549804688 0.9997067828629779 0.0001053196991349909
1620.1597290039062 1.0001226208176595 0.00010527504656540391
1620.1805419921875 1.000226145166833 0.0001053175280854912
1620.2222290039062 1.0002712591911438 0.00010521917730445947
1620.2430419921875 0.9999238453949155 0.00010523935196795577
1620.2638549804688 1.000034728832763 0.00010525043362937675
1620.2847290039062 0.9997152604470408 0.0001052458402256211
1620.3055419921875 1.00013019626213 0.00010526485855682467
1620.3263549804688 0.9999848867717757 0.00010526549767415592
1620.3472290039062 0.9999425724916249 0.00010525767034047517
1620.3680419921875 0.9998296324427096 0.00010527075223157887
1620.3888549804688 1.0003344181472784 0.00010528847282697218
1620.4097290039062 0.9996791497348158 0.00010524505450956215
1620.4305419921875 1.0004413175942204 0.00010528043031198058
1620.4513549804688 0.9998380269579414 0.00010528533744550416
1620.4722290039062 0.9998732822576214 0.0001052554968518964
1620.4930419921875 0.9999686041238485 0.00010520099419712779
1620.5138549804688 0.9996157206729868 0.00010519004086136419
1620.5347290039062 1.0007864099187467 0.00010525279602313925
1620.5555419921875 0.9998677262576774 0.00010522330670837107
1620.5763549804688 0.9997848917961855 0.00010522510238149008
1620.5972290039062 0.999885863388768 0.0001051984556432846
1620.6180419921875 1.0001152945557585 0.00010520018265080784
1620.6388549804688 1.0003179283400498 0.00010520491679179805
1620.6597290039062 0.9995146465409149 0.00010527369420084856
1620.6805419921875 1.0000523321160573 0.00010522721672651727
1620.7013549804688 1.0001221329634937 0.00010526579963876672
1620.7222290039062 1.000251284692314 0.00010520223160882733
1620.7430419921875 1.0000423046081768 0.00010524827256344681
1620.7638549804688 0.9995405628098162 0.00010521423412524529
1620.7847290039062 0.9996517258388367 0.00010517153627105969
1620.8055419921875 1.0008236076644044 0.00010513016616723095
1620.8263549804688 0.9993028249019043 0.00010516349514182424
1620.8472290039062 1.0005476043580452 0.00010518602935075119
1620.8680419921875 0.9999277305950229 0.00010515411783202683
1620.8888549804688 1.000187452979568 0.00010512441836167039
1620.9097290039062 0.9998951784510659 0.00010517762091184454
1620.9305419921875 0.9998022666373304 0.00010513159281498882
1620.9513549804688 0.9997229141861076 0.00010512977318573496
1620.9722290039062 1.0004150800530296 0.00010511845908337901
1620.9930419921875 0.9996886701230596 0.0001051280031247564
1621.0138549804688 0.9997199876562481 0.00010508563117219662
1621.0347290039062 1.000922224507853 0.00010514823079456028
1621.0555419921875 0.9999932933821819 0.00010513314837797398
1621.0763549804688 0.9999411319438227 0.00010517805659653868
1621.0972290039062 0.9999917093757694 0.00010523040081696024
1621.1180419921875 0.9987973615784559 0.00010524642417010367
1621.1388549804688 1.0001875187781595 0.0001051370546080557
1621.1597290039062 1.0009261105168243 0.00010519579263715909
1621.1805419921875 0.9999385348933685 0.00010513671528328077
1621.2013549804688 0.9999326398411018 0.00010506840558987527
1621.2222290039062 0.9998550550643536 0.00010509976805770806
1621.2430419921875 0.9996362261233892 0.0001050697021632274
1621.2638549804688 1.000537310700545 0.00010512806765471586
1621.2847290039062 1.000115943444198 0.0001051781157327522
1621.3055419921875 0.9996569250450266 0.00010514151580540032
1621.3263549804688 1.0000567440790038 0.00010513610882923517
1621.3472290039062 1.0001455412807811 0.00010518916333629547
1621.3680419921875 0.9998888733471756 0.00010523318511294002
1621.3888549804688 0.9998190971299337 0.00010520463978260999
1621.4097290039062 1.0000488097020086 0.00010522011344088772
1621.4305419921875 1.0004854675372612 0.00010522892600293734
1621.4513549804688 0.9994927240450736 0.00010522795860069978
1621.4722290039062 0.9997617920125798 0.00010523681284471105
1621.4930419921875 1.0001124858201054 0.0001051964800136746
1621.5138549804688 1.0003523454479566 0.000105177726231793
1621.5347290039062 1.0001029804367623 0.00010524862110697952
1621.5555419921875 0.999680410100323 0.00010519845465610506
1621.5763549804688 1.0000263910404932 0.00010520892158950783
1621.5972290039062 1.0004561826383482 0.00010517800220683727
1621.6180419921875 0.9993000981841003 0.00010520311087729757
1621.6388549804688 1.0006755287989613 0.0001052616977535485
1621.6597290039062 0.9999094055395576 0.00010525134940822269
1621.6805419921875 0.9997399463574208 0.00010527682819010154
1621.7013549804688 0.9996741993679955 0.00010534247081903078
1621.7222290039062 1.0000772166656804 0.0001053375739708597
1621.7430419921875 1.0005919661810379 0.00010532073077843572
1621.7638549804688 0.9995707191282267 0.00010536980670914253
1621.7847290039062 0.9999300141566156 0.00010536694136548062
1621.8055419921875 1.0001329033718462 0.00010533876052350019
1621.8263549804688 1.0003497369470846 0.00010529706800163514
1621.8472290039062 0.9994733317506981 0.00010532545660586095
1621.8680419921875 0.9998503927788065 0.00010532014725967245
1621.8888549804688 1.00031981522455 0.00010535659195968709
1621.9097290039062 1.0002760919597373 0.00010535660257451254
1621.9305419921875 1.0002417784380515 0.00010535287812141046
1621.9513549804688 0.9994544300571435 0.00010535308198183132
1621.9722290039062 1.00023068043994 0.00010537144868256176
1621.9930419921875 0.9995695287530687 0.00010543415123722915
1622.0138549804688 0.9997660929116202 0.00010539257279896176
1622.0347290039062 1.0005018976097457 0.00010545655119992221
1622.0555419921875 1.000394564805695 0.00010538973568219335
1622.0763549804688 0.999682738064522 0.00010543228883501197
1622.0972290039062 0.9998324744495989 0.00010538967963520207
1622.1180419921875 0.9998410093144051 0.00010542734871552424
1622.1388549804688 1.0000443689193077 0.00010540984307133724
1622.1597290039062 1.0003967801072515 0.000105482478132622
1622.1805419921875 1.0003514176829733 0.00010538184746589522
1622.2013549804688 0.9990359289359908 0.00010539641647267922
1622.2222290039062 1.0001874503840715 0.00010541185953574345
1622.2430419921875 1.0004011686149001 0.00010544660330491134
1622.2638549804688 1.0001066974255794 0.00010546431563590637
1622.2847290039062 0.9997416318741904 0.00010547127658064212
1622.3055419921875 0.999705327232253 0.00010543268427961472
1622.3263549804688 1.0001320056086833 0.0001055038383190899
1622.3472290039062 0.999958139760729 0.00010547703943402929
1622.3680419921875 1.000560561361576 0.0001054725281415728
1622.3888549804688 1.0000976453099397 0.00010550740194351924
1622.4097290039062 0.999350814095332 0.00010553701550657504
1622.4305419921875 0.9998798050808763 0.00010556324027431712
1622.4513549804688 1.0000184619240167 0.0001054806171154103
1622.4722290039062 1.000055977820527 0.00010557560600918338
1622.4930419921875 1.0003565235343361 0.00010548076391280599
1622.5138549804688 1.000204208436177 0.00010548448472659268
1622.5347290039062 0.9998031701555605 0.00010548388205111514
1622.5555419921875 0.9997827459811052 0.00010549538009424097
1622.5763549804688 0.9998535147768999 0.00010549219843077615
1622.5972290039062 1.0002945193839035 0.00010553735821316195
1622.6180419921875 0.9995714839478899 0.00010559260029510887
1622.6388549804688 1.0004818005526661 0.00010559866428035886
1622.6597290039062 1.0005291297911767 0.00010560501501478568
1622.6805419921875 0.9991887772785659 0.00010569648036125178
1622.7013549804688 1.000036727745745 0.00010564118470662459
1622.7222290039062 0.9999255347479189 0.00010561081421622258
1622.7430419921875 0.9999700661113805 0.0001056494287657004
1622.7638549804688 1.0005058647930054 0.00010566195722098232
1622.7847290039062 0.9997708078425586 0.00010567607816946149
1622.8055419921875 1.00000793431174 0.00010568914611574198
1622.8263549804688 0.9996151892758799 0.00010569131119791839
1622.8472290039062 1.0000931904166674 0.0001057066058699701
1622.8680419921875 0.9995890430393876 0.00010569022682458482
1622.8888549804688 1.0004315044088692 0.0001057052571564871
1622.9097290039062 1.0004924264029131 0.00010566090447464217
1622.9305419921875 0.9996514253493431 0.00010566064642489038
1622.9513549804688 1.0007796996008582 0.00010569772730403044
1622.9722290039062 1.0007481595542909 0.00010566600777554888
1622.9930419921875 1.0002201632941845 0.00010569087660308976
1623.0138549804688 0.9999287447768934 0.00010563851294242433
1623.0347290039062 1.000175366187892 0.00010563728575811717
1623.0555419921875 1.0004021075285314 0.00010571489560670459
1623.0763549804688 0.9990466021868377 0.00010569418910310928
1623.0972290039062 1.000471210881811 0.0001057578130718675
1623.1180419921875 0.9996064878626334 0.00010573148896976067
1623.1388549804688 1.000214014631289 0.00010574492260737702
1623.1597290039062 1.0001969363316996 0.00010574721852287448
1623.1805419921875 1.0000589681886514 0.00010577823885329476
1623.2013549804688 0.9998089041882134 0.00010578827987200758
1623.2222290039062 1.0004455772126757 0.00010573684842439104
1623.2430419921875 0.9997239760614495 0.0001057711593953199
1623.2638549804688 0.9993798629036326 0.00010578416217672885
1623.2847290039062 1.0003094892954172 0.00010577922259622499
1623.3055419921875 0.9995887978973896 0.00010572014493541246
1623.3263549804688 1.0010143918013719 0.00010572509214063567
1623.3472290039062 0.9999777258972959 0.00010572406217493047
1623.3680419921875 0.9994107450662779 0.00010569674473092141
1623.3888549804688 1.0003680888856799 0.00010580149189010523
1623.4097290039062 0.9999011280918563 0.00010577331483413095
1623.4305419921875 1.0001004827691398 0.00010579393510833162
1623.4513549804688 0.9995839907061167 0.00010581676596653853
1623.4722290039062 0.9999156960910278 0.00010576657926659185
1623.4930419921875 1.000491555584962 0.00010581394238792534
1623.5138549804688 0.9999323387660733 0.0001057347041605439
1623.5347290039062 0.9997696306376095 0.000105773574973536
1623.5555419921875 1.0000635276446737 0.00010577594691148898
1623.5763549804688 1.0000537463064827 0.00010579835219094116
1623.5972290039062 1.000346649885076 0.00010582224958388633
1623.6180419921875 0.9996566767634306 0.00010577720114117495
1623.6388549804688 1.000208243031615 0.00010575599290792975
1623.6597290039062 0.999189560484638 0.00010575101787710457
1623.6805419921875 1.0005906177927109 0.00010575968004879466
1623.7013549804688 1.000292642617682 0.0001057488224498713
1623.7222290039062 0.9999277183639086 0.00010572344962835146
1623.7430419921875 0.9993560929810459 0.00010574678998520952
1623.7638549804688 1.0001701238749163 0.00010569956173411706
1623.7847290039062 1.000267646922929 0.00010571654228015881
1623.8055419921875 1.0001639811022554 0.00010568458567856314
1623.8263549804688 0.9999762294040089 0.0001057206211390794
1623.8472290039062 0.9991954709311812 0.00010573866578362037
1623.8680419921875 1.0005358670927689 0.00010573030039481871
