time flux flux_err
1653.9519653320312 0.9957882340033428 0.00016861948625501196
1653.9728393554688 1.0024818067402108 0.00016897213045824968
1653.99365234375 1.0018341308194405 0.00016900258266227525
1654.0144653320312 1.004046155591529 0.00016845196173092105
1654.0353393554688 1.0003465252561996 0.00016761793754601847
1654.05615234375 0.9982580284906102 0.00016634030615318056
1654.0769653320312 0.9975869397332338 0.00016514739977363497
1654.0978393554688 0.9981855779170175 0.00016317175509483512
1654.11865234375 0.9962738253925398 0.00016145978539278496
1654.1394653320312 0.9998531330410193 0.00016002500865337267
1654.1603393554688 1.000396370011142 0.00015920516526876955
1654.18115234375 1.0045110201294503 0.00015866047317904564
1654.2019653320312 1.001526932568971 0.00015939571469362877
1654.2228393554688 1.0036444266788742 0.00016203795535288759
1654.24365234375 1.000907762307502 0.00016639406878705593
1654.2644653320312 1.0009194633267833 0.00017191073268405812
1654.2853393554688 0.9988300232517703 0.00017777794462151412
1654.30615234375 0.9976123328299669 0.00018306036377168319
1654.3269653320312 0.9996513232901616 0.00018820425355824122
1654.3478393554688 0.9979967345787921 0.0001926956757371793
1654.36865234375 1.0029898436005347 0.00019697832304455906
1654.3894653320312 1.0000896275150808 0.00020115483224904644
1654.4103393554688 1.0019408632396178 0.00020450007851630583
1654.43115234375 1.0023057106364686 0.00020670972399554417
1654.4519653320312 0.9930589469591564 0.00020770952034044652
1654.4728393554688 0.9894487791933887 0.00020871978591325768
1654.49365234375 0.9905156044517974 0.00021018681222216787
1654.5353393554688 0.997060187963716 0.00021333686286065503
1654.55615234375 1.0015667846356482 0.00021464607705312007
1654.5769653320312 1.0004298780022722 0.0002124129843497046
1654.5978393554688 1.020535178318015 0.00021512378133329495
1654.61865234375 1.0350729120627427 0.0002173056298561056
1654.6394653320312 1.0457714066004316 0.0002187140142672301
1654.6603393554688 1.0525283031102626 0.00021966361981834776
1654.68115234375 1.0578852849386875 0.00022053174093789976
1654.7019653320312 1.0666649959986088 0.0002212593449038649
1654.7228393554688 1.0733411232156453 0.00022213867888593519
1654.74365234375 1.0809230125000273 0.0002230913511118512
1654.7644653320312 1.0865983106555266 0.0002239765106916091
1654.7853393554688 1.0893326188894936 0.00022422567289875575
1654.80615234375 1.0909030895518324 0.00022443993785082426
1654.8269653320312 1.0847524710336962 0.00022426116211614002
1654.8478393554688 1.084539565428065 0.00022383634185078332
1654.86865234375 1.0764616700204823 0.00022274657915369086
1654.8894653320312 1.0657408956420331 0.00022130066788605496
1654.9103393554688 1.0497343079592496 0.0002198145483890531
1654.93115234375 1.0363434063887917 0.0002182862302599922
1654.9519653320312 1.024746682671757 0.0002170284109033143
1654.9728393554688 1.0190475516698003 0.00021619363883923625
1654.99365234375 1.0147399824206416 0.0002157741291812778
1655.0144653320312 1.0144322527926202 0.00021628363902870544
1655.0353393554688 1.014146944702001 0.0002165503628809589
1655.05615234375 1.0188358612703887 0.00021748175577500416
1655.0769653320312 1.0312986692019206 0.0002185869036505271
1655.0978393554688 1.0354569390356672 0.0002193765586662477
1655.11865234375 1.0444090131208872 0.0002202232702298045
1655.1394653320312 1.0522950105007398 0.00022083642073622583
1655.1603393554688 1.0543965901156365 0.00022115151316451617
1655.18115234375 1.0470325829515632 0.00022065705859998462
1655.2020263671875 1.0427031996713798 0.000219858395958511
1655.2228393554688 1.037702595268752 0.00021947183604549802
1655.2437133789062 1.0324860714299022 0.00021902456998765282
1655.2645263671875 1.0210909682999794 0.0002179350524086636
1655.2853393554688 1.0131342431318529 0.00021714816498991655
1655.3062133789062 1.0059671642677237 0.00021647449120951388
1655.3270263671875 1.0001123977220803 0.00021571611021131736
1655.3478393554688 0.99988760227792 0.00021538204336589135
1655.3687133789062 0.9970940123489115 0.00021523714249096836
1655.3895263671875 0.9951533097676716 0.00021537213487734304
1655.4103393554688 1.001457024684914 0.00021572974515316756
1655.4312133789062 0.9954147489559904 0.000216084792146085
1655.4520263671875 1.0038515611946377 0.0002166694145106286
1655.4728393554688 1.0042143216800639 0.00021735796830396715
1655.4937133789062 1.0076167757540935 0.00021813032724032024
1655.5145263671875 1.0181464821529778 0.00021909096212701932
1655.5353393554688 1.0242694888812964 0.00022001072997236657
1655.5562133789062 1.0309225456720428 0.0002209518952189287
1655.5770263671875 1.040735070830325 0.00022175234079908608
1655.5978393554688 1.038481792365451 0.00022201728919185585
1655.6187133789062 1.034238820649846 0.00022182549470638728
1655.6395263671875 1.0244015648754872 0.0002210834698372842
1655.6603393554688 1.0214337065302759 0.00022037352920655076
1655.6812133789062 1.009828284197602 0.00021938726250652116
1655.7020263671875 1.0033420534792286 0.0002183457293480818
1655.7228393554688 0.996874862599384 0.0002188419788751625
1655.7437133789062 0.9991386595906439 0.00021964086790650876
1655.7645263671875 0.9994015874214183 0.00022067086880084538
1655.7853393554688 0.9990294550107388 0.0002219214077485757
1655.8062133789062 1.0006650630065896 0.00022309444705154714
1655.8270263671875 0.9990139433211015 0.00022408299707593816
1655.8478393554688 1.0013443123212282 0.00022517907140007335
1655.8687133789062 0.9993513010319125 0.00022640785204991896
1655.8895263671875 1.0050800036099596 0.00022762377537664287
1655.9103393554688 0.9987900734770567 0.00022898316455544144
1655.9312133789062 0.9991932077552507 0.0002297869545455954
1655.9520263671875 0.9954029987505273 0.00023049259496607267
1655.9728393554688 0.9996096349709076 0.00023078723314922867
1655.9937133789062 1.0001929504427487 0.00023150080281198474
1656.0145263671875 1.002432831171947 0.00023170221343331852
1656.0353393554688 1.0026394420796818 0.0002318211592627066
1656.0562133789062 0.9990400283839269 0.00023170476554160282
1656.0770263671875 1.0066117457654125 0.00023137252064757812
1656.0978393554688 0.9952701389448368 0.0002312420331989027
1656.1187133789062 0.9992961227305974 0.00023163130054748872
1656.1395263671875 0.9987130027482398 0.00023191321837246392
1656.1603393554688 1.0052065282406764 0.0002319032360721521
1656.1812133789062 1.000341929688008 0.00023195092628338504
1656.2020263671875 1.000565434723984 0.00023147123049196565
1656.2228393554688 1.0008727356318787 0.00023119849664240643
1656.2437133789062 0.9975841837071978 0.00023091520441208488
1656.2645263671875 0.998210981911176 0.00023023844001375578
1656.2853393554688 1.0019625589318246 0.0002286376485845476
1656.3062133789062 0.9987957880562587 0.000227043810296183
1656.3270263671875 1.001807234658807 0.00022563599339261441
1656.3478393554688 0.9995964413159077 0.00022396603495504177
1656.3687133789062 1.0016144640350793 0.00022283508935307453
1656.3895263671875 0.9971176215558745 0.00022195249535900293
1656.4103393554688 0.9997835477605923 0.00022112012270127156
1656.4312133789062 0.9996703138442234 0.00022067739106659617
1656.4520263671875 0.9989405384744198 0.00022030007259127684
1656.4728393554688 1.0041724554585183 0.00022016185083085488
1656.4937133789062 1.000182978297161 0.00022046564107303446
1656.5145263671875 1.0014496034637783 0.000220964430400039
1656.5353393554688 0.9948990699350847 0.0002215509723162153
1656.5562133789062 0.9992138710804415 0.00022236063317420703
1656.5770263671875 1.001499610535842 0.0002231368749268626
1656.5978393554688 1.0039532529088544 0.00022343539789904446
1656.6187133789062 1.0006138343765674 0.00022341690421712483
1656.6395263671875 0.9964183007142026 0.00022290743210322386
1656.6603393554688 0.9952051865024271 0.00022196601045649497
1656.6812133789062 1.0021176228106619 0.00022095748218111272
1656.7020263671875 1.0020255067635966 0.00022011092379315228
1656.7228393554688 1.00222906162415 0.0002191079570081809
1656.7437133789062 1.0018209498642032 0.00021823171983709208
1656.7645263671875 0.9993460315672205 0.00021771150307035636
1656.7853393554688 0.996586232526411 0.00021753955156627076
1656.8062133789062 0.9991665708722036 0.00021703422708896876
1656.8270263671875 1.0008301230071295 0.00021672371507408723
1656.8478393554688 1.0009264697387896 0.00021608051491052563
1656.8687133789062 1.0010241939555378 0.0002146450861065536
1656.8895263671875 1.0006046106537396 0.000213255131230843
1656.9103393554688 0.9957088737308639 0.00021153836664593903
1656.9312133789062 1.0009779701286228 0.00020978816939920718
1656.9520263671875 1.0021861013435531 0.00020792689522657943
1656.9728393554688 0.9981983546522967 0.0002058771279070564
1656.9937133789062 1.0042980039285596 0.00020396740479254044
1657.0145263671875 0.9958574218770285 0.00020216316211056135
1657.0353393554688 0.999140219220989 0.00020064543075538595
1657.0562133789062 1.0005903749778946 0.00019960140459664044
1657.0770874023438 0.9991696362673091 0.0001985312719452384
1657.097900390625 1.0040012010678576 0.0001982843705576054
1657.1187133789062 1.0025087086504545 0.00019777635240740205
1657.1395874023438 0.9953064250860455 0.00019780891227115914
1657.160400390625 1.0004906223206624 0.0001979971455068165
1657.1812133789062 0.9982348055023577 0.00019817251084271086
1657.2020874023438 1.003788304939343 0.00019786053453720793
1657.222900390625 1.0005439176520492 0.0001971315778485592
1657.2437133789062 0.9937362106304838 0.00019612403432429186
1657.2645874023438 1.0009172733125133 0.00019523297931179075
1657.285400390625 1.0044445255316252 0.00019374281054908196
1657.3062133789062 0.9988631017935222 0.00019165742856158685
1657.3270874023438 0.9977701298186905 0.0001895406245013237
1657.3687133789062 0.9990946673901347 0.0001865638042869074
1657.3895874023438 1.0005762922731254 0.00018531195852065484
1657.410400390625 1.0044581661213934 0.0001837764286962667
1657.4312133789062 0.9984224063939434 0.0001827773912297724
1657.4520874023438 0.9988881640473242 0.0001824080655393027
1657.472900390625 1.006949860710492 0.0001822320024901238
1657.4937133789062 1.002768346855551 0.00018207287593612385
1657.5145874023438 0.9908269285210161 0.00018213301180867593
1657.535400390625 0.9968830817165412 0.00018232316679762283
1657.5562133789062 0.9980909954059998 0.0001823154479043453
1657.5770874023438 0.9974387373697465 0.00018199432196500738
1657.597900390625 0.9891216458241697 0.00018219974698998416
1657.6187133789062 1.0250009532194835 0.0001831344445730857
1657.6395874023438 1.0059257106521942 0.00018250690860688852
1657.660400390625 1.0114426125928055 0.00018196138247756933
1657.6812133789062 0.9992939958796504 0.00018125866915426743
1657.7020874023438 0.992539518647096 0.0001806561224888741
1657.722900390625 1.0027610308474915 0.00018031252847135795
1657.7437133789062 0.9981358841730565 0.00017991890598470804
1657.7645874023438 0.995441789180524 0.00017957488413595352
1657.785400390625 1.0037525999999684 0.00017922254017231021
1657.8062133789062 0.9972780525265904 0.00017872020406306795
1657.8270874023438 0.9962740946112991 0.00017838618408210952
1657.847900390625 1.0063870224299947 0.00017796861118290943
1657.8687133789062 1.0029310318027722 0.0001776348523762916
1657.8895874023438 1.000835426636486 0.00017692468992879415
1657.910400390625 0.9977363186831858 0.00017620493521452218
1657.9312133789062 1.0055641910556383 0.00017549087026508907
1657.9520874023438 0.9999667904976302 0.00017418308782162577
1657.972900390625 1.0026759731208157 0.00017326272477279
1657.9937133789062 0.9988447979597017 0.0001724873956334757
1658.0145874023438 1.0012254558277998 0.0001715415927821984
1658.035400390625 1.0035485329409155 0.00017092628822091058
1658.0562133789062 0.999169640215903 0.00017043637610058705
1658.0770874023438 0.9999886128130908 0.00016994214997913756
1658.097900390625 0.9987640768132074 0.0001698462711013019
1658.1187133789062 0.9992658484182405 0.00016925307261510375
1658.1395874023438 1.0050867388903384 0.00016908015499186003
1658.160400390625 0.9997125247616288 0.000169055643030772
1658.1812133789062 0.9945945978840591 0.00016905168163292624
1658.2020874023438 1.0015502096691848 0.00016895528200365435
1658.222900390625 1.0035914296441735 0.000169152545098929
1658.2437133789062 1.000056445475289 0.00016897990898020877
1658.2645874023438 0.9957774652725009 0.00016863082690310994
1658.285400390625 1.002471054357463 0.00016800757600534438
1658.3062133789062 1.0069297042844068 0.00016741782694155698
1658.3270874023438 0.9978190152642894 0.00016671375159065487
1658.347900390625 1.003492552301698 0.00016596413497397454
1658.3687133789062 0.9956374072902191 0.00016528237788507357
1658.3895874023438 1.003079472480084 0.00016452459972303755
1658.410400390625 1.0001433845418417 0.00016433061312398699
1658.4312133789062 0.9996711055631168 0.00016370354176378362
1658.4520874023438 0.9925566328228006 0.00016358906194917182
1658.472900390625 0.999791536067479 0.00016367830742286614
1658.4937133789062 0.9994118255745371 0.00016364416516720875
1658.5145874023438 1.0022652604776099 0.00016394396848092932
1658.535400390625 0.9993555001147275 0.0001640850264329578
1658.5562133789062 0.9975153506320038 0.00016438729861980168
1658.5770874023438 1.0082292759128169 0.00016431756536682576
1658.597900390625 0.9997885037118743 0.000164527949259393
1658.6187133789062 0.9997125302611992 0.00016427514929817478
1658.6395874023438 1.0011432116032926 0.0001642098592144973
1658.660400390625 1.002726438295386 0.00016408883986850347
1658.6812133789062 1.0001858529297392 0.00016379759531177517
1658.7020874023438 0.9991073047322946 0.00016370611460667258
1658.722900390625 0.9965549842447742 0.0001636601791061299
1658.7437133789062 1.001553039863645 0.00016372404907079392
1658.7645874023438 1.0009326990966068 0.00016342597321452983
1658.785400390625 0.9987671394931297 0.00016310326819414037
1658.8062133789062 1.0004515851232367 0.0001629889927629885
1658.8270874023438 1.0008519233334345 0.00016302371193818155
1658.847900390625 1.0013442185831227 0.00016273508986398624
1658.8687133789062 0.9955534174244793 0.00016271254403371364
1658.8895874023438 1.0017266857194862 0.00016260001873114868
1658.910400390625 1.002743492636559 0.00016264353048129064
1658.9312133789062 1.0000347703694752 0.00016246294634616183
1658.9520874023438 0.9972518325864174 0.00016222866257220968
1658.972900390625 0.9996365137086051 0.00016214860163934013
1658.9937133789062 1.0020331534171065 0.000162013938815584
1659.0145874023438 1.0006478324266863 0.0001618441483096551
1659.0354614257812 0.9980358752018283 0.00016174983236502582
1659.0562744140625 1.0000749434904597 0.00016168418947753904
1659.0770874023438 1.0001183666886013 0.00016176267454852674
1659.0979614257812 1.0015785091024016 0.000161766876321151
1659.1187744140625 0.9985748375232003 0.00016195309506090465
1659.1395874023438 0.9996588620313079 0.00016178797174011913
1659.1604614257812 1.0004920514694202 0.00016184623597774548
1659.1812744140625 1.0000203002990624 0.0001617492328522551
1659.2020874023438 0.9966340832605852 0.0001618905277141389
1659.2229614257812 1.0048430262128294 0.0001619327767136884
1659.2437744140625 0.9997493575685082 0.00016200117096558684
1659.2645874023438 1.0007982512049416 0.00016189994263855702
1659.2854614257812 0.995653863751396 0.00016206973902993432
1659.3062744140625 1.0013728136469147 0.00016210869153934827
1659.3270874023438 1.0029207898115085 0.00016238856259748468
1659.3479614257812 0.9996291754278829 0.00016217200074176166
1659.3687744140625 0.9982237216674702 0.00016228008289855708
1659.3895874023438 1.0001892027364823 0.00016226689549544822
1659.4104614257812 1.0006714996449948 0.00016227234672972057
1659.4312744140625 0.998097250603757 0.00016214251046225186
1659.4520874023438 0.9995099002399525 0.0001622344359996029
1659.4729614257812 1.001373960170697 0.000162204951716563
1659.4937744140625 1.00159360629128 0.00016233016718454694
1659.5145874023438 1.0012300656603592 0.00016221414600501663
1659.5354614257812 0.9951024689894635 0.00016230146782360074
1659.5562744140625 1.0027442783621046 0.00016253794407676103
1659.5770874023438 0.9992776624847399 0.0001626564171708298
1659.5979614257812 1.0014445259794806 0.00016255112513885756
1659.6187744140625 0.9963222819306827 0.0001624287186667234
1659.6395874023438 1.001686345231788 0.00016241391235601263
1659.6604614257812 1.002589098861091 0.0001624578815225757
1659.6812744140625 1.000092667924322 0.00016230884077957075
1659.7020874023438 0.9973252141113631 0.00016241368773443728
1659.7229614257812 1.0011350802502987 0.00016249149803766538
1659.7437744140625 1.0016406718217021 0.000162535675025251
1659.7645874023438 0.9973934826332942 0.00016262417493445995
1659.7854614257812 0.9985242053795133 0.00016271391330241014
1659.8062744140625 1.0024172549730992 0.00016269738266459313
1659.8270874023438 1.0020635469989567 0.00016289639567381415
1659.8479614257812 0.9968687979022578 0.0001629247257442749
1659.8687744140625 0.9991920280559139 0.00016296758787156485
1659.8895874023438 1.002089989191317 0.00016313445912074324
1659.9104614257812 1.0004414862856281 0.00016326107939771385
1659.9312744140625 0.9983087197577292 0.00016329989355767983
1659.9520874023438 1.0009378876986317 0.00016324501322207715
1659.9729614257812 1.0008438913863655 0.00016347608850926921
1659.9937744140625 1.0003631547881162 0.0001638750636042959
1660.0145874023438 0.9992493863789181 0.0001639020447277428
1660.0354614257812 0.9994708216338819 0.00016383464983359377
1660.0562744140625 0.9993096466373267 0.00016396395222636283
1660.0770874023438 0.9996523069851356 0.00016399053521052673
1660.0979614257812 1.0012522551902372 0.00016417831137053533
1660.1187744140625 1.0011984973701291 0.0001640696810457061
1660.1395874023438 0.9984068724904617 0.00016427797908077752
1660.1604614257812 0.9991980328961672 0.0001644256532708203
1660.1812744140625 1.0015006310566963 0.0001644192032896978
1660.2020874023438 0.998895882996359 0.00016438170887368348
1660.2229614257812 0.9990808151825825 0.00016446910991251676
1660.2437744140625 1.0011584299177194 0.00016469823402615885
1660.2645874023438 1.0014660159058815 0.00016470788791613476
1660.2854614257812 0.9985961640318183 0.00016469727401704928
1660.3062744140625 1.0002294651631294 0.00016484252879774288
1660.3270874023438 1.0018877011562108 0.0001651124761512085
1660.3479614257812 0.9994615011536181 0.0001652430261815617
1660.3687744140625 0.9976064667050416 0.00016553164592544126
1660.3895874023438 1.0000913603481056 0.00016545258378908675
1660.4104614257812 1.0012424172425032 0.00016571539895670102
1660.4312744140625 0.9997058153504892 0.0001657102561404594
1660.4520874023438 1.0000427973168493 0.00016592579741394847
1660.4729614257812 1.0021469932694906 0.00016587046059806501
1660.4937744140625 0.997844977361423 0.0001659482413812697
1660.5145874023438 0.9986452898640525 0.0001658992176442769
1660.5354614257812 1.0007104177476993 0.00016607177033449325
1660.5562744140625 1.000037144662834 0.0001661392800723161
1660.5770874023438 1.0002211891618034 0.0001659442128834269
1660.5979614257812 1.000855533074935 0.0001656593853224523
1660.6187744140625 0.9985912107923078 0.0001658936302229268
1660.6395874023438 0.9994029606736816 0.00016600841649568382
1660.6604614257812 1.00251476387702 0.0001661283495643141
1660.6812744140625 1.001915369884781 0.00016632549737733213
1660.7020874023438 0.9973625862486466 0.00016630803595062287
1660.7437744140625 1.0013050689042855 0.00016605917650865944
1660.7645874023438 0.995084620480104 0.0001662153843142258
1660.7854614257812 0.9997958674015223 0.00016624141608074155
1660.8062744140625 1.0040514161067622 0.00016667877601009417
1660.8270874023438 0.9988474796708235 0.00016658759848468257
1660.8479614257812 1.0020082486717552 0.0001667202570548719
1660.8687744140625 1.004167857316817 0.00016704751961543708
1660.8895874023438 1.0050555299973059 0.0001671018619995921
1660.9104614257812 1.0009047416405945 0.00016721668695203194
1660.9312744140625 1.0040534894495847 0.00016741158979070945
1660.9520874023438 1.0036749796998572 0.0001675482690823362
1660.9729614257812 1.0012720532874855 0.00016765128534216114
1660.9937744140625 1.0040720223022561 0.00016776067834706323
1661.0145874023438 0.9984700166523258 0.00016798976076916154
1661.0354614257812 0.9994430650268112 0.00016801803344285043
1661.0562744140625 1.0019813955563839 0.00016832944273861646
1661.0770874023438 0.9989516414560246 0.00016841389763176925
1661.0979614257812 1.0000943495303956 0.00016860978987487404
1661.1187744140625 0.9981628034696381 0.00016879368555374987
1661.1395874023438 1.0004813625943738 0.00016902342630439906
1661.1604614257812 1.000030119262417 0.00016927697237827498
1661.1813354492188 1.0006149880536284 0.00016909261923445356
1661.2021484375 1.000551011171014 0.00016943626509525306
1661.2229614257812 0.9982731447931876 0.00016948694411430062
1661.2438354492188 1.0002114548321193 0.0001698709527968507
1661.2646484375 1.003090534026259 0.00016982927315045736
1661.2854614257812 0.9973623506693029 0.0001699222091724661
1661.3063354492188 1.000963146095627 0.00016999676201959063
1661.3271484375 0.9982342624700031 0.00017019070813219743
1661.3479614257812 1.0002332697000567 0.00017034373973486564
1661.3688354492188 1.0031282531072292 0.00017065826336130953
1661.3896484375 0.9998807381565704 0.00017067175141306386
1661.4104614257812 0.9976469758757168 0.00017094057120419488
1661.4313354492188 0.9995464431160319 0.00017100541838008734
1661.4521484375 1.0013963074450838 0.0001713038584049795
1661.4729614257812 0.9988223354328462 0.00017131856558889153
1661.4938354492188 0.9990426736976253 0.00017132956453373151
1661.5146484375 1.0041454496180333 0.00017104715494590053
1661.5354614257812 0.9946148314251421 0.00017109187509081189
1661.5563354492188 1.0023011025369442 0.00017101577769607543
1661.5771484375 1.000344326973538 0.00017062311337750382
1661.5979614257812 0.9986691564672528 0.0001705590573579018
1661.6188354492188 1.0031504432623422 0.00017072472926789962
1661.6396484375 0.9992495644807579 0.00017068219284211886
1661.6604614257812 0.99918206269226 0.00017069230696914413
1661.6813354492188 1.000083831347918 0.0001708048620460947
1661.7021484375 1.0004744530685121 0.00017072835465502142
1661.7229614257812 0.9967753368458238 0.00017065125298093185
1661.7438354492188 1.0025794716672538 0.00017080885571191509
1661.7646484375 1.0004105293985193 0.0001708503418133648
1661.7854614257812 1.001473407378715 0.00017068942713828526
1661.8063354492188 0.9988036701886306 0.00017086892169280315
1661.8271484375 0.9965469521080997 0.00017106276004286776
1661.8479614257812 1.0026967340489144 0.00017122853639595372
1661.8688354492188 1.002384871620366 0.0001713254404524466
1661.8896484375 0.9973003008895759 0.00017162966164314538
1661.9104614257812 0.9984947921355829 0.0001715698003965358
1661.9313354492188 1.0018792586135754 0.0001716322046576218
1661.9521484375 0.9988172439340877 0.00017190453417556819
1661.9729614257812 1.0023286704300511 0.00017193175456420558
1661.9938354492188 1.0006741613995604 0.00017213296059788528
1662.0146484375 0.9978467505063681 0.00017217680023746273
1662.0354614257812 1.0003975801406322 0.00017254230999320323
1662.0563354492188 0.999538881811046 0.00017289196517165483
1662.0771484375 1.000831686249511 0.00017306347648455975
1662.0979614257812 1.0003321599160122 0.00017312058691189424
1662.1188354492188 0.9980684645792508 0.0001734563688458589
1662.1396484375 1.002173448910563 0.0001735049081140292
1662.1604614257812 0.9988617127587107 0.00017373746922923777
1662.1813354492188 0.9999841653943461 0.00017373782830825682
1662.2021484375 0.9994270454829369 0.0001738156445324706
1662.2229614257812 1.0001803751085858 0.00017373593182025909
1662.2438354492188 0.9989248490179083 0.00017398564860135338
1662.2646484375 1.0019835822043315 0.00017390956622664137
1662.2854614257812 1.0007984518985773 0.00017398009478168306
1662.3063354492188 0.9991896604702106 0.00017412026261295912
1662.3271484375 0.9988436675503041 0.00017432622665399279
1662.3479614257812 1.0008468853726895 0.00017454351215607958
1662.3688354492188 1.001946756144072 0.00017486975501568587
1662.3896484375 0.9991955246443142 0.00017496305503365093
1662.4104614257812 0.9972438012066255 0.00017535526678257152
1662.4313354492188 1.0002951682913486 0.00017531247681888419
1662.4521484375 1.002439358130892 0.0001756096657805207
1662.4729614257812 0.9984678258541463 0.00017557173285647124
1662.4938354492188 1.0005683472789753 0.00017566982033274573
1662.5146484375 1.000507705793076 0.0001756078532798004
1662.5354614257812 0.9986853270459507 0.00017542469013850237
1662.5563354492188 0.9994843216508683 0.0001754964202452884
1662.5771484375 1.0016609036194823 0.0001754641486680005
1662.5979614257812 0.9976561819254635 0.00017538962763750216
1662.6188354492188 1.0031921349277202 0.0001752227056474475
1662.6396484375 0.9978396861319767 0.00017500507061548023
1662.6604614257812 0.9990068377997458 0.00017501666527141636
1662.6813354492188 1.0029648026831837 0.00017482580571649543
1662.7021484375 0.9991449840483599 0.00017485930751258885
1662.7229614257812 1.0008929069419905 0.00017508962853123977
1662.7438354492188 0.997968334629564 0.00017515293191211058
1662.7646484375 1.0006846605542457 0.00017509814490750285
1662.7854614257812 1.0011810525635059 0.00017543052660326942
1662.8063354492188 0.9985982683835672 0.00017557711736426642
1662.8271484375 0.9998467863385292 0.00017560700733586083
1662.8479614257812 1.000728196511387 0.00017559260813579822
1662.8688354492188 0.9984555811165234 0.0001757513307215019
1662.8896484375 1.0014622750455047 0.00017572008710184248
1662.9104614257812 1.0013250387405337 0.00017592675630989646
1662.9313354492188 0.9967851578952844 0.00017619758689542273
1662.9521484375 1.0026033533430847 0.00017607971541384014
1662.9729614257812 0.9991971975209019 0.00017634442205422104
1662.9938354492188 0.998240293720348 0.0001764493069586268
1663.0146484375 1.0026016814506877 0.00017658148375979815
1663.0354614257812 1.001894305883483 0.0001770222268170007
1663.0563354492188 0.9975194752172517 0.00017698225283157876
1663.0771484375 0.9980986294995795 0.00017716598476679704
1663.0979614257812 1.0002880182507567 0.00017720735126920217
1663.1188354492188 1.0003790693915702 0.00017755742489240938
1663.1396484375 1.0025786683205242 0.00017773905895908788
1663.1604614257812 0.9979878390582418 0.00017783349003646265
1663.1813354492188 1.0020669634426609 0.00017773073734657125
1663.2021484375 0.9969131495135038 0.00017777004547413696
1663.2229614257812 0.9986188082433212 0.00017788055356410723
1663.2438354492188 1.0045276805483694 0.00017792838484702718
1663.2646484375 0.9972842758565492 0.00017812752643071948
1663.2854614257812 1.0030876399787232 0.0001782752602401688
1663.3063354492188 0.9972269672336944 0.00017811408165062875
1663.3271484375 1.0002431299425454 0.00017851011673240884
1663.3479614257812 0.9991202305252628 0.00017866608822307187
1663.3688354492188 1.0005552141114142 0.00017850766478817934
1663.3896484375 1.0024056106871277 0.00017897564765240667
1663.4104614257812 0.9985739691926085 0.00017910110413123107
1663.4313354492188 1.0014726409416326 0.00017937190042683496
1663.4521484375 0.9998084460405283 0.0001795093448571548
1663.4729614257812 0.9973243207755298 0.000179750719542456
1663.4938354492188 1.0001430022912072 0.00017992752926820102
1663.5146484375 0.9994765599745368 0.0001796251359858017
1663.5354614257812 1.0005533889398373 0.00017970245577904342
1663.5563354492188 1.0000622757222242 0.0001794954710093729
1663.5772094726562 1.0018614451450158 0.00017944814148765077
1663.5980224609375 1.0014613647319481 0.00017950334135091953
1663.6188354492188 0.9975191655696825 0.0001794265311367961
1663.6397094726562 0.9982658774719401 0.0001792988589946713
1663.6605224609375 1.0008044433055665 0.00017938525537727226
1663.6813354492188 0.9986020361355528 0.00017909026348197682
1663.7022094726562 1.0042239448207562 0.00017917558379308463
1663.7230224609375 1.0000980068941343 0.00017907020624604046
1663.7438354492188 1.0009453521919858 0.0001790763382403372
1663.7647094726562 1.001096014919609 0.00017931175141750234
1663.7855224609375 0.9976018476263798 0.00017929157504641783
1663.8063354492188 0.9988716519985185 0.000179300292730331
1663.8272094726562 0.9995628565259502 0.000179321018704938
1663.8480224609375 0.9987379566657151 0.00017926794473481795
1663.8688354492188 1.0015644656686706 0.00017971577489074635
1663.8897094726562 0.9979915358878899 0.00017965614323034565
1663.9105224609375 1.0005106542047544 0.0001796231704484072
1663.9313354492188 0.9982735488847346 0.00017959504399460736
1663.9522094726562 0.9996724649901856 0.00018014821922498418
1663.9730224609375 0.9980969955185839 0.00017981586802469455
1663.9938354492188 0.9993063361219686 0.00018040204076033188
1664.0147094726562 1.0038699027632705 0.00018090505746885246
1664.0355224609375 1.0013925251858184 0.00018121085191173566
1664.0563354492188 0.9990638369516062 0.00018193411599731402
1664.0772094726562 1.0010885113904295 0.00018194006037177985
1664.1188354492188 0.9972803596357397 0.00018252883016909509
1664.1397094726562 0.9996335944121313 0.0001828858147491578
1664.1605224609375 1.0002762862788217 0.0001831319588941319
1664.1813354492188 1.0011745369532108 0.00018354617208691306
1664.2022094726562 0.9991912363602247 0.0001834930851613083
1664.2230224609375 1.000110295054819 0.00018337316372584792
1664.2438354492188 1.0004130283369876 0.0001833744510417859
1664.2647094726562 1.0004988698144912 0.00018344919045506884
1664.2855224609375 0.9994559079039482 0.00018354617286754868
1664.3063354492188 1.000550569406318 0.00018359965791207787
1664.3272094726562 1.001209369501559 0.0001838519930351378
1664.3480224609375 0.9984903533527586 0.00018402061857724757
1664.3688354492188 0.9984673610373802 0.00018416892700353404
1664.3897094726562 1.0005475616788797 0.0001843998564378385
1664.4105224609375 1.0025470347025134 0.00018473698844754413
1664.4313354492188 0.999752552323054 0.00018486688990352674
1664.4522094726562 0.9976158604457153 0.00018539087392282081
1664.4730224609375 0.9994906313048979 0.00018536702856403834
1664.4938354492188 1.0033072614621346 0.0001857050388270847
1664.5147094726562 1.000543970418271 0.0001860458150151412
1664.5355224609375 0.9963948617194919 0.00018614135667084888
1664.5563354492188 0.999774495688027 0.00018622707813726295
1664.5772094726562 1.0003420872821318 0.00018630137039873376
1664.5980224609375 1.0021794172660325 0.00018656781328406312
1664.6188354492188 0.998997541037265 0.00018675777172809968
1664.6397094726562 0.9997866219109107 0.00018621369168141404
1664.6605224609375 1.0007009178555988 0.00018647202184587792
1664.6813354492188 0.9980904543777026 0.00018635119893157636
1664.7022094726562 1.0021074006823225 0.00018666460724744047
1664.7230224609375 1.0000093923263296 0.00018666288130431537
1664.7438354492188 0.9978779404989412 0.00018660834970473742
1664.7647094726562 1.0032132492538601 0.000187016430409547
1664.7855224609375 0.996794642741353 0.00018703764404877544
1664.8063354492188 1.0010107371627261 0.00018706280575272877
1664.8272094726562 1.0005693546338017 0.00018702553360778917
1664.8480224609375 0.998824788823413 0.0001873338360468491
1664.8688354492188 1.0028415414208396 0.00018786862162316752
1664.8897094726562 0.9989028408255722 0.00018779752208844278
1664.9105224609375 0.9986831365137515 0.0001880572387767757
1664.9313354492188 1.0007436845066668 0.0001883681003976498
1664.9522094726562 0.9998474731638964 0.00018867337278747208
1664.9730224609375 0.9982270193424982 0.00018916239556803085
1664.9938354492188 1.0011424533715128 0.00018915856574984485
1665.0147094726562 1.0030400052763093 0.0001896618906797409
1665.0355224609375 0.9985961530752399 0.00019003936497158803
1665.0563354492188 0.9983518164663339 0.00019080738233133267
1665.0772094726562 1.0013611716580535 0.00019099368744639856
1665.0980224609375 0.9991197835765471 0.0001911751881862896
1665.1188354492188 1.0002263185162534 0.00019137681924417897
1665.1397094726562 0.9984819919674222 0.0001913971110381414
1665.1605224609375 0.9981975030779935 0.00019176208073746302
1665.1813354492188 1.0051489727137024 0.00019196419833652066
1665.2022094726562 1.001021641814779 0.0001920117859546792
1665.2230224609375 0.997809465083703 0.00019231177645513694
1665.2438354492188 0.9976281053619813 0.00019253035312783416
1665.2647094726562 1.00060936823283 0.00019333450667282767
1665.2855224609375 1.001866591805544 0.00019324775808578364
1665.3688354492188 0.9988731591921189 0.00019324609797103843
1665.3897094726562 1.0003717289850504 0.0001932046646876482
1665.4105224609375 0.9991773791118657 0.0001932537306793553
1665.4313354492188 1.0018102179507589 0.00019365143428543122
1665.4522094726562 0.9999079852638213 0.00019385286754612218
1665.4730224609375 0.9995920128021889 0.00019387252552214535
1665.4938354492188 0.997832569455685 0.0001936776413359412
1665.5147094726562 1.000423393798611 0.0001935149578269797
1665.5355224609375 1.0011849918584461 0.00019337013840804815
1665.5563354492188 0.9980974479477687 0.00019306677243123338
1665.5772094726562 1.0020372048145691 0.00019317392633991473
1665.5980224609375 1.001116669334367 0.00019306746135231768
1665.6188354492188 1.0014384967262902 0.00019336645525211055
1665.6397094726562 0.9987659507475248 0.00019334688208183688
1665.6605224609375 0.9960206832642455 0.0001934461886100415
1665.6813354492188 1.001117197039697 0.00019336300142236244
1665.7022094726562 1.0003613185818303 0.00019340241853100723
1665.7230224609375 1.0015046719628735 0.00019369789663734773
1665.7438354492188 1.0009534681204415 0.00019341415024357189
1665.7647094726562 0.9995540909434907 0.0001931419398828292
1665.7855224609375 0.997335292499377 0.00019336149744851545
1665.8063354492188 1.00235352386753 0.00019327272497575697
1665.8272094726562 0.999487053804592 0.00019334681307619077
1665.8480224609375 0.9999830088932793 0.0001932180419962508
1665.8688354492188 1.0006712749054 0.00019337955929406376
1665.8897094726562 0.9977996171927556 0.00019319861823428994
1665.9105224609375 0.999229096673071 0.00019303196475400504
1665.9313354492188 1.0030007586938672 0.00019279621618342122
1665.9522094726562 0.9987182031505412 0.0001928078109498555
1665.9730224609375 1.003124075662286 0.0001932695227779507
1665.9938354492188 0.9985136743687367 0.0001929714690907404
1666.0147094726562 0.9978709137118036 0.00019299103819319733
1666.0355224609375 1.0002583838557406 0.0001934902791257403
1666.0563354492188 0.9977438644606256 0.00019311777723361297
1666.0772094726562 1.004242793990043 0.00019325101404469645
1666.0980224609375 0.9995158452339344 0.0001929763769323723
1666.1188354492188 1.000050585008187 0.00019293185295825942
1666.1397094726562 0.9998714315174058 0.00019289612719282354
1666.1605224609375 0.9973797083637748 0.00019315405613934563
1666.1813354492188 1.0017694645955522 0.0001932067504711472
1666.2022094726562 1.00063379762686 0.00019302800328432963
1666.2230224609375 1.0004799925148204 0.0001932071754858412
1666.2438354492188 0.9983634567888113 0.00019306054260389682
1666.2647094726562 0.9995074945955859 0.0001928451360280279
1666.2855834960938 1.0018971771626963 0.000192935467893893
1666.306396484375 0.998755864237066 0.00019277526169116666
1666.3272094726562 0.999363712861039 0.00019283481917869638
1666.3480834960938 1.0012700454748082 0.00019275310763749065
1666.368896484375 1.0009580388243948 0.00019273929567875282
1666.3897094726562 1.0002526428624787 0.0001929347850872041
1666.4105834960938 0.9983662391167952 0.0001928484600431066
1666.431396484375 1.000553189893457 0.00019304548209558167
1666.4522094726562 0.9980544096096535 0.00019316678857333756
1666.4730834960938 1.0016930947389067 0.00019295238202717276
1666.493896484375 1.0005536314378007 0.00019327467379347282
1666.5147094726562 0.9986788373408884 0.0001929863541191874
1666.5355834960938 0.9998721426624703 0.00019268277803454113
1666.556396484375 1.0013435267062176 0.0001927087649961206
1666.5772094726562 1.0000359965207446 0.000193037608560488
1666.5980834960938 0.9996794108374247 0.00019270645371259926
1666.618896484375 1.000307318835921 0.00019296111863847777
1666.6397094726562 0.9991243054653145 0.00019297580985624819
1666.6605834960938 1.0000460295795985 0.00019305858113746217
1666.681396484375 0.9981249249819006 0.00019286865064936033
1666.7022094726562 0.9998384624439874 0.00019275429543596414
1666.7230834960938 1.0014190295704464 0.0001927126721433166
1666.743896484375 1.0033576118334593 0.00019266389000944343
1666.7647094726562 0.996869679787021 0.00019245247476285755
1666.7855834960938 0.9983754993711333 0.0001923004238751975
1666.806396484375 1.0000543451387245 0.00019221672666290486
1666.8272094726562 0.996816301925838 0.0001921282408697254
1666.8480834960938 0.9986937234760404 0.00019228885185244436
1666.868896484375 1.0000760731820368 0.00019193916380785763
1666.8897094726562 1.0011245187122455 0.0001918585361191798
1666.9105834960938 1.0016760308842647 0.0001921427469410076
1666.931396484375 0.9978143169924225 0.00019186021314482796
1666.9522094726562 1.0010458250827694 0.00019179868701222396
1666.9730834960938 1.0012702268048708 0.00019206122136365518
1666.993896484375 1.0020933134331858 0.00019198405136887549
1667.0147094726562 0.998984622248616 0.00019201987190901784
1667.0355834960938 1.0008964024800442 0.00019206858826328988
1667.056396484375 0.9991077375967041 0.00019180976368162305
1667.0772094726562 0.9975952028192684 0.00019168672328271347
1667.0980834960938 1.0000839432718744 0.00019155207961183028
1667.118896484375 0.9998683337073839 0.00019160623081978417
1667.1397094726562 1.001240074233584 0.00019138089786403865
1667.1605834960938 1.000698836111405 0.00019132389245327553
1667.181396484375 1.0611875428039086 0.00019464893570694458
1667.2022094726562 0.9963280295451302 0.00019119489835620851
1667.2230834960938 0.9996359514209934 0.00019139802529694663
1667.243896484375 0.999633765078011 0.00019108485251572167
1667.2647094726562 1.0015229424896426 0.00019110476222295247
1667.2855834960938 0.9984117300995151 0.0001911944982971921
1667.306396484375 1.0004794145751665 0.00019100514267508714
1667.3272094726562 0.9981561372873595 0.00019098570532651542
1667.3480834960938 1.003454005452442 0.00019109453355423074
1667.368896484375 0.997571453228555 0.00019090055881467707
1667.3897094726562 1.0002022926687877 0.00019077116335474806
1667.4105834960938 1.0001420495309161 0.00019068045393711084
1667.431396484375 1.0010674983550083 0.00019058454889466812
1667.4522094726562 1.0014109118098555 0.00019057816664116384
1667.4730834960938 0.9964319566979529 0.0001904526677719295
1667.493896484375 0.9989599514012004 0.00019048856017289055
1667.5147094726562 1.0038979035542832 0.00019038723424022501
1667.5355834960938 0.9999100072345678 0.00019025813864888594
1667.556396484375 0.9989231196264917 0.00019022418805268756
1667.5772094726562 1.0012549676706441 0.00019033643384075
1667.5980834960938 0.997048739130724 0.00018994556861243503
1667.618896484375 0.9975717679794295 0.0001898103015697507
1667.6397094726562 1.0027812214226606 0.000189811664506014
1667.6605834960938 1.000467501543568 0.00018986258309186844
1667.681396484375 0.9998150502740045 0.00018959867673689333
1668.6397094726562 1.0000520950470675 0.0001856781114837679
1668.6605834960938 1.0103578905002772 0.00018904896769041248
1668.681396484375 1.0027433088332278 0.00019317778503164765
1668.7022094726562 1.0051496388804324 0.00019955831370663545
1668.7230834960938 1.0074697818185632 0.00020629497171627205
1668.743896484375 1.000378563036104 0.0002132866399885127
1668.7647094726562 1.0049943264000103 0.00022161692264623803
1668.7855834960938 0.9978027565693045 0.0002293360782041357
1668.806396484375 0.9933066671036695 0.00023766160138953145
1668.8272094726562 1.0004012528467736 0.00024417606881594163
1668.8480834960938 0.998879121775838 0.00024931805619904726
1668.868896484375 1.0038524798830064 0.0002536583607466129
1668.8897094726562 0.9979380964372767 0.0002560690199096252
1668.9105834960938 1.0002243204286634 0.00025737055462434383
1668.931396484375 0.9976984292324793 0.0002581789734212767
1668.9522094726562 1.006385163477517 0.00025835990041907204
1668.9730834960938 1.001692681430009 0.00025864184920961386
1668.993896484375 0.9935915909399399 0.0002596509586793919
1669.0147094726562 1.0019098496413221 0.00026116350302889905
1669.0355834960938 0.9988637023476936 0.0002631209858986581
1669.056396484375 1.0054746898879972 0.0002650429250470794
1669.0772094726562 0.9930650005377092 0.00026618855248301257
1669.0980834960938 1.000181516524679 0.0002667483399611849
1669.118896484375 1.0018964945007975 0.0002675389467719377
1669.1397094726562 1.0032229306968132 0.00026769499278933535
1669.1605834960938 0.9971762033174836 0.0002674378057342079
1669.181396484375 0.9996637900746905 0.00026733246903533293
1669.2022094726562 0.9987056489791691 0.0002683463312113528
1669.2230834960938 1.0025598030439127 0.0002682476987180427
1669.243896484375 0.9991335265778047 0.0002682723798910381
1669.2647094726562 1.002334032414379 0.00026770992747327037
1669.2855834960938 0.9977440899944107 0.0002675781507990988
1669.306396484375 1.0044831421008098 0.0002672352876140452
1669.3272094726562 0.9937946786124227 0.0002668032285389747
1669.3480834960938 1.0026565185005087 0.00026581837542662416
1669.368896484375 0.998405547480384 0.0002657394954055266
1669.3897094726562 0.9997129625529475 0.000265273666549876
1669.4105834960938 1.0027042341663797 0.000264705802551659
1669.431396484375 1.0003132241415156 0.0002635209497510935
1669.4522094726562 0.9951415964121765 0.00026286362932549347
1669.4730834960938 1.0018990842240496 0.00026201861816087685
1669.493896484375 0.9958352713282688 0.00026134980462080203
1669.5147094726562 1.0048199784048075 0.00026061159906308836
1669.5355834960938 0.9981779313720294 0.0002597148562958666
1669.556396484375 1.0033195164373458 0.0002594725896717299
1669.5772094726562 1.001740062214955 0.00025923514945834443
1669.5980834960938 1.0116556791503162 0.00025909485307778503
1669.618896484375 1.0026877625964363 0.00025865615977647575
1669.6397094726562 1.0029324052381392 0.00025785029977323424
1669.6605834960938 0.9946339593818512 0.0002571913334002248
1669.681396484375 0.9959580799202092 0.00025548146078707034
1669.7022094726562 0.9816597143666258 0.00025387074961934864
1669.7230834960938 0.9716702763986059 0.0002524750101106355
1669.743896484375 0.9754909021031616 0.0002514836839062404
1669.7647094726562 0.9712094750888548 0.00025107768976252395
1669.7855834960938 0.9718407954789573 0.00025115449297392504
1669.806396484375 0.9761631481147046 0.0002515139197270209
1669.8272094726562 0.9833275439018803 0.00025200594908775714
1669.8480834960938 0.9881831635521967 0.00025261168150077804
1669.868896484375 0.9937749830808916 0.0002527127717965319
1669.8897094726562 1.0017911992643729 0.00025480358385151223
1669.9105834960938 1.0043974528356212 0.0002558277160795287
1669.931396484375 1.0051956520525944 0.00025584602435174794
1669.9522094726562 1.00360900668207 0.00025528829087402875
1669.9730834960938 0.9945862455487349 0.0002543671803982194
1669.993896484375 1.0019123006472765 0.0002538801880718044
1670.0147094726562 0.9973031352300777 0.0002534325314292002
1670.0355834960938 1.0011298741651327 0.0002527982552647871
1670.056396484375 0.9966361774646678 0.00025244134299633967
1670.0772094726562 1.0062006162810027 0.0002516733656822329
1670.0980834960938 0.9932231091134909 0.00025123266446430725
1670.118896484375 1.0062470675178485 0.00025065958497032817
1670.1397094726562 0.9954095901351219 0.00025061651663266623
1670.1605834960938 1.003312451668707 0.000250117011843193
1670.181396484375 0.997977275680483 0.00024983635370318905
1670.2022094726562 1.003289663259377 0.0002488646872318231
1670.2230834960938 0.9974080344501811 0.00024811895409130056
1670.243896484375 1.0014165044105998 0.00024696682045232467
1670.2647094726562 0.997458477694876 0.0002460901380292137
1670.2855834960938 1.0036873510523738 0.000244543287958501
1670.306396484375 0.9878793034589259 0.00024314217434196473
1670.3272094726562 1.0006312267841215 0.00024210347070868988
1670.3480834960938 0.9948912179937379 0.0002408224889979636
1670.368896484375 1.0004719005552654 0.00023981299107760947
1670.3897094726562 1.0032099388396207 0.00023916785448326313
1670.4105834960938 0.9994706865817211 0.00023856691912811485
1670.431396484375 0.999111783804753 0.000237859136180199
1670.4522094726562 1.0003031592773441 0.00023714879246513406
1670.4730834960938 0.9994070726091584 0.0002369337481963318
1670.493896484375 1.0003515610894913 0.00023702723976802556
1670.5147094726562 0.9993718216809351 0.00023749041003649586
1670.5355834960938 1.000686372133633 0.00023794156744679117
1670.556396484375 1.000660457757766 0.00023797748267803207
1670.5772094726562 0.9987457517097756 0.00023810160881269487
1670.5980834960938 1.0005756055734862 0.00023796032872433506
1670.618896484375 1.001691584720032 0.00023770870645405405
1670.6397094726562 0.9983176580006642 0.00023697989716224668
1670.6605834960938 0.9990781650475806 0.00023580370966905652
1670.681396484375 1.0005803412154992 0.00023452487628302225
1670.7022094726562 1.0001660815239635 0.00023335654783870755
1670.7230834960938 1.0013481943379552 0.00023231159042950896
1670.7439575195312 0.999305986794549 0.00023138263354532932
1670.7647705078125 1.0002430113503724 0.0002307306998423367
1670.7855834960938 0.9981381914586247 0.00023024251196910277
1670.8064575195312 1.000316049028116 0.00022991206936095877
1670.8272705078125 1.0001655603104125 0.00022975186316087878
1670.8480834960938 1.0031548264924817 0.0002292599554070582
1670.8689575195312 0.997445201922452 0.0002288649562611016
1670.8897705078125 1.0003967619268053 0.0002279371643758526
1670.9105834960938 0.9987307000743303 0.00022694056003289218
1670.9314575195312 1.002758422934369 0.0002255092351510174
1670.9522705078125 0.9975377950955873 0.0002236657989208789
1670.9730834960938 1.0009831726772689 0.00022161088542014363
1670.9939575195312 0.996770307420204 0.00021964004531432123
1671.0147705078125 1.0047507296509544 0.00021765641807864467
1671.0355834960938 0.9959977320123097 0.00021612704370163193
1671.0564575195312 1.0034048914086435 0.00021472238733913338
1671.0772705078125 0.9983376540767177 0.00021419874009850657
1671.0980834960938 1.0013255343009637 0.0002137410719668152
1671.1189575195312 0.9989972762591554 0.0002138725461640859
1671.1397705078125 1.0016165396175505 0.00021393110916748356
1671.1605834960938 0.99912151136392 0.00021387861387732395
1671.1814575195312 1.0019349657920864 0.00021344148389833178
1671.2022705078125 0.9949962906245583 0.00021284605569023792
1671.2230834960938 1.0004871354062235 0.00021184882008513383
1671.2439575195312 1.000047952020832 0.00021094427123059372
1671.2647705078125 1.0040052676705198 0.00020926613602993956
1671.2855834960938 0.9999384620395861 0.0002076200907597152
1671.3064575195312 0.9974313857384597 0.00020613195796325787
1671.3272705078125 0.9986074379353665 0.00020460048847221996
1671.3480834960938 1.0001711125785582 0.00020339198705899818
1671.3689575195312 1.001277525166472 0.0002022179475507587
1671.3897705078125 1.001661818945981 0.00020137656688380828
1671.4105834960938 1.0026371223300143 0.00020045997737470659
1671.4314575195312 0.9952848171076176 0.00020002840002811463
1671.4522705078125 1.000243117900697 0.0001994734340752655
1671.4730834960938 0.9968304018365532 0.00019929582011671588
1671.4939575195312 1.0064345681255555 0.00019910817468663674
1671.5147705078125 0.9973084222547645 0.00019919651063694176
1671.5355834960938 1.002694496453807 0.00019937522769065014
1671.5564575195312 0.9962291967573316 0.00019979160531906822
1671.5772705078125 1.0017881792181147 0.00019951875059142434
1671.5980834960938 0.9978234282501123 0.00019980875052248546
1671.6189575195312 1.00212372065292 0.00019925030436099929
1671.6397705078125 0.9990776414362466 0.00019904835750316564
1671.6605834960938 1.0012320471467537 0.00019817595135276402
1671.6814575195312 0.997201491235581 0.00019775819247766578
1671.7022705078125 1.0026236560009125 0.00019724042625752375
1671.7230834960938 0.9994701317382878 0.00019695702704413277
1671.7439575195312 1.0011977039625617 0.0001965650358711503
1671.7647705078125 0.9963291036674005 0.00019650046383171008
1671.7855834960938 1.0019343449748193 0.00019656556720844677
1671.8064575195312 0.9995064491070368 0.00019720468715903256
1671.8272705078125 1.0045905206277381 0.00019727769965361642
1671.8480834960938 0.9974020427339735 0.00019750126365359946
1671.8689575195312 0.9985044221340051 0.00019738823230532282
1671.8897705078125 0.9991660136638203 0.00019731348587050292
1671.9105834960938 0.9997724424035553 0.00019683309206315519
1671.9314575195312 1.0012943815158053 0.0001963286692928645
1671.9522705078125 1.0007193699972443 0.00019520735824693
1671.9730834960938 1.0006360126382357 0.00019411683776261846
1671.9939575195312 0.9983750401782097 0.00019284435732583007
1672.0147705078125 0.9999786045235087 0.0001916022316552302
1672.0355834960938 0.9976448581570063 0.00019070893871065914
1672.0772705078125 1.0019024992194343 0.00018923159072848205
1672.0980834960938 1.0033708372438128 0.0001887493772962105
1672.1189575195312 0.9996418421960115 0.000188028020345051
1672.1397705078125 1.0111429280973678 0.00018798268204231437
1672.1605834960938 0.9966442952853634 0.00018756719780209998
1672.1814575195312 0.9984248769970296 0.00018757620745825574
1672.2022705078125 1.004116527815298 0.0001873206382595239
1672.2230834960938 1.0013538103078055 0.00018708500109844968
1672.2439575195312 0.9954243760610568 0.0001864652453904039
1672.2647705078125 1.0015408126042638 0.00018607377470983698
1672.2855834960938 1.000279123552238 0.00018569027773379058
1672.3064575195312 1.002364176405783 0.00018507594181344265
1672.3272705078125 0.9978947276453337 0.0001844340666454614
1672.3480834960938 0.9971646030407185 0.00018394094672513045
1672.3689575195312 1.0008750839173957 0.00018365529038874817
1672.3897705078125 1.003403558175953 0.00018313725652568423
1672.4105834960938 0.9985425763866357 0.00018313579775632044
1672.4314575195312 1.0023742469387575 0.00018297179616785973
1672.4522705078125 0.9962496655530682 0.00018292552568804327
1672.4730834960938 1.0018288149225132 0.00018316744055684378
1672.4939575195312 0.9985385351531608 0.00018332223420983304
1672.5147705078125 1.0089917727782158 0.0001834792739731591
1672.5355834960938 0.999080862031862 0.00018372670052886899
1672.5564575195312 1.0036190610382707 0.0001839054133047661
1672.5772705078125 0.9965102176930104 0.00018402216955429502
1672.5980834960938 1.001304287155081 0.00018400831613132006
1672.6189575195312 0.9995862346600708 0.0001841122838529668
1672.6397705078125 0.9969902678440712 0.0001842048246888393
1672.6605834960938 0.9919795531216264 0.0001839165525448714
1672.6814575195312 1.0082509562300148 0.00018399218975064844
1672.7022705078125 0.9918010112648983 0.00018395653131533473
1672.7230834960938 0.9967968659162805 0.0001837280344511997
1672.7439575195312 0.992078941874854 0.00018384843403799851
1672.7647705078125 0.997423551373783 0.0001839614543853732
1672.7855834960938 0.9996922964843871 0.00018431396573313145
1672.8064575195312 1.0017887997702015 0.00018452335245353
1672.8272705078125 0.9979684221936175 0.00018501582667112878
1672.8480834960938 1.0013898101423024 0.00018532695698704794
1672.8689575195312 0.9979196114073778 0.00018532428780593512
1672.8897705078125 1.0008465651924465 0.00018546705433038584
1672.9105834960938 0.9943385610486436 0.00018543226373462983
1672.9314575195312 1.0060495481711018 0.00018531801366671936
1672.9522705078125 1.0001103870336006 0.00018508356961142528
1672.9730834960938 0.999637841456045 0.00018501637690980922
1672.9939575195312 0.999979427296086 0.0001847057232566399
1673.0147705078125 0.9993997519927573 0.00018419483602056876
1673.0355834960938 0.997306200133361 0.000184027737434613
1673.0564575195312 1.0023767953670644 0.00018381736607276067
1673.0772705078125 1.0003781100920655 0.00018338999784154315
1673.0980834960938 1.0018958812862007 0.00018319715640104298
1673.1189575195312 0.9968664993279709 0.0001829871312351695
1673.1397705078125 0.9989686529318729 0.00018309552976027214
1673.1605834960938 1.0016160295384455 0.00018314194833050847
1673.1814575195312 0.9992786614441717 0.00018303351854713544
1673.2022705078125 1.003277607111128 0.0001833833058693827
1673.2230834960938 0.9981638747459315 0.00018332003992766686
1673.2439575195312 1.0010757538635298 0.00018349664548839917
1673.2647705078125 0.9971774504199307 0.00018340307568700433
1673.2855834960938 0.9995014349686575 0.0001835550302687476
1673.3064575195312 1.0011556622987872 0.00018346142474208699
1673.3272705078125 1.008967620246432 0.00018299185612115004
1673.3480834960938 1.0026955753429798 0.00018280692712877649
1673.3689575195312 1.0000862375219879 0.0001827601921665874
1673.3897705078125 0.9970689093733939 0.00018253791020486878
1673.4105834960938 1.0002387252260225 0.00018269055978871189
1673.4314575195312 1.0008279807872902 0.0001824302410037785
1673.4522705078125 0.9978938344111185 0.00018238325638731025
1673.4730834960938 1.000824075582976 0.00018260388262572241
1673.4939575195312 1.0032955369030363 0.00018247313031370782
1673.5147705078125 0.9967127875228484 0.00018281369392620677
1673.5355834960938 1.0018361425270619 0.00018306212652361377
1673.5564575195312 0.999401380791221 0.00018320320251766827
1673.5772705078125 0.9997432192397739 0.00018352880348168648
1673.5980834960938 0.9981656923337078 0.00018405197799776986
1673.6189575195312 1.00242696170581 0.00018406636362246494
1673.6397705078125 0.9993094957733386 0.00018444576473478173
1673.6605834960938 1.002178569672885 0.00018446977643780648
1673.6814575195312 0.9967427338659247 0.0001846030109975741
1673.7022705078125 1.0022150773627516 0.00018462865417240033
1673.7230834960938 0.9963166721381794 0.00018483349625509967
1673.7439575195312 1.0039892609019891 0.00018499124106771916
1673.7647705078125 0.9991004091786271 0.00018504688384684312
1673.7855834960938 1.0005431190394574 0.00018487372544210285
1673.8064575195312 0.9974974492737918 0.00018518702048471209
1673.8272705078125 1.0017312855524796 0.00018513994350171568
1673.8480834960938 0.9992834310718357 0.00018554513066599583
1673.8689575195312 1.0019720390730773 0.00018551465374216575
1673.8897705078125 0.9979732014754519 0.00018561902800151193
1673.9105834960938 1.0017182179716528 0.0001852675438564606
1673.9314575195312 0.9964468063434142 0.00018536771413180865
1673.9522705078125 1.0026652650099874 0.00018507509757009403
1673.9730834960938 0.9993193428193717 0.00018502993217614882
1673.9939575195312 1.0020606113415857 0.00018464788023915554
1674.0147705078125 0.9985423598008689 0.00018447547665049644
1674.0355834960938 1.000458662284861 0.00018425682623433601
1674.0564575195312 0.9990543410047583 0.00018446659275877608
1674.0772705078125 1.000071821927643 0.00018425777716757268
1674.0980834960938 0.9994969872788787 0.00018420052692751432
1674.1189575195312 1.0023906619860152 0.0001840591887275878
1674.1397705078125 0.9959087188959034 0.00018404845816935624
1674.1605834960938 1.0038594169639234 0.00018414266596476718
1674.1814575195312 0.9985985769509358 0.0001841642630556033
1674.2022705078125 0.9990606794098658 0.0001840179659075073
1674.2230834960938 1.0001667220461756 0.0001841428560174197
1674.2439575195312 1.001313124270284 0.00018402140019847706
1674.2647705078125 1.0000939445719916 0.00018404901464717885
1674.2855834960938 0.9994080041894956 0.00018389835099209682
1674.3064575195312 0.9993137986401648 0.0001839837491943516
1674.3272705078125 1.0007141188164155 0.00018364837648664694
1674.3480834960938 1.0010162203979565 0.00018366664409472889
1674.3689575195312 0.9998229960617379 0.0001834405233986597
1674.3897705078125 0.999533647066285 0.00018337175907150426
1674.4105834960938 0.9984243440542844 0.0001831926082820908
1674.4314575195312 0.9996847200176551 0.0001832008190464708
1674.4522705078125 1.0032345079508043 0.00018321641919233662
1674.4730834960938 0.9965854455346815 0.00018346194178010567
1674.4939575195312 1.0025446787177623 0.00018324554643009338
1674.5147705078125 0.999314945532227 0.000183404298337536
1674.5355834960938 0.9988037861799584 0.00018356690010305906
1674.5564575195312 0.9999491524447109 0.00018333292888452336
1674.5772705078125 1.0010977886197618 0.00018351997087362706
1674.5980834960938 0.9997875519617192 0.0001836565629720733
1674.6189575195312 1.0022120725854398 0.00018368156181352853
1674.6397705078125 0.9976306615940546 0.00018380824097703305
1674.6605834960938 0.9989347648992025 0.00018374734977835063
1674.6814575195312 0.9994660841000556 0.00018376776167077248
1674.7022705078125 1.0031989501352345 0.00018387470332540851
1674.7230834960938 0.9994576167654847 0.00018374783353030592
1674.7439575195312 1.0004864165133662 0.00018369056059411
1674.7647705078125 0.9991766351825836 0.00018365396161327074
1674.7855834960938 0.9989441175902278 0.00018348425922901665
1674.8064575195312 1.0002833135508584 0.00018348749571654263
1674.8272705078125 0.9990713709316339 0.00018344178444117118
1674.8480834960938 1.0004071301835744 0.0001833705074294519
1674.8689575195312 1.0017447926979863 0.00018336389727485506
1674.8897705078125 0.9984640876095336 0.000182988973634102
1674.9105834960938 1.0002570255269287 0.00018295637641151894
1674.9314575195312 1.000206647329304 0.00018276129920317057
1674.9522705078125 1.00120551805132 0.00018287065572184156
1674.9730834960938 1.0015192129328911 0.00018276075620384945
1674.9939575195312 0.9966315034795566 0.0001825664863361031
1675.0147705078125 1.0003251536875037 0.0001825999442138536
1675.0355834960938 0.9991128432999341 0.00018274677480296703
1675.0564575195312 1.0015948449494065 0.00018270405332623175
1675.0772705078125 1.0007996528878325 0.0001826131250666256
1675.0980834960938 0.9997018708567585 0.0001822851688213033
1675.1189575195312 0.9999172157422641 0.00018226733755138475
1675.1397705078125 0.9975138447283936 0.00018228675145762403
1675.1605834960938 1.0007852986754782 0.00018233752895487176
1675.1814575195312 1.0018208338439922 0.0001823826316592943
1675.2022705078125 0.9996863729153626 0.00018223351017114398
1675.2230834960938 0.9987646484970688 0.0001822017349126321
1675.2439575195312 1.0014420491920304 0.00018213696748276123
1675.2647705078125 0.9986982170518709 0.0001819425333505441
1675.2855834960938 1.0006670855592357 0.00018210013680182836
1675.3064575195312 1.0001312803239213 0.00018204776399908024
1675.3272705078125 0.9993032544041042 0.00018178108334910133
1675.3480834960938 1.0011341872732176 0.00018177447071304997
1675.3689575195312 1.0005611649368922 0.00018185700849623286
1675.3897705078125 0.9996132813058255 0.00018193874603398505
1675.4105834960938 0.9987555428951276 0.00018209303064329937
1675.4522705078125 1.0019911388388714 0.0001820012130990037
1675.4730834960938 0.9970658883949303 0.00018205714057232785
1675.4939575195312 1.0004377683251164 0.00018210073024132738
1675.5147705078125 1.0005506831296405 0.00018205179815525225
1675.5355834960938 0.9982665116221586 0.00018191874742754717
1675.5564575195312 1.0014303850999298 0.00018169355090390498
1675.5772705078125 0.9982565572390991 0.00018169904931397753
1675.5980834960938 1.005745146045965 0.00018181494952510772
1675.6189575195312 0.9966179841046751 0.00018186280536973455
1675.6397705078125 1.0022880895522113 0.00018149238962932642
1675.6605834960938 0.9979505197125276 0.0001817022098752663
1675.6814575195312 1.0007999077493177 0.00018136672031420834
1675.7022705078125 0.9963076346134776 0.00018140933222181893
1675.7230834960938 1.0012400688743262 0.00018129947324487496
1675.7439575195312 1.0006349785486628 0.00018129156823758148
1675.7647705078125 1.0018459092959526 0.00018093684188656952
1675.7855834960938 0.9976778624743333 0.00018088130524608213
1675.8064575195312 0.9992813687986799 0.00018092084843382146
1675.8272705078125 0.9981269138567851 0.00018081222910336278
1675.8480834960938 1.0003107135756673 0.0001808917847099731
1675.8689575195312 1.0006559330185545 0.00018082572332620676
1675.8897705078125 1.0013623845634372 0.00018080937974353136
1675.9105834960938 0.9986106437985169 0.00018102367077114424
1675.9314575195312 1.001695775587013 0.0001809116220291689
1675.9522705078125 0.9978386689062704 0.00018115852794804073
1675.9730834960938 1.0021787246895126 0.00018123161172150287
1675.9939575195312 0.9984980990550116 0.0001814806429264885
1676.0147705078125 1.0011950123068996 0.00018142753404376888
1676.0355834960938 0.998717042764621 0.00018151984268603388
1676.0564575195312 1.000026627400727 0.0001816603532518179
1676.0772705078125 0.9998928895879505 0.00018199071599554674
1676.0980834960938 1.0012159170394783 0.0001817617602827863
1676.1189575195312 0.9995593536822979 0.00018200658211093667
1676.1397705078125 0.9982612892643543 0.00018185324607479254
1676.1605834960938 1.001098379974461 0.0001817444541448341
1676.1814575195312 0.9988423619874353 0.00018176281416763332
1676.2022705078125 1.0014140635304654 0.00018190145454737158
1676.2230834960938 1.0007678983690578 0.00018206860033021609
1676.2439575195312 1.0010593438953042 0.00018209909863732484
1676.2647705078125 0.9984875870097882 0.00018241938702836283
1676.2855834960938 0.9974801191893257 0.00018225357882126414
1676.3064575195312 1.0011239357121022 0.00018236164003651397
1676.3272705078125 1.0019738287620878 0.00018287094139981925
1676.3480834960938 1.0001090738087597 0.00018277416107039188
1676.3689575195312 1.002274878287865 0.00018290455273778193
1676.3897705078125 0.9953947871533527 0.00018283716851136056
1676.4105834960938 0.999956760579232 0.00018310101197799045
1676.4314575195312 1.000390439740013 0.00018305072527177328
1676.4522705078125 1.0008263772533452 0.00018312747498100713
1676.4730834960938 1.0009505213054088 0.00018285923887848351
1676.4939575195312 0.9984776555212052 0.0001827243409049086
1676.5147705078125 1.0025902346869011 0.0001827094455053772
1676.5355834960938 0.9974444471579266 0.00018261969992568633
1676.5564575195312 0.9987800064275747 0.0001824889927859204
1676.5772705078125 1.0012922377279359 0.0001825226345383662
1676.5980834960938 1.0016400301941604 0.0001824519901271163
1676.6189575195312 1.0001594872170667 0.00018231468282165918
1676.6397705078125 0.9991338447545484 0.00018213932575723878
1676.6605834960938 0.9965001195475607 0.0001820642769731078
1676.6814575195312 1.0032209701747157 0.0001820404423055301
1676.7022705078125 0.9995817091201349 0.00018210419110826467
1676.7230834960938 1.0016346992106315 0.00018211020702937463
1676.7439575195312 1.0011874924895436 0.00018226051799845165
1676.7647705078125 0.9973905621252415 0.00018193406978253343
1676.7855834960938 0.9988681944970615 0.00018217489574548281
1676.8064575195312 1.0010443718826982 0.0001820929773050904
1676.8272705078125 1.0008053517284106 0.00018235607074484835
1676.8480834960938 0.998118933073748 0.0001822082832136643
1676.8689575195312 1.002165622363804 0.00018238660603015316
1676.8897705078125 0.9975413066866888 0.0001824491783272315
1676.9105834960938 1.0024205643581832 0.0001825009919187361
1676.9314575195312 1.0003485460267072 0.00018246999424807492
1676.9522705078125 0.9984891689209707 0.00018243404162527702
1676.9730834960938 1.0000094127827142 0.00018276836613840804
1676.9939575195312 1.000159002139582 0.00018272881367490667
1677.0147705078125 1.0000202075354767 0.00018291802052739983
1677.0355834960938 1.0013265533467997 0.00018293012404108755
1677.0564575195312 0.9986315451751098 0.00018312243262096168
1677.0772705078125 1.0007286916156564 0.00018334336802345574
1677.0980834960938 0.9996975033550706 0.0001838124152549182
1677.1189575195312 1.000133233636794 0.00018356850112437485
1677.1397705078125 0.9984262876153703 0.00018383292805133967
1677.1605834960938 1.0004141274375975 0.0001837012365604015
1677.1814575195312 0.9992693867675754 0.00018401741781792316
1677.2022705078125 1.003886008619925 0.00018403199693922215
1677.2230834960938 0.9979652538032086 0.00018414059691493814
1677.2439575195312 0.9994212543162525 0.0001843951088347499
1677.2647705078125 0.996870631482242 0.00018428543910663816
1677.2855834960938 1.006079924209417 0.00018449242609629575
1677.3064575195312 0.9986458415182442 0.00018480954763175602
1677.3272705078125 0.9994808299855341 0.0001847942644321759
1677.3480834960938 0.9979526373901825 0.0001849778419270493
1677.3689575195312 1.0007134079499176 0.00018508400428215906
1677.3897705078125 1.0002804157607637 0.00018539451599317784
1677.4105834960938 1.000508106094745 0.0001853873333729824
1677.4314575195312 1.0003035033142973 0.00018577868827488302
1677.4522705078125 1.000247814344034 0.00018531147784423257
1677.4730834960938 1.0004621840526304 0.00018543034500846984
1677.4939575195312 0.9960396258906058 0.0001855892974113516
1677.5147705078125 1.0016552809459824 0.00018563047749649392
1677.5355834960938 1.0027407798549106 0.00018572301743767372
1677.5564575195312 0.9984895556901441 0.00018540355692052998
1677.5772705078125 0.9993505231225652 0.00018519018149370888
1677.5980834960938 0.9991896065315048 0.0001851463164085656
1677.6189575195312 1.0017800388775744 0.00018491078529791628
1677.6397705078125 0.998008270335325 0.00018467021446504808
1677.6605834960938 1.002145848380713 0.0001846620363685468
1677.6814575195312 0.9986734833909546 0.00018424608913408683
1677.7022705078125 0.9999196753327448 0.00018444346158452598
1677.7230834960938 1.0018152306485302 0.00018433079345540781
1677.7439575195312 0.999354575795902 0.00018430028474399095
1677.7647705078125 1.001731351331239 0.00018440850110850511
1677.7855834960938 0.9970088267545832 0.0001847184282889692
1677.8064575195312 0.9986906359086385 0.0001846434120808482
1677.8272705078125 1.0031569462888639 0.00018475792890936118
1677.8480834960938 0.9999654760350131 0.00018483177157042102
1677.8689575195312 0.9991643898089231 0.0001850163737310427
1677.8897705078125 0.9989149020987538 0.00018495903745758594
1677.9105834960938 0.9999743777214898 0.00018492473036535058
1677.9314575195312 1.0001798047997048 0.00018501751346961613
1677.9522705078125 1.0012123148157763 0.00018495784977816764
1677.9730834960938 1.000770967609992 0.00018501896340924798
1677.9939575195312 0.9985737265886993 0.00018545083198305822
1678.0147705078125 1.0017489160991149 0.0001852979729069039
1678.0355834960938 0.9974161526879971 0.00018546103183696237
1678.0564575195312 1.0006265142348754 0.00018568436534569874
1678.0772705078125 1.000354461609456 0.0001856550894258213
1678.0980834960938 1.001215742253286 0.00018574469150492263
1678.1189575195312 0.9984519694832189 0.000186059031202133
1678.1397705078125 0.9993864487815466 0.00018594201482312344
1678.1605834960938 1.001238627518664 0.0001859220353889495
1678.1814575195312 0.9995275104947685 0.00018587747859103275
1678.2022705078125 0.9996504964092982 0.00018596023574406746
1678.2230834960938 1.0008992787782645 0.00018611612627035526
1678.2439575195312 0.9997068622081743 0.00018600833436216937
1678.2647705078125 0.9991709242801039 0.000186143719021968
1678.2855834960938 1.0013708355426232 0.00018625630804374246
1678.3064575195312 1.0001897274290596 0.00018660534415727262
1678.3272705078125 0.9992208628608945 0.00018657930899682864
1678.3480834960938 1.0008384983068659 0.0001870073117778973
1678.3689575195312 0.9989934897744027 0.0001873171835398557
1678.3897705078125 0.9999875159023398 0.00018727070538503946
1678.4105834960938 1.001458709473795 0.00018746937035002864
1678.4314575195312 0.9982483985027146 0.00018744524887979476
1678.4522705078125 1.0009220363813964 0.00018742692124048445
1678.4730834960938 0.996783782638711 0.0001875710892723044
1678.4939575195312 1.0022673201074934 0.0001873447107519493
1678.5147705078125 0.9981233091205699 0.00018741137066667158
1678.5355834960938 0.9980103940892625 0.0001873851795850315
1678.5564575195312 1.0012008102942505 0.00018679657574434446
1678.5772705078125 0.9998812456838438 0.00018676163439714806
1678.5980834960938 0.9993401705600728 0.000186626347841552
1678.6189575195312 1.0000419720832348 0.00018656464349355118
1678.6397705078125 0.9992813615088662 0.00018648161763741618
1678.6605834960938 0.9995484971353363 0.00018632986784837866
1678.6814575195312 1.0013930214641125 0.0001862450250668333
1678.7022705078125 0.9993352734428048 0.00018642957653111633
1678.7230834960938 1.000673959398854 0.00018640073024802823
1678.7439575195312 0.9986972268450288 0.00018653833534614916
1678.7647705078125 1.0023801190582293 0.00018667980196962103
1678.7855834960938 1.0006901531528336 0.00018693721452088427
1678.8272705078125 0.9993927605831427 0.00018693925458624372
1678.8480834960938 0.9988473660029388 0.0001870283140194556
1678.8689575195312 0.9980835548591567 0.00018735474135008344
1678.8897705078125 1.0005126463958367 0.00018730809361388237
1678.9105834960938 1.0031172443608962 0.00018727967614010326
1678.9314575195312 0.9990633510533362 0.0001871678783934923
1678.9522705078125 0.9996454426389615 0.00018720296051691462
1678.9730834960938 0.9985679701585347 0.0001872007144352554
1678.9939575195312 1.0015054478100913 0.00018735656882987056
1679.0147705078125 1.0009951877967787 0.00018767527334279606
1679.0355834960938 0.9988084186301447 0.00018797126892788836
1679.0564575195312 1.0003586977624892 0.00018802982484142862
1679.0772705078125 1.0003795193117198 0.0001882204142872947
1679.0980834960938 0.9974706984945955 0.00018827448212340556
1679.1189575195312 1.0025105636564262 0.0001884469713736778
1679.1397705078125 0.9995035420367939 0.00018851451745659553
1679.1605834960938 0.9989475710120023 0.00018855412740308327
1679.1814575195312 1.00038314012931 0.00018857623051469032
1679.2022705078125 1.000647464366026 0.00018877758325772285
1679.2230834960938 0.9985910885776107 0.00018874957879649393
1679.2439575195312 1.0021505935862631 0.00018880459419087995
1679.2647705078125 0.9995759630582359 0.00018895264837015183
1679.2855834960938 0.9998814079113006 0.00018902065389756652
1679.3064575195312 0.9979554217836363 0.0001893955298869321
1679.3272705078125 1.0005321927307531 0.00018946890325534358
1679.3480834960938 1.0023114988164497 0.00018983185490282595
1679.3689575195312 1.002221214701144 0.00018998549790320493
1679.3897705078125 0.9959133300067381 0.00019039102226121434
1679.4105834960938 0.9988830150500061 0.00019028805845000606
1679.4314575195312 1.0001756137184858 0.00019065821564894961
1679.4522705078125 1.0023419505916926 0.00019135464224393945
1679.4730834960938 0.9997872617895385 0.00019099638455057053
1679.4939575195312 1.0008270481813886 0.00019097790750249635
1679.5147705078125 0.9984998077519324 0.00019113860057089104
1679.5355834960938 0.9994842709211383 0.000191336855072286
1679.5564575195312 0.9990941769939209 0.00019164905399080676
1679.5772705078125 1.0017405279697738 0.00019164279182944775
1679.5980834960938 0.9994230454489792 0.00019173359295370884
1679.6189575195312 0.999529816433297 0.00019172036719885315
1679.6397705078125 1.0020677942390204 0.000191812527647574
1679.6605834960938 0.9985072953761097 0.00019208779199628612
1679.6814575195312 1.0006967609984392 0.00019255641839229252
1679.7022705078125 1.001682776277936 0.00019256118549694997
1679.7230834960938 0.9975559417302078 0.00019301428999597188
1679.7439575195312 1.0005025550551565 0.00019316236920059496
1679.7647705078125 0.999785357339608 0.000193415867680639
1679.7855834960938 0.9999242684171069 0.0001934307134461216
1679.8064575195312 0.9986881828298407 0.0001933669899684713
1679.8272705078125 1.000841478087207 0.0001932568627130032
1679.8480834960938 0.9996274801416499 0.00019326631152917555
1679.8689575195312 1.0011572823466186 0.0001934317966577562
1679.8897705078125 1.0021583718306524 0.00019357223061922742
1679.9105834960938 0.9973165202880542 0.00019340653523937476
1679.9314575195312 1.0008773189751365 0.00019356111593396729
1679.9522705078125 0.9992730814708941 0.0001936307792990237
1679.9730834960938 0.9988783736915745 0.00019393367353934789
1679.9939575195312 1.0019974210697136 0.0001937690728309259
1680.0147705078125 0.9998216759692301 0.00019380012877637581
1680.0355834960938 0.9975887964660013 0.00019359608713452817
1680.0564575195312 1.0021436252457965 0.00019343379498563517
1680.0772705078125 0.9997164042114638 0.000193523801921664
1680.0980834960938 1.0000691573439457 0.00019382324247412905
1680.1189575195312 1.0006082130246647 0.00019342514128933762
1680.1397705078125 0.9992481281170343 0.00019343614213968054
1680.1605834960938 1.0006243790678917 0.000193532682442286
1680.1814575195312 1.000032048660101 0.0001936121321863363
1680.2022705078125 0.9976659860093557 0.0001937278032538079
1680.2230834960938 1.0019049520090162 0.00019372948379980636
1680.2439575195312 1.0008048655169044 0.00019350861272580635
1680.2647705078125 0.9983107411829443 0.00019347179095962876
1680.2855834960938 1.001195061494717 0.0001936027542292223
1680.3064575195312 0.997956069315519 0.00019360166967600836
1680.3272705078125 1.0033901702140473 0.00019366453603598087
1680.3480834960938 1.00020011573483 0.00019395397983224438
1680.3689575195312 0.9968144050188403 0.00019366412784345966
1680.3897705078125 1.0002457722981979 0.00019370699769324435
1680.4105834960938 1.0004412097838742 0.0001935491594564006
1680.4314575195312 1.0004758152195095 0.00019413863278474846
1680.4522705078125 0.9988658091691697 0.00019352719106059427
1680.4730834960938 1.0016699756688516 0.00019344010749097176
1680.4939575195312 1.0013767213333276 0.0001937024852851109
1680.5147705078125 0.9972436623524416 0.00019340206426519965
1680.5355834960938 1.0014398009375394 0.0001934786310035772
1680.5564575195312 0.9994665281477492 0.00019354750650691006
1680.5772705078125 0.9993271307824599 0.00019390277655751916
1680.5980834960938 1.0022898568388716 0.0001936647407983931
1680.6189575195312 0.9978400285957447 0.00019363734167905872
1680.6397705078125 1.000580554365008 0.00019356116666080644
1680.6605834960938 0.9979842066253454 0.0001936875003728952
1680.6814575195312 0.9994771438216694 0.00019365503325446812
1680.7022705078125 1.0033025674215044 0.0001935208329809095
1680.7230834960938 1.0021269081969333 0.0001938594561941
1680.7439575195312 0.9987696314801626 0.00019364355565957617
1680.7647705078125 0.9986177667762959 0.0001938368853352585
1680.7855834960938 0.9967075524953947 0.0001935560948158452
1680.8064575195312 1.002327308903712 0.00019364220742348572
1680.8272705078125 1.0010573811426446 0.00019378705745434167
1680.8480834960938 1.001301867205281 0.00019345677050238753
1680.8689575195312 0.9972263237222339 0.00019352565612230872
1680.8897705078125 0.9999922121647448 0.00019340601355170647
1680.9105834960938 1.001234368124265 0.00019380791299188508
1680.9314575195312 1.0018740379214452 0.00019399037404228112
1680.9522705078125 0.9987254662534087 0.0001935324730530072
1680.9730834960938 0.9972909218982862 0.00019367673082132907
1680.9939575195312 0.9989556143672509 0.00019366076359836264
1681.0147705078125 1.005873300832414 0.00019371485123658534
1681.0355834960938 0.9965657221653456 0.000193563737377228
1681.0564575195312 1.001944104301778 0.00019349842344045507
1681.0772705078125 0.9979073546023517 0.0001937249590566037
1681.0980834960938 1.0004428725348482 0.0001937642830921882
1681.1189575195312 1.0013528385432566 0.0001939632627169087
1681.1397705078125 0.9991984316881539 0.00019356279102987503
1681.1605834960938 0.9981306245183509 0.00019359868016407218
1681.1814575195312 0.9996435444026995 0.00019347185770781164
1681.2022705078125 1.0025148439417346 0.00019341624069179846
1681.2230834960938 1.000424746762409 0.0001933990391345961
1681.2439575195312 0.9988496438123234 0.00019329303028194786
1681.2647705078125 0.9991823679291563 0.0001934972554348626
1681.2855834960938 0.9994151909106478 0.00019356686176698817
1681.3064575195312 1.0045323329264497 0.00019388821366808827
1681.3272705078125 0.9985659983710967 0.00019401629400327125
1681.3480834960938 0.9975653679257427 0.00019427107002767884
1681.3689575195312 1.0009628350570243 0.00019430510450108764
1681.3897705078125 0.9972154030993664 0.00019451077084941358
1681.4105834960938 0.9985699605665339 0.00019453607513183045
1681.4314575195312 1.002829083445349 0.00019475617758744153
1681.4522705078125 1.0045488991803089 0.00019476927428334725
1681.4730834960938 1.0050438639660837 0.00019471818286211288
1681.4939575195312 1.0052280908095206 0.00019472021248536237
1681.5147705078125 1.0028332305817733 0.00019454880847610825
1681.5355834960938 1.003361040221538 0.0001942102064543295
1681.5564575195312 1.0064818248167327 0.0001941336848273286
1681.5772705078125 1.0038793424717847 0.00019392062907472099
1681.5980834960938 1.0013852513658523 0.0001937751170352548
1681.6189575195312 1.0052794706670116 0.00019387559521135973
1681.6397705078125 1.0005447319615846 0.00019376716007351362
1681.6605834960938 0.9990955685075024 0.00019362380663702402
1681.6814575195312 0.9999532209600672 0.00019329046072352824
1681.7022705078125 1.000803006047889 0.00019316830765598542
1681.7230834960938 0.9989292728256581 0.00019329855161900344
1681.7439575195312 1.000832969398088 0.00019313379080926406
1681.7647705078125 1.0000474247282323 0.0001931812005871787
1681.7855834960938 0.9997084142084787 0.0001930190328622202
1681.8064575195312 1.0002777865786978 0.0001930733633098751
1681.8272705078125 0.9994527424225853 0.00019292507781323149
1681.8480834960938 1.000183094935855 0.00019274258675347855
1681.8689575195312 0.9994294663465996 0.0001927847735988739
1681.8897705078125 1.0027155829201055 0.00019267880877314248
1681.9105834960938 0.9972854930042668 0.0001925728902695936
1681.9314575195312 1.0005134462532927 0.00019235344289012115
1681.9522705078125 0.9984092503446272 0.00019231448552975734
1681.9730834960938 1.0020849852623206 0.0001922983447631432
1681.9939575195312 1.0028387529430063 0.00019215929380173754
1682.0147705078125 0.9970148963937692 0.00019244776276442342
1682.0355834960938 0.998372577615559 0.00019168125584283221
1682.0564575195312 0.9980822397727289 0.00019148105098678442
1682.0772705078125 1.0025901171341571 0.00019140960189090536
1682.0980834960938 1.0035253512037063 0.0001914039050262885
1682.1189575195312 0.9989223347049171 0.00019130141746142524
1682.1397705078125 0.9992649680375412 0.000191615850498566
1682.1605834960938 0.9989626439294388 0.00019141743280148276
1682.2022705078125 0.9997573147742822 0.00019153956063849254
1682.2230834960938 0.9997632566994149 0.00019136605847529015
1682.2439575195312 0.9987783119141861 0.0001911120305415814
1682.2647705078125 1.0023115922875425 0.0001909426761067666
1682.2855834960938 1.001441719196608 0.00019092433061355973
1682.3064575195312 0.9992053352533974 0.00019046338359385761
1682.3272705078125 0.9991684437677388 0.0001903170832654459
1682.3480834960938 1.0001208929566294 0.0001900563229624243
