time flux flux_err
1624.9707641601562 1.0000471866296186 0.00011803811663551828
1624.9916381835938 0.9998512189518473 0.00011860737086528547
1625.012451171875 1.000047413500308 0.00011930056930594143
1625.0332641601562 0.9999010042325697 0.0001202659956410459
1625.0541381835938 1.000150501022049 0.00012135196912196396
1625.074951171875 1.000226119644122 0.00012258924184667256
1625.0957641601562 1.000136609280015 0.00012377804589384903
1625.1166381835938 1.0002743774094192 0.0001250836924924242
1625.137451171875 1.0000138070271236 0.0001262803732183566
1625.1582641601562 0.9986511264249233 0.00012737652643506208
1625.1791381835938 0.9999721268672808 0.00012839381450168707
1625.199951171875 0.9993764244021164 0.00012929123924786825
1625.2207641601562 0.9996589937933258 0.0001301906219759438
1625.2416381835938 1.0006647165073927 0.00013101389583676276
1625.262451171875 1.0001401136851409 0.00013177775527852906
1625.2832641601562 0.9996518263246448 0.00013266421501307226
1625.3041381835938 0.9978275363117444 0.00013362102146905738
1625.324951171875 0.9993996263028655 0.00013466007949838204
1625.3457641601562 0.9977134271645492 0.00013577759538228304
1625.3666381835938 0.9982261803774577 0.00013664387342175998
1625.387451171875 1.0004871363090453 0.00013746095200300497
1625.4082641601562 1.0002502892024128 0.00013818897410044654
1625.4291381835938 1.0001199744849214 0.00013859659064196104
1625.449951171875 1.0003571233970259 0.0001389512583583846
1625.4707641601562 0.9997553239818987 0.00013924656184015682
1625.4916381835938 0.9995277409610496 0.00013956762526901996
1625.512451171875 1.000448896126386 0.00013980575727951067
1625.5332641601562 1.0001873259474363 0.00013998992017835705
1625.5541381835938 0.9996949173138636 0.00014003746434962372
1625.574951171875 1.0003769402137397 0.00013999209481498862
1625.5957641601562 1.0000182919967877 0.0001398990992534169
1625.6166381835938 1.0003031977230614 0.0001397288296750168
1625.637451171875 0.9996614984661096 0.00013960545543643878
1625.6582641601562 0.9995882394414637 0.00013959168885747483
1625.6791381835938 1.0003819867236072 0.00013976726351056922
1625.699951171875 1.0001020574726178 0.00013983185263250806
1625.7207641601562 0.9995183638143983 0.0001400345843589974
1625.7416381835938 0.9993675326116618 0.0001402679118456419
1625.762451171875 1.0005086441012983 0.0001404876390342081
1625.7832641601562 1.0002190418224997 0.00014069233906876792
1625.8041381835938 1.000003926476617 0.00014075687875959866
1625.824951171875 1.0002593557550261 0.0001408850889276788
1625.8457641601562 1.000359455700325 0.00014087956809547494
1625.8666381835938 0.9999373819421883 0.00014073741124164392
1625.887451171875 1.0004255223178837 0.00014054896293582501
1625.9082641601562 1.0010160757835092 0.00014003639149672944
1625.9291381835938 0.9993650273840237 0.0001394993001747924
1625.949951171875 1.0000553383547601 0.00013887919590039132
1625.9707641601562 0.9994811973692757 0.00013823694065854964
1625.9916381835938 0.9998215741753567 0.00013765630572705855
1626.012451171875 0.9999276405881671 0.00013709877888586373
1626.0332641601562 1.0006350244352222 0.0001365122685617044
1626.0541381835938 0.9997374324476523 0.00013615712167103328
1626.074951171875 1.0003422067943817 0.00013574022696458046
1626.0957641601562 1.00021257129429 0.0001354551933194968
1626.1166381835938 0.9995245155445766 0.00013512336845832598
1626.137451171875 1.0000215772481114 0.00013488175493415268
1626.1582641601562 0.9998191647539498 0.00013460233282885258
1626.1791381835938 1.0003361484881506 0.00013429165720238917
1626.199951171875 0.9997132272572014 0.0001337027326743707
1626.2207641601562 1.0000308857138318 0.0001332072871587193
1626.2416381835938 1.000407417902998 0.00013263764484857673
1626.262451171875 1.000137183056863 0.00013206514381504362
1626.2832641601562 0.9995689739892092 0.00013140265385444834
1626.3041381835938 0.9995142502175354 0.00013082128844244472
1626.324951171875 1.000226987532014 0.00013034397061231244
1626.3457641601562 1.0002907313484062 0.0001299219236090563
1626.3666381835938 1.0002121568259124 0.00012953037098534034
1626.387451171875 0.9997743950294669 0.00012915756087240863
1626.4082641601562 1.0002424277903497 0.00012892098162540423
1626.4291381835938 0.9998117332677926 0.00012864227600841729
1626.449951171875 0.9998404461345277 0.00012845858576959038
1626.4707641601562 1.0003277760493927 0.00012820601818277875
1626.4916381835938 0.999339723441031 0.0001280039440993321
1626.512451171875 1.0001276110109438 0.00012786306759196705
1626.5332641601562 1.0005945606596562 0.0001277323193856454
1626.5541381835938 1.0000381349555345 0.00012767332609777654
1626.574951171875 0.9999511433291857 0.0001275216856370415
1626.5957641601562 0.999625953201002 0.00012742528776843337
1626.6166381835938 1.0000631085755745 0.00012728033854662285
1626.637451171875 0.9996625564178713 0.00012711048652090464
1626.6583251953125 1.0003057697033266 0.00012692219903129445
1626.6791381835938 1.0000249277477182 0.0001268261691611287
1626.7000122070312 0.9999878319250888 0.00012667599931256562
1626.7208251953125 1.0004176214042242 0.00012665414789821882
1626.7416381835938 0.9999250519774002 0.0001266336422097189
1626.7625122070312 0.9997476170995235 0.0001266832002175209
1626.7833251953125 0.9998267708129822 0.00012672665310983845
1626.8041381835938 1.001195830121859 0.0001268718887924065
1626.8250122070312 0.9999009808617823 0.0001268534368501278
1626.8458251953125 1.0002252570545662 0.00012677000371047613
1626.8666381835938 1.00001609670772 0.00012663253910940258
1626.8875122070312 1.0001202292439189 0.00012650253073739255
1626.9083251953125 1.0002934515767758 0.0001262962912401822
1626.9291381835938 0.9992278512568704 0.00012609955401950485
1626.9500122070312 1.0004081863343024 0.00012579842239078776
1626.9708251953125 0.999728436438545 0.00012551431499005142
1626.9916381835938 1.0001461795878521 0.00012536575974591018
1627.0125122070312 1.0001944800308913 0.0001250468241893325
1627.0333251953125 0.9998454317570867 0.0001248574095607721
1627.0541381835938 1.0002345586193473 0.00012469449461057129
1627.0750122070312 0.9998943759278693 0.000124560786248904
1627.0958251953125 1.0003458306111919 0.0001244437209976938
1627.1166381835938 0.9992972425993984 0.00012434964134242453
1627.1375122070312 1.0002204337974094 0.0001242445504530206
1627.1583251953125 0.999845098692276 0.00012412158594616188
1627.1791381835938 1.0002303362232412 0.0001240893134246244
1627.2000122070312 1.0000905149601134 0.00012393149242612467
1627.2208251953125 1.0001737864096474 0.00012379734927192373
1627.2416381835938 0.9996391076038788 0.00012361036864938456
1627.2625122070312 1.0000802492973329 0.00012345021515691653
1627.2833251953125 0.9997297152745948 0.00012324606198255527
1627.3041381835938 1.000369259713906 0.00012305307162756553
1627.3250122070312 0.9997296153633686 0.0001228236577090473
1627.3458251953125 1.0003838850001472 0.00012270525402423128
1627.3666381835938 1.0001207078273955 0.00012254242364568936
1627.3875122070312 0.9998268405953953 0.0001222695130686632
1627.4083251953125 0.9998429285514681 0.00012217266536457188
1627.4291381835938 0.9999016156218664 0.00012205481389759848
1627.4500122070312 0.9998274388761074 0.00012196755967705769
1627.4708251953125 1.0002555878443515 0.00012189951728580884
1627.4916381835938 0.9999335217927282 0.00012177343081925969
1627.5125122070312 1.000352412998298 0.00012168983681039145
1627.5333251953125 0.9998235154958958 0.00012160932369957232
1627.5541381835938 0.9998063193132546 0.00012158597782677163
1627.5750122070312 0.9999965334748733 0.00012156840159495819
1627.5958251953125 1.0001137120004047 0.00012155579020589572
1627.6166381835938 0.9998981257102907 0.00012150745094405884
1627.6375122070312 1.0001311309585854 0.00012152676669354391
1627.6583251953125 0.9999197552329963 0.00012143215223402337
1627.6791381835938 1.0001545854435236 0.00012141893276299061
1627.7000122070312 0.9998054895433027 0.0001213152192911893
1627.7208251953125 1.0002156428855673 0.00012130722037950168
1627.7416381835938 0.9996642840218648 0.00012127058441536045
1627.7625122070312 1.0003157649051646 0.00012124031612608177
1627.7833251953125 1.000108492730496 0.00012125198258585289
1627.8041381835938 0.9996367911241777 0.00012129081274933719
1627.8250122070312 1.0000385351687426 0.00012121318440995494
1627.8458251953125 0.9997515126791939 0.0001212086637599982
1627.8666381835938 1.000475618479733 0.00012121510162164408
1627.8875122070312 1.0001544686772732 0.00012123074580880376
1627.9083251953125 0.9998312034344998 0.00012106605016296858
1627.9291381835938 0.9997270717743275 0.00012102854677511335
1627.9500122070312 1.0001104864073393 0.00012093856557373957
1627.9708251953125 1.000301778160828 0.00012084888901926896
1627.9916381835938 0.9993792975183795 0.00012077771378983606
1628.0125122070312 1.0005235468549425 0.00012062932691173575
1628.0333251953125 0.9998054017013287 0.0001205098380949677
1628.0541381835938 1.0000804340676255 0.00012045715960568815
1628.0750122070312 0.9999998189593023 0.00012037931718785348
1628.0958251953125 0.99986057558898 0.0001202913170889392
1628.1375122070312 1.0003193898026632 0.00012014340604263202
1628.1583251953125 0.9995333986174398 0.0001200204498617658
1628.1791381835938 1.0001275880059257 0.00012004726273136569
1628.2000122070312 1.0001685110972671 0.00011996191807116107
1628.2208251953125 1.000481226847782 0.0001199308437981599
1628.2416381835938 0.9994706984306506 0.00011989243749281431
1628.2625122070312 0.9994167488251406 0.00011983850825363058
1628.2833251953125 1.000555059041609 0.00011974961551418299
1628.3041381835938 1.000121649651426 0.00011971179202453372
1628.3250122070312 1.0004829638084907 0.00011963825287484656
1628.3458251953125 0.9995700665067266 0.00011957791993736202
1628.3666381835938 0.999671643716822 0.00011954817145393766
1628.3875122070312 1.0009329587326141 0.00011941385835175097
1628.4083251953125 1.0003194520536143 0.00011925938056780568
1628.4291381835938 0.9996100330794085 0.00011936295535460992
1628.4500122070312 0.9999413899075239 0.00011920384863717139
1628.4708251953125 1.0001245824284228 0.00011908692164537347
1628.4916381835938 1.0004666222061818 0.00011912666588115308
1628.5125122070312 0.9999253640719638 0.00011914070079903573
1628.5333251953125 0.9999070708212363 0.00011898054394919587
1628.5541381835938 0.9999917663438848 0.00011906085037040434
1628.5750122070312 0.9996015890266383 0.0001190629019036913
1628.5958251953125 1.000310441100199 0.00011910694796590115
1628.6166381835938 1.0000510422206268 0.00011903781732552209
1628.6375122070312 1.0000585053048683 0.00011913190583980342
1628.6583251953125 0.9995325499575846 0.00011904990680460878
1628.6791381835938 1.0003182078728858 0.00011906863772035602
1628.7000122070312 1.0001672663333485 0.00011909261807910983
1628.7208251953125 1.000168817993641 0.00011908055935691477
1628.7416381835938 0.9998320626628617 0.00011905439267618318
1628.7625122070312 0.9994049701624506 0.00011910000434293634
1628.7833251953125 1.000478944678899 0.00011910588834201236
1628.8041381835938 0.9999763281154569 0.00011908621829049677
1628.8250122070312 1.0002324662137787 0.00011914433286597611
1628.8458251953125 0.9996236367625205 0.00011909682818429649
1628.8666381835938 0.9998159557800087 0.00011912532371529691
1628.8875122070312 1.0003757142572554 0.00011914911934056803
1628.9083251953125 1.0014162119484915 0.00011909101729135882
1628.9291381835938 1.0001722785165699 0.00011913640058803873
1628.9500122070312 0.999771039862288 0.00011902058750941529
1628.9708251953125 1.0000181529873342 0.00011904141619749349
1628.9916381835938 1.0000040054025345 0.00011892717652567652
1629.0125122070312 0.9996927165028124 0.00011901263234582631
1629.0333251953125 1.0005813083429136 0.00011882967845241856
1629.0541381835938 0.999606100411064 0.00011876582980202658
1629.0750122070312 1.000256552395268 0.00011870615026848408
1629.0958251953125 0.9997473184231161 0.00011857075270427669
1629.11669921875 1.000081413107476 0.00011868141619485293
1629.1375122070312 0.9997685613433652 0.00011856283333557763
1629.1583862304688 1.0004197307752183 0.00011844007607201219
1629.17919921875 0.9998814798992175 0.00011845267469792327
1629.2000122070312 1.0002276843993374 0.00011837156480907837
1629.2208862304688 0.9999378735926032 0.00011839459287417452
1629.24169921875 0.9994967331940395 0.00011831646658223671
1629.2625122070312 1.0000358880964622 0.00011829743622023601
1629.2833862304688 0.9997468838455558 0.00011838026537733434
1629.30419921875 1.0002277461993188 0.00011822204138046513
1629.3250122070312 1.0006537431002394 0.00011818774794328924
1629.3458862304688 1.0003756648699602 0.00011818992575226493
1629.36669921875 0.9996217125079471 0.00011810577696459505
1629.3875122070312 0.9992444136602713 0.00011821987955226178
1629.4083862304688 1.0000979705456952 0.00011811300758526607
1629.42919921875 1.0002600453770392 0.00011804933952750532
1629.4500122070312 0.9999509686111758 0.00011803247249131483
1629.4708862304688 0.9997334311233467 0.00011798876266858434
1629.49169921875 1.0005684061347189 0.00011799149907069997
1629.5125122070312 1.0012273493868615 0.00011803873416386532
1629.5333862304688 1.0003918678541497 0.00011796850619039462
1629.55419921875 0.9995557011933954 0.00011803007704491718
1629.5750122070312 0.9992407201653484 0.000118054492721619
1629.5958862304688 1.0001866696260726 0.00011806555824233817
1629.61669921875 1.0006056947857753 0.00011809437384149208
1629.6375122070312 1.0002090850224785 0.00011816134305540605
1629.6583862304688 0.9999120691783617 0.00011815927707572291
1629.67919921875 0.9994107017161822 0.0001181573253523971
1629.7000122070312 1.0000200932340104 0.00011820660167475718
1629.7208862304688 1.0000722800040975 0.00011823857640536918
1629.74169921875 1.0001702682757503 0.00011822867151576418
1629.7625122070312 1.0001261794869079 0.00011822493179112563
1629.7833862304688 1.0000591892653816 0.00011825327861694185
1629.80419921875 1.0003129610086205 0.00011831849954580337
1629.8250122070312 0.9995817816711131 0.0001182816318743857
1629.8458862304688 1.0000471310604435 0.00011829807936641196
1629.86669921875 0.9993930771798449 0.00011833496884335959
1629.8875122070312 0.9991991486097257 0.00011839355644555763
1629.9083862304688 0.999572467050801 0.00011838138494200595
1629.92919921875 0.9997681278956428 0.00011836537760751373
1629.9500122070312 0.9995491461316531 0.00011830381535264741
1629.9708862304688 0.9998814650365995 0.00011835082550722592
1629.99169921875 1.0000679440824023 0.00011835708607567746
1630.0125122070312 1.0000332762227493 0.00011826849757020073
1630.0333862304688 0.9997544048672554 0.00011819048152791462
1630.05419921875 1.0003584272337573 0.00011815775528519817
1630.0750122070312 1.0003412053014766 0.00011815013787556616
1630.0958862304688 1.0000570825345612 0.00011808849540723392
1630.11669921875 0.9994238467318305 0.00011804231677048616
1630.1375122070312 0.9998692083442986 0.00011800904766348019
1630.1583862304688 1.000192660924141 0.00011802725361782441
1630.17919921875 1.0003210789227281 0.00011800617182015089
1630.2000122070312 1.0001268301788178 0.00011794070515633377
1630.2208862304688 0.9995692365519822 0.0001178728041675234
1630.24169921875 0.9998436366895537 0.0001178899310372431
1630.2625122070312 1.000375510966894 0.00011789211380136609
1630.2833862304688 0.999921512531599 0.00011787842889975077
1630.30419921875 1.00002985204596 0.00011786227214696569
1630.3250122070312 0.9998316991342109 0.00011782288358333304
1630.3458862304688 1.0002700777782838 0.00011778910191578626
1630.36669921875 0.9998234354404979 0.00011775192932848998
1630.3875122070312 0.9998643355452114 0.00011773687214437602
1630.4083862304688 1.0002716692427742 0.00011767158366444663
1630.42919921875 1.0000115037723243 0.00011766253326472682
1630.4500122070312 0.9998556114756322 0.00011768770697153688
1630.4708862304688 1.0002700358849526 0.00011769315618322643
1630.49169921875 0.9994309794952941 0.00011757969532466612
1630.5125122070312 1.0001432507452936 0.00011762975092295002
1630.5333862304688 1.0002846804738956 0.00011773351473724539
1630.55419921875 1.0001914575786512 0.00011764892358349073
1630.5750122070312 0.9996571030764954 0.00011763786008416224
1630.5958862304688 0.9999773250956057 0.00011774774979890051
1630.61669921875 1.000109937774038 0.00011772515197955911
1630.6375122070312 0.9999764968973595 0.00011792500481621566
1630.6583862304688 0.9998747029261457 0.00011784325981775482
1630.67919921875 1.0001353971699312 0.0001178031332136707
1630.7000122070312 0.9998869463896064 0.00011784370207496986
1630.7208862304688 1.0001519890487873 0.00011788125981226532
1630.74169921875 1.0000554428343311 0.00011794502636360208
1630.7625122070312 1.000016799389625 0.00011786258474025694
1630.7833862304688 0.9997448548108332 0.00011784357903039929
1630.80419921875 0.9997747912875751 0.00011798133058552287
1630.8250122070312 1.0002704258175903 0.00011793212982856761
1630.8458862304688 1.000230828852095 0.00011788352629121712
1630.86669921875 1.0001081586952454 0.00011793644930197486
1630.8875122070312 0.9996131394558413 0.00011790369996441796
1630.9083862304688 0.9999109895815967 0.00011789471777310081
1630.92919921875 1.0002872266965919 0.00011796672168214144
1630.9500122070312 1.0002042008657763 0.00011803750014960331
1630.9708862304688 0.9999260917068136 0.00011794410756433426
1630.99169921875 0.9994998106086819 0.0001179351232601211
1631.0125122070312 1.0000354129160416 0.00011798714736360391
1631.0333862304688 1.0001938995412034 0.00011788021242284309
1631.05419921875 1.000083815886783 0.00011784499738453476
1631.0750122070312 1.000158547983514 0.00011785382940658947
1631.0958862304688 0.9997621739049348 0.00011778784109610166
1631.11669921875 1.0002208222335907 0.00011779443301488193
1631.1375122070312 0.9999636562618058 0.00011779624715514678
1631.1583862304688 1.000012756346474 0.00011782226672594881
1631.17919921875 0.999621752300101 0.00011774379622875934
1631.2000122070312 1.0000281116546776 0.00011776299102394803
1631.2208862304688 1.0004303988010803 0.0001177043887471878
1631.2625122070312 0.9998321137397082 0.00011762555726093072
1631.2833862304688 0.9997569248331731 0.00011760335530605101
1631.30419921875 0.9998900626391408 0.00011759557071097836
1631.3250122070312 1.001040306399483 0.00011754244227520734
1631.3458862304688 1.0004587477553948 0.00011753036661664878
1631.36669921875 0.9998038160102649 0.00011755123794671207
1631.3875122070312 1.0000678990046086 0.00011743840816989583
1631.4083862304688 1.0000441728707068 0.00011738740756031933
1631.42919921875 0.9998205490639226 0.00011740522862288034
1631.4500122070312 1.00005123109381 0.00011740513320975542
1631.4708862304688 1.0005133261632002 0.00011736139686209702
1631.49169921875 0.9995638340058373 0.00011733930677841668
1631.5125122070312 0.9997265475240256 0.00011734366508524675
1631.5333862304688 1.0001144823716053 0.00011743506802656446
1631.55419921875 1.0002753746991673 0.00011735927846904088
1631.5750122070312 0.999887686265651 0.00011735380005865809
1631.5958862304688 0.9998556363374812 0.00011731853899317517
1631.61669921875 1.0001628219324366 0.00011734981055154436
1631.6375122070312 0.999995929443879 0.0001173705270676224
1631.6583862304688 0.9998009236795343 0.00011739283307516825
1631.67919921875 1.0004817479867791 0.00011744120867477688
1631.7000122070312 0.999748713525597 0.00011736661536337495
1631.7208862304688 0.9996983448226598 0.00011745402729510234
1631.7417602539062 1.000274203970491 0.00011742285428599579
1631.7625732421875 0.9997142277559604 0.00011734702126993805
1631.7833862304688 1.0002932664943567 0.00011741217203570745
1631.8042602539062 1.0001332156920706 0.00011744275394384224
1631.8250732421875 0.9999191147557716 0.00011736985876066331
1631.8458862304688 0.999741734770161 0.00011743356978796525
1631.8667602539062 0.9998206550958455 0.00011746798693298132
1631.8875732421875 1.0004585191069033 0.00011735554810471567
1631.9083862304688 0.9999085173619299 0.00011740353266431398
1631.9292602539062 1.0002525771741224 0.00011733604790120342
1631.9500732421875 0.9994026235159605 0.00011733038034631552
1631.9708862304688 1.0000725707849438 0.00011739330510495147
1631.9917602539062 1.000264549161444 0.00011733154116063802
1632.0125732421875 1.0007484130770186 0.00011734473440391551
1632.0333862304688 0.9993503811865105 0.00011740536976247383
1632.0542602539062 0.9996284052464021 0.00011736822492965303
1632.0750732421875 1.0000245900430862 0.00011740973023308089
1632.0958862304688 1.0000496409837767 0.00011734818645713902
1632.1167602539062 1.000195207495796 0.00011742198796908623
1632.1375732421875 0.9998328235668028 0.00011732471995221925
1632.1583862304688 1.0004669514857896 0.00011736509511912964
1632.1792602539062 0.9997027460691081 0.00011732422329742447
1632.2000732421875 0.9998500677191399 0.00011736544458908917
1632.2208862304688 1.0001279142166084 0.00011744560154937384
1632.2417602539062 0.9999724195539686 0.00011746888291942505
1632.2625732421875 1.0013483376948313 0.00011749175901195727
1632.2833862304688 1.0002866097605472 0.00011736774684618104
1632.3042602539062 0.9997784737877998 0.00011734253500745921
1632.3250732421875 0.999595234235723 0.00011733681939994043
1632.3458862304688 1.0002903934502567 0.00011740786526536711
1632.3667602539062 1.0001575675455103 0.0001173209578199429
1632.3875732421875 1.0000789229432772 0.000117362684427269
1632.4083862304688 0.9998727335022619 0.00011731457857546985
1632.4292602539062 0.999771285720931 0.00011730721998073409
1632.4500732421875 1.0000963155896823 0.00011734596736989566
1632.4708862304688 1.0002499618927636 0.00011727611050884029
1632.4917602539062 0.9997762928919438 0.0001174069988125902
1632.5125732421875 1.0002073616865947 0.00011725261172526117
1632.5333862304688 0.9999033842438252 0.00011728732161384874
1632.5542602539062 1.0000652185403354 0.00011730517981483586
1632.5750732421875 0.9997751189493943 0.00011729398016313442
1632.5958862304688 0.9998852709743175 0.00011732843560576806
1632.6167602539062 1.0001455960133112 0.00011731417449665258
1632.6375732421875 1.000311941770415 0.00011751136193881221
1632.6583862304688 0.9998113450368448 0.00011728518215854848
1632.6792602539062 0.9999615696021524 0.00011730128733681329
1632.7000732421875 0.9999967716649297 0.00011733018648684001
1632.7208862304688 0.9999142416765159 0.00011730581667541699
1632.7417602539062 1.0001390025724868 0.00011731223889395467
1632.7625732421875 1.000002744880153 0.00011733331185781177
1632.7833862304688 0.9998592674429775 0.00011735693848032379
1632.8042602539062 1.000008550922037 0.00011733786717544501
1632.8250732421875 1.0002261190109507 0.00011738728206865236
1632.8458862304688 0.9998098489693155 0.00011736332525629029
1632.8667602539062 1.0001522491236758 0.00011736481905234778
1632.8875732421875 0.9999110572832833 0.00011738804348054427
1632.9083862304688 0.9998715781497439 0.00011739394690029317
1632.9292602539062 1.000332337860812 0.00011740447634083562
1632.9500732421875 0.9996693777079658 0.00011738893096161446
1632.9708862304688 1.0000283494513027 0.00011742920899511885
1632.9917602539062 1.0000095556735946 0.00011738146299642135
1633.0125732421875 1.0000127429210215 0.00011735199759918174
1633.0333862304688 1.0000313458370256 0.0001173797552216857
1633.0542602539062 1.0001993057577543 0.00011735015631590379
1633.0750732421875 0.9998182213255216 0.00011732947094073091
1633.0958862304688 0.9999871323657579 0.0001173796491980634
1633.1167602539062 1.000207085156572 0.0001173669926746425
1633.1375732421875 1.0000162414565779 0.00011742243184008604
1633.1583862304688 0.9996908841870512 0.00011739306916232408
1633.1792602539062 0.9998930282845899 0.00011737688475586839
1633.2000732421875 1.0000764589751383 0.00011743099460432038
1633.2208862304688 1.0001651845643835 0.00011737058284521687
1633.2417602539062 1.0001034731359653 0.00011739097721074817
1633.2625732421875 0.999877327622047 0.000117314762015482
1633.2833862304688 0.9998480616360443 0.00011732826294476702
1633.3042602539062 1.000297859851271 0.00011731712607524027
1633.3250732421875 0.9996830868010586 0.00011735676757115833
1633.3458862304688 1.00031597599979 0.00011729752139252502
1633.3667602539062 0.9999655511984191 0.00011727800989029598
1633.3875732421875 0.9998150130218236 0.00011726508591422986
1633.4083862304688 0.9999996780523457 0.00011736285296779831
1633.4292602539062 1.0000864506469074 0.00011732622211406436
1633.4500732421875 1.0000550897384684 0.0001172681231153009
1633.4708862304688 0.9999075829722756 0.0001172666794950497
1633.4917602539062 0.9997516357640754 0.00011727128847555094
1633.5125732421875 1.0002271151505113 0.00011726083891130761
1633.5333862304688 1.0003816686570177 0.00011714199642187814
1633.5542602539062 0.9994941231311086 0.00011712054702370935
1633.5750732421875 1.0000787263229145 0.00011711439169266386
1633.5958862304688 1.0000927783672184 0.00011708369650745859
1633.6167602539062 1.0000105108355486 0.00011712919760902811
1633.6375732421875 1.0001516776116517 0.00011713224892611838
1633.6583862304688 0.999944423490498 0.00011712093876819169
1633.6792602539062 0.9997527096441421 0.00011714599830867918
1633.7000732421875 0.9999637491963753 0.00011708650635909983
1633.7208862304688 0.999978417783926 0.00011702745027645156
1633.7417602539062 1.0003117093523837 0.00011714862759574729
1633.7625732421875 0.9999193891104143 0.00011703089241159554
1633.7833862304688 0.9999125806017436 0.00011702116875616809
1633.8042602539062 1.0002138772655704 0.00011697546859951974
1633.8250732421875 0.9998197439294109 0.0001170051016268345
1633.8458862304688 1.0002372307211607 0.00011702618713920721
1633.8667602539062 0.9999202997664965 0.00011704721798795338
1633.8875732421875 0.9997245249444559 0.00011701584865635663
1633.9083862304688 0.9998948483752754 0.00011699296609659548
1633.9292602539062 1.0000995653826918 0.00011698452845003558
1633.9500732421875 1.0002551066784282 0.00011704863040650445
1633.9708862304688 0.9999896957674194 0.00011695404403887788
1633.9917602539062 0.9996669032405744 0.0001169044892651093
1634.0125732421875 1.0001239264161164 0.00011699343334686422
1634.0333862304688 1.0000703842560361 0.00011695405772865464
1634.0542602539062 1.0006133133192865 0.0001169701670270703
1634.0750732421875 0.9995412898076025 0.00011697000286540728
1634.0958862304688 0.9996267878230339 0.00011700383444450483
1634.1167602539062 1.0000392519832557 0.00011693707923065373
1634.1375732421875 0.9999334013351677 0.00011694830863601536
1634.1583862304688 1.0003701924526127 0.00011696184471080145
1634.1792602539062 1.0000886192904122 0.00011693970730941641
1634.2000732421875 0.9998528983923788 0.00011693636045653657
1634.2208862304688 1.0000631088361678 0.00011705661125927201
1634.2417602539062 0.9999822447429303 0.00011702864817580934
1634.2625732421875 0.9998329037418174 0.00011696846603794918
1634.2833862304688 1.0000101130433445 0.00011709106652901955
1634.3042602539062 1.000073341099006 0.000116920175556643
1634.3250732421875 0.9998593348362386 0.00011693269444093286
1634.3458862304688 1.000186285653854 0.00011701342010002611
1634.3875732421875 0.9999569718282274 0.0001169061059879702
1634.4083862304688 1.0002226595326578 0.00011695698112837647
1634.4292602539062 0.9998388166196783 0.00011697315492654407
1634.4500732421875 0.9997411338186412 0.00011691665872018906
1634.4708862304688 1.0001072469345655 0.00011698504978059141
1634.4917602539062 1.000153429516927 0.00011700940675886844
1634.5125732421875 1.000371303669882 0.00011695914557266947
1634.5333862304688 0.9996023922121524 0.00011693109758435764
1634.5542602539062 0.9993207988244535 0.0001169257597652377
1634.5751342773438 1.0003021650776887 0.00011690957950723373
1634.595947265625 1.0005845043069868 0.00011696017230757091
1634.6167602539062 0.9999239519760353 0.00011698544597547135
1634.6376342773438 1.0004339639034576 0.00011697466725013029
1634.658447265625 0.9995143828365917 0.00011702830030298474
1634.6792602539062 0.9994601213594029 0.00011700241270053565
1634.7001342773438 1.0000932494559958 0.00011699973398929851
1634.720947265625 1.000123961918607 0.0001170469257260963
1634.7417602539062 1.0004399424631218 0.0001171117622914912
1634.7626342773438 1.0001339978211128 0.00011700808167146099
1634.783447265625 0.9996681906681847 0.00011697217380106165
1634.8042602539062 0.9998122219698354 0.00011703286164683175
1634.8251342773438 0.9999898613695974 0.00011703435463479757
1634.845947265625 1.000244434204217 0.00011708385009245765
1634.8667602539062 1.0001876513169305 0.0001170844115130571
1634.8876342773438 0.9997453996109914 0.00011710276421374523
1634.908447265625 0.9996773521895839 0.00011701350289486854
1634.9292602539062 1.0000586000252238 0.00011702016553465937
1634.9501342773438 1.0003200130997634 0.00011703875491102106
1634.970947265625 0.999914214604951 0.00011696514606021838
1634.9917602539062 0.9990603628136252 0.00011696529128351889
1635.0126342773438 1.00001836608638 0.00011697578986267543
1635.033447265625 1.00008904191019 0.0001169678683933981
1635.0542602539062 1.0000813762305787 0.00011698058762342352
1635.0751342773438 1.0000929005931996 0.00011705338101546413
1635.095947265625 0.9993687200400622 0.00011704410001263393
1635.1167602539062 1.0002584968226444 0.0001171914949134788
1635.1376342773438 1.0001916829826232 0.00011714061309540804
1635.158447265625 1.0000786266446622 0.00011711604786482885
1635.1792602539062 0.9999722936641822 0.00011711206170405952
1635.2001342773438 0.9996981121102229 0.00011712888711246158
1635.220947265625 1.0001563538386362 0.00011712035501531785
1635.2417602539062 0.999845799846221 0.00011716051106519477
1635.2626342773438 1.000221573913282 0.00011717510231787825
1635.283447265625 1.0002542929553844 0.00011718928470555681
1635.3042602539062 0.9995023640305656 0.00011715051411439032
1635.3251342773438 1.000134722252651 0.00011726325883875928
1635.345947265625 0.9999471476987808 0.00011717280000068935
1635.3667602539062 1.000024588461302 0.00011727716041479078
1635.3876342773438 1.0003526423849345 0.00011734678410212081
1635.408447265625 0.9998478847383697 0.00011723336726127771
1635.4292602539062 0.9999232422262725 0.00011725237416699996
1635.4501342773438 0.9999423693957894 0.00011720763778764306
1635.470947265625 0.9997406630755388 0.00011732280751370725
1635.4917602539062 1.000221719598579 0.00011725797676877935
1635.5126342773438 1.0002856315448967 0.00011724568342621665
1635.533447265625 0.9994533493307202 0.00011723106959254383
1635.5542602539062 1.0003649858642252 0.00011719733600635917
1635.5751342773438 0.9999657486742215 0.00011724338807319716
1635.595947265625 0.9999535888985486 0.0001172320378586519
1635.6167602539062 1.0003907123055138 0.00011721675032874778
1635.6376342773438 0.9996519573810582 0.00011721582388624239
1635.658447265625 0.9996735387754595 0.0001172874520978247
1635.6792602539062 1.000201131310406 0.00011721689316837728
1635.7001342773438 0.999984475346058 0.00011719593017710882
1635.720947265625 1.0005323161223119 0.00011716486491020168
1635.7417602539062 0.9997325477886002 0.00011716500536776496
1635.7626342773438 0.9998841021249458 0.00011717734343977633
1635.783447265625 0.9998583439893083 0.00011713400815992684
1635.8042602539062 0.9997412982431564 0.00011713933222574491
1635.8251342773438 1.0002807328688315 0.00011710576060558779
1635.845947265625 1.0001980687558576 0.00011704696111611142
1635.8667602539062 1.0001247466713912 0.00011707030399612771
1635.8876342773438 0.999823019927265 0.00011712021555586106
1635.908447265625 0.999981024130543 0.00011707023454037442
1635.9292602539062 0.9999086107062158 0.00011707420146781503
1635.9501342773438 1.0000309699053238 0.00011710686786757499
1635.970947265625 1.000067366791412 0.00011703168579300958
1635.9917602539062 0.9999659300547026 0.00011697981561634845
1636.0126342773438 0.9997530931773749 0.00011701433559644552
1636.033447265625 0.9999170069306776 0.00011694844317512377
1636.0542602539062 1.0006917329702243 0.0001169512354522216
1636.0751342773438 0.999856903533265 0.00011695965027480314
1636.095947265625 0.9999238538201954 0.00011691117738793897
1636.1167602539062 0.9997885759412788 0.00011701458318003351
1636.1376342773438 0.9996771027936953 0.00011691020747068464
1636.158447265625 1.0003938898968108 0.00011701295991969504
1636.1792602539062 1.0001026737870093 0.00011689126928593459
1636.2001342773438 0.9999623218410596 0.0001169684715096903
1636.220947265625 0.9999204085455293 0.00011689068330225159
1636.2417602539062 0.9997248468953434 0.00011685091247912642
1636.2626342773438 1.0003650277194611 0.00011687412543254753
1636.283447265625 1.0002432542090958 0.00011693581516748366
1636.3042602539062 0.9997099577332887 0.00011693078698571198
1636.3251342773438 1.0000595891776338 0.00011688058865893646
1636.345947265625 0.9999569873269042 0.00011690032993422276
1636.3667602539062 0.9996736948216915 0.00011685720216976243
1636.3876342773438 1.0000481423065495 0.0001168810235290062
1636.408447265625 1.0004124167731043 0.00011685733763034876
1636.4292602539062 0.9998090995715081 0.00011688301884337414
1636.4501342773438 0.9999345361346919 0.00011686629638937137
1636.470947265625 1.0000232072660964 0.00011689062835666642
1636.4917602539062 1.0001154890385169 0.00011695261377402916
1636.5126342773438 1.0002528516604412 0.00011694632771483761
1636.533447265625 0.9996367177076969 0.00011696884336448157
1636.5542602539062 0.999912786021942 0.00011688818354543158
1636.5751342773438 0.9999364133345219 0.00011688486705602347
1636.595947265625 1.000046109579234 0.00011688097767788493
1636.6167602539062 1.0004203587694842 0.00011699071074973652
1636.6376342773438 0.9996807636472423 0.00011689908866275916
1636.658447265625 1.0001824771093173 0.00011692392764797876
1636.6792602539062 0.9998377802513362 0.0001169430847433556
1636.7001342773438 1.0001559097293151 0.00011696800648649478
1636.720947265625 0.999963550148155 0.00011694634604455105
1636.7417602539062 0.999705950200315 0.00011692090450558141
1636.7626342773438 1.0000755708284796 0.00011699912277825135
1636.783447265625 1.0000485139261968 0.00011700663607740624
1636.8042602539062 1.0000859352524576 0.00011703103373228058
1636.8251342773438 0.9999821569510895 0.00011691778187592134
1636.845947265625 1.0002001839883212 0.00011695514409505064
1636.8667602539062 0.9999192125585444 0.00011700121415213572
1636.8876342773438 0.9998821758511275 0.00011701304854354191
1636.908447265625 0.9999933821782478 0.00011706579108010445
1636.9292602539062 0.9998422293128885 0.00011703867619010288
1636.9501342773438 0.999897719999726 0.00011703653012170379
1636.970947265625 1.0005654637520482 0.00011702191069653005
1636.9917602539062 0.9997563096181369 0.00011697552322074522
1637.0126342773438 1.0001782951528893 0.00011699330133402626
1637.033447265625 0.9995410794691306 0.00011697683113823492
1637.0542602539062 0.999951039238059 0.00011705461938275908
1637.0751342773438 1.000385921998867 0.00011698543991354433
1637.095947265625 0.9999623597757453 0.00011705711277929682
1637.1167602539062 1.0002039453047582 0.00011709891052261052
1637.1376342773438 0.9996857304800719 0.00011698225051542462
1637.158447265625 1.000036403870303 0.00011701753236098866
1637.1792602539062 0.9996673809147224 0.00011709113935401225
1637.2001342773438 1.000281629037417 0.00011713936184866608
1637.220947265625 1.0003314375855274 0.00011704253698648545
1637.2417602539062 0.9998793163593197 0.00011700228575273411
1637.2626342773438 0.9998971291574034 0.000117072931419778
1637.283447265625 0.9998462595042052 0.00011699231305552967
1637.3042602539062 0.9998317604150574 0.00011699685808511616
1637.3251342773438 1.0002856771415516 0.00011699513251956891
1637.345947265625 1.0000510825494942 0.00011701295547399385
1637.3667602539062 1.0000507420705107 0.00011706019060618025
1637.3876342773438 0.999883709076815 0.00011699954511296458
1637.408447265625 1.0000231726581974 0.00011700324161162596
1637.4292602539062 0.9998789446919759 0.00011703884737205784
1637.4501342773438 0.9997378599425001 0.00011698742806627878
1637.470947265625 1.0004595601968265 0.00011703347225267398
1637.5126342773438 1.0022183332606591 0.00011698076986641604
1637.533447265625 1.0012418663744946 0.00011689700155192707
1637.5542602539062 0.9999393096782697 0.00011701127247666257
1637.5751342773438 1.000465376253681 0.00011696065128799382
1637.595947265625 0.9994242406862696 0.00011704104171770722
1637.6167602539062 1.000149066386108 0.00011700485272724451
1637.6376342773438 0.9996099249208701 0.00011711246472756193
1637.658447265625 1.0004202553900385 0.00011709477080037977
1637.6792602539062 1.0000359417010634 0.00011708262910919036
1637.7001342773438 0.9999937888583188 0.0001170702674026316
1637.720947265625 0.999554760345627 0.00011712746989333437
1637.7417602539062 0.9999757726061078 0.0001170559904132089
1637.7626342773438 1.0006098433740054 0.00011712873534619274
1637.783447265625 0.9997335689923958 0.00011708590569605871
1637.8042602539062 1.000245558133659 0.00011707073831426616
1637.8251342773438 0.9997602850084458 0.00011708965706897803
1637.845947265625 0.9997149037763764 0.00011713235626678845
1637.8667602539062 1.0003992208361538 0.00011709765438526014
1637.8876342773438 0.9997653602241188 0.00011713910037769799
1637.908447265625 1.0002227354050204 0.00011707690879134041
1637.9292602539062 0.9997350696656214 0.00011715162430418974
1637.9501342773438 1.000211138374185 0.00011704440306874956
1637.9710083007812 1.0000262828517537 0.00011704986838058529
1637.9918212890625 0.9998686578540793 0.00011711559764419031
1638.0126342773438 0.9998918784895285 0.00011706487152121162
1638.0335083007812 1.0001205074682995 0.00011710828395747222
1638.0543212890625 1.0003120972774617 0.00011701871912123535
1638.0751342773438 1.0016308538891807 0.00011702502354268935
1638.0960083007812 0.9997718084845321 0.00011701047561485313
1638.1168212890625 1.0015237707693836 0.00011697543888076705
1638.1376342773438 1.0000077100182956 0.00011700960230912329
1638.1585083007812 0.9997252009662999 0.00011708744846813024
1638.1793212890625 1.0002277608621348 0.00011708394024266211
1638.2001342773438 0.9995360883299788 0.0001169608866174015
1638.2210083007812 1.0004113310730363 0.00011690730740889438
1638.2418212890625 1.0002479995452858 0.00011691468735828529
1638.2626342773438 1.000025039902459 0.00011691754856167306
1638.2835083007812 1.0000149020699478 0.00011692450461074195
1638.3043212890625 0.999510633512975 0.00011686009936919332
1638.3251342773438 1.0002039729898626 0.00011684044783617813
1638.3460083007812 0.9996446980933059 0.00011679205263568307
1638.3668212890625 1.0004322288860548 0.00011676328073596894
1638.3876342773438 1.000164877636246 0.00011673161090450002
1638.4085083007812 0.9999643113448174 0.00011679519853038562
1638.4293212890625 0.9997949753694438 0.00011672940841318855
1638.4501342773438 0.9997492676375714 0.00011667433247539959
1638.4710083007812 1.0000662158052402 0.00011671750517616387
1638.4918212890625 1.0004200342882539 0.00011671352526002595
1638.5126342773438 1.0001972031498572 0.0001167198281260803
1638.5335083007812 0.9997604895291059 0.00011672928789296211
1638.5543212890625 1.0010914866231762 0.00011674107259134953
1638.5751342773438 0.9997925852355475 0.00011671712836654871
1638.5960083007812 0.9995960770540494 0.00011676077215099143
1638.6168212890625 1.0001640740627702 0.00011676601743231503
1638.6376342773438 1.0007560553538017 0.00011676111816029476
1638.6585083007812 0.9998195179748698 0.0001167648159980216
1638.6793212890625 0.9997267547015829 0.00011676229892098058
1638.7001342773438 0.9995463756432431 0.00011671163046343593
1638.7210083007812 1.0000402839023201 0.00011669384964112683
1638.7418212890625 1.0004939804785915 0.00011673332808115127
1638.7626342773438 1.0001627564587046 0.00011676972961549891
1638.7835083007812 0.9999471154449228 0.00011673645157658455
1638.8043212890625 0.9999849008974743 0.00011679702036168945
1638.8251342773438 0.9996902247620207 0.00011678413400114769
1638.8460083007812 1.00002259717326 0.0001167295852551194
1638.8668212890625 0.9998337827727154 0.00011681759779267204
1638.8876342773438 1.0002286663613278 0.00011674683623442834
1638.9085083007812 1.000278215767859 0.00011677840104897937
1638.9293212890625 1.0001517413177656 0.00011677998757781547
1638.9501342773438 1.0000078804888888 0.00011680094374933815
1638.9710083007812 0.999763223459238 0.00011681851467348605
1640.0543212890625 1.001891292730163 0.00013475053219969967
1640.0751342773438 1.0009481786245766 0.00013524004463325625
1640.0960083007812 1.0012581660841455 0.00013576189377355997
1640.1168212890625 1.0000128356317113 0.00013599412740777312
1640.1376342773438 1.0010676332878656 0.0001360726775862416
1640.1585083007812 0.9997942974448739 0.00013591741155047785
1640.1793212890625 1.0012777500596926 0.00013567722970936417
1640.2001342773438 1.0000470819227023 0.00013538568455924676
1640.2210083007812 1.0003042785398177 0.0001348944698937124
1640.2418212890625 1.0001240723032387 0.00013434102710562767
1640.2626342773438 0.9997693142250536 0.00013377548825264132
1640.2835083007812 0.9999533365423661 0.0001333358629817511
1640.3043212890625 1.0003207044712343 0.00013296541296069244
1640.3251342773438 0.9996422176291915 0.00013262429511704768
1640.3460083007812 1.000280338433972 0.0001323608982103805
1640.3668212890625 0.9997134011844332 0.00013212175710051639
1640.3876342773438 0.9998942142269798 0.0001320395378419564
1640.4085083007812 1.0000031096429407 0.00013202336427630584
1640.4293212890625 1.0002881585139602 0.000131950477259131
1640.4501342773438 1.000474870755426 0.00013192985187381216
1640.4710083007812 0.9994250525873536 0.00013185250684019182
1640.4918212890625 0.9997817427296942 0.00013185613290792923
1640.5126342773438 1.00032803944875 0.00013184208226006374
1640.5335083007812 1.0002016843042452 0.0001319371239106838
1640.5543212890625 0.9997493651736218 0.00013178388032897528
1640.5751342773438 0.9998783119389262 0.00013162684144377867
1640.5960083007812 0.9998092595174175 0.00013147519912028833
1640.6168212890625 1.0002619009945493 0.0001312176357162083
1640.6376342773438 1.000238116610331 0.000130892872231078
1640.6585083007812 0.9997066549181702 0.000130650029359208
1640.6793212890625 1.000535411501314 0.00013045838659930348
1640.7001342773438 0.9997051158215821 0.0001302706918014388
1640.7210083007812 0.9995237949016434 0.00013009237041344373
1640.7418212890625 1.000140401042476 0.0001299949469535712
1640.7626342773438 0.9998289391345886 0.00012999523336341907
1640.7835083007812 1.0005356863930805 0.00012977920855648705
1640.8043212890625 1.00042007877214 0.0001296365072544661
1640.8251342773438 0.9992592661943704 0.0001293497444645594
1640.8460083007812 1.0001437143858074 0.00012917648831211456
1640.8668212890625 1.0000418912966715 0.00012889600231730532
1640.8876342773438 0.9998583187958151 0.00012845240841473506
1640.9085083007812 1.000117392585042 0.0001280954304833388
1640.9293212890625 0.999762010380521 0.00012758636835815605
1640.9501342773438 1.0002955238954274 0.00012710136651987515
1640.9710083007812 1.0000589532744293 0.0001267230175430237
1640.9918212890625 0.9997392370075053 0.0001263096347587901
1641.0126342773438 0.9999574419458778 0.00012600937922145714
1641.0335083007812 1.000263967075754 0.00012576262541566223
1641.0543212890625 1.0001174256424112 0.0001254279286953032
1641.0751342773438 0.9999423730062985 0.00012524517524227746
1641.0960083007812 0.9996590940774844 0.0001251070725146489
1641.1168212890625 1.0001380718788073 0.00012502942977603998
1641.1376342773438 1.0002335592518075 0.00012488679548642467
1641.1585083007812 0.9997781339243692 0.00012481857515276096
1641.1793212890625 0.9997525776818448 0.00012473725672755312
1641.2001342773438 1.0002815122061781 0.00012457329044371707
1641.2210083007812 1.0002376240947053 0.00012450618463459486
1641.2418212890625 0.9998808975709698 0.00012418751252398622
1641.2626342773438 1.0000460545498913 0.00012399236771072668
1641.2835083007812 0.9995760563858428 0.00012381110655614554
1641.3043212890625 1.0002847983854417 0.00012353213992634567
1641.3251342773438 1.0001142373134537 0.00012331182065782373
1641.3460083007812 0.9997192554643519 0.00012309336633537895
1641.3668212890625 1.0003287835153745 0.00012292484858390253
1641.3876342773438 0.9994218054356717 0.0001229006388913195
1641.4085083007812 1.0007333959738736 0.00012283507771977215
1641.4293212890625 1.0001129173301677 0.00012276499760388682
1641.4501342773438 0.9993041941958027 0.0001227798556885567
1641.4710083007812 0.9998234647056153 0.00012284273923582342
1641.4918212890625 1.000444525906105 0.00012285145939761212
1641.5126342773438 1.0003290773263955 0.00012290600080963555
1641.5335083007812 0.9997286139872632 0.00012295589954659368
1641.5543212890625 0.9998446217899251 0.00012298750731074915
1641.5751342773438 1.0000116197678104 0.00012308304252587249
1641.5960083007812 1.0000497756441489 0.00012317735866891936
1641.6168212890625 0.9998180457131519 0.00012296428740028088
1641.6376342773438 1.0003552056126614 0.0001230524015182776
1641.6585083007812 0.9995711301050009 0.0001228622639971699
1641.6793212890625 1.0007307481704135 0.00012285557542911617
1641.7001342773438 0.9999078190582869 0.00012277420790314346
1641.7210083007812 0.9994713064462785 0.00012266822971099563
1641.7418212890625 0.9999637339840952 0.00012259483022427825
1641.7626342773438 0.9998352218477735 0.00012256736401196683
1641.7835083007812 1.0004273313125398 0.00012252942921394243
1641.8043212890625 1.000017657690197 0.000122437244053794
1641.8251342773438 0.999841599693517 0.00012236177783451422
1641.8460083007812 1.000154492317159 0.00012234132333216824
1641.8668212890625 0.9998291635540956 0.0001221404498446388
1641.8876342773438 1.0001604352712334 0.00012201460693495934
1641.9085083007812 0.9998879180822171 0.0001218830358243026
1641.9293212890625 0.9999072286559526 0.0001217046068950069
1641.9501342773438 1.0002383041976242 0.00012159682440149434
1641.9710083007812 1.0000676981457624 0.00012134295336674821
1641.9918212890625 0.9999151104500824 0.00012120268174576727
1642.0126342773438 0.9999515111526293 0.00012115725925985949
1642.0335083007812 0.9998987922641174 0.00012099211624843661
1642.0543212890625 0.9999057305023858 0.00012088445145929642
1642.0751342773438 1.0002685202943578 0.00012081134144208864
1642.0960083007812 0.9999690183675216 0.00012073655403001253
1642.1168212890625 0.9998548529434684 0.00012067862637291785
1642.1376342773438 0.9999518964025175 0.00012062602752282669
1642.1585083007812 0.9999453247205172 0.00012057660506327801
1642.1793212890625 1.0003096944000518 0.00012060221919964724
1642.2001342773438 1.0003175643538715 0.00012056794887223217
1642.2210083007812 0.9994877636700863 0.00012048314786234213
1642.2418212890625 0.9995789539147256 0.00012043776955853637
1642.2626342773438 1.0003002484345542 0.00012038409163242413
1642.2835083007812 1.0003147337768112 0.00012034687612177438
1642.3043212890625 1.0002568151934175 0.00012019523918884429
1642.3251342773438 0.99975460530342 0.00012013789666912158
1642.3460083007812 0.9998779935622728 0.00012005533365512848
1642.3668212890625 0.9996396019122956 0.00011997852832199506
1642.3876342773438 1.0002608054031108 0.00011994157809396594
1642.4085083007812 1.0002703691902497 0.00011991737372905822
1642.4293823242188 1.0001131721532721 0.00011988275747055738
1642.4501953125 0.9993987351913374 0.00011987256767973534
1642.4710083007812 1.000241479160459 0.00011996188306074692
1642.4918823242188 1.0001711070302575 0.00011992443743251332
1642.5126953125 0.9998896420080685 0.00011994555309466502
1642.5335083007812 1.0000153407577537 0.00011995448390669295
1642.5543823242188 0.9997750498579477 0.00012007052958045403
1642.5751953125 1.000163544602488 0.00012008602667496595
1642.5960083007812 0.999966063176767 0.00012009863062997591
1642.6168823242188 1.0001701028124124 0.00012011613375196083
1642.6376953125 0.9999492115653397 0.0001201234170444268
1642.6585083007812 1.000055807490891 0.00012012053540006687
1642.6793823242188 0.9998029991508337 0.00012011232499217131
1642.7001953125 1.000009239156325 0.00012006768060718648
1642.7210083007812 1.000089836798691 0.00012004841718289931
1642.7418823242188 0.9999151590057755 0.00012004132905818017
1642.7626953125 1.0001051866138906 0.00012003912460458494
1642.7835083007812 1.0002021365994789 0.00012010550934775572
1642.8043823242188 0.9996247290960271 0.00011997060865000086
1642.8251953125 0.9999522336778197 0.0001199318598355471
1642.8460083007812 1.0001560309375808 0.0001198915792162805
1642.8668823242188 1.0001763769521865 0.00011978514232701495
1642.8876953125 0.9999293923834263 0.00011976957755043567
1642.9085083007812 0.9998608254222555 0.00011968673254955207
1642.9293823242188 1.0003298758926613 0.00011960249738953148
1642.9501953125 1.000022540038906 0.00011960725320163221
1642.9710083007812 0.9995089089121927 0.00011943968757078022
1642.9918823242188 1.000004863268503 0.0001194052160144627
1643.0126953125 0.9999834401226251 0.0001193182596797565
1643.0335083007812 1.0002075114419118 0.00011927143529618324
1643.0543823242188 1.0004334202785667 0.00011917517757772508
1643.0751953125 0.9994272336238428 0.00011911366899000263
1643.0960083007812 1.0002539034738762 0.00011909788936823168
1643.1168823242188 0.9999583744040302 0.00011907976468817827
1643.1376953125 0.9994358219302807 0.00011900898055072046
1643.1585083007812 1.000328537038757 0.00011912308342798166
1643.1793823242188 1.0003439423856362 0.00011892783089386708
1643.2210083007812 0.9999158144021923 0.00011889886779982333
1643.2418823242188 1.000412585659309 0.00011889357116790425
1643.2626953125 0.999283755587819 0.00011882866855852524
1643.2835083007812 0.9999120171501967 0.00011885748494244086
1643.3043823242188 1.0007688256317304 0.00011875260940454236
1643.3251953125 0.9992833672851449 0.00011872587757107996
1643.3460083007812 1.0002925755153007 0.00011871608635120972
1643.3668823242188 0.9998857577013056 0.00011860817710509268
1643.3876953125 0.9998763966723634 0.00011859913246941694
1643.4085083007812 1.0003105284947396 0.00011856022748041876
1643.4293823242188 0.9999656945345579 0.0001185696291422242
1643.4501953125 0.9997810545983025 0.00011853253969748879
1643.4710083007812 0.9999262983800028 0.00011865930008963025
1643.4918823242188 1.0000722546692795 0.000118529959409187
1643.5126953125 1.0002567012522439 0.00011853149438323255
1643.5335083007812 0.9998688520785483 0.00011861632874240362
1643.5543823242188 0.9998595054119507 0.00011853572854460632
1643.5751953125 1.0000830116806898 0.00011858825693155909
1643.5960083007812 1.000129180919885 0.0001186532579088309
1643.6168823242188 1.0000126864929109 0.00011869184464747964
1643.6376953125 0.9997425942109149 0.00011881540253826554
1643.6585083007812 1.000058016604756 0.00011874727361615799
1643.6793823242188 1.0003055850778575 0.00011881984573405605
1643.7001953125 0.9999620401431756 0.00011879363082166777
1643.7210083007812 0.9998035482474352 0.0001188161305301159
1643.7418823242188 0.9999862085887969 0.00011881068239311244
1643.7626953125 0.9998263721685872 0.00011877233797609174
1643.7835083007812 0.9999939890698557 0.00011879781838575658
1643.8043823242188 1.0002505905401893 0.00011877735229262813
1643.8251953125 0.999837928328236 0.0001187908165568782
1643.8460083007812 1.0005042555060915 0.0001188160692655922
1643.8668823242188 0.9997513665613909 0.00011877241303190659
1643.8876953125 0.999662140386165 0.00011880984637560997
1643.9085083007812 1.0002936889042051 0.00011877378572804817
1643.9293823242188 0.9999499282584843 0.00011878825335586179
1643.9501953125 1.0000572878652265 0.00011870830463424742
1643.9710083007812 0.999903344685117 0.00011862447247937657
1643.9918823242188 0.9997081231223081 0.00011853086934494985
1644.0126953125 1.00035788432172 0.00011861116231700789
1644.0335083007812 0.999854245000586 0.00011850378558115849
1644.0543823242188 1.0003724514860162 0.00011852754795698428
1644.0751953125 0.9999396182583913 0.00011845685653319073
1644.0960083007812 0.9997041809713464 0.00011837789470683451
1644.1168823242188 0.9999699495640066 0.00011838485238492264
1644.1376953125 0.9996950258052273 0.00011840756189076075
1644.1585083007812 1.0002496094044648 0.00011831740328054298
1644.1793823242188 1.000309911842977 0.00011826643329419968
1644.2001953125 1.000149159900083 0.0001183303287674659
1644.2210083007812 0.9997262797134321 0.00011819698644746991
1644.2418823242188 0.9998609137331269 0.0001181781113800961
1644.2626953125 0.9999132047798578 0.0001181752896924356
1644.2835083007812 1.000288623563913 0.00011815197865002877
1644.3043823242188 0.9999303866881846 0.00011813116532125595
1644.3251953125 0.9997746751212052 0.00011815139627245092
1644.3460083007812 1.000434438362586 0.00011806349616709046
1644.3668823242188 0.9996246021436191 0.0001179968674113823
1644.3876953125 1.0001015124499386 0.00011800753366702463
1644.4085083007812 1.0001762089095492 0.00011795874106921023
1644.4293823242188 1.0000789527964298 0.00011800685641818831
1644.4501953125 0.9997349174786935 0.0001179571000014144
1644.4710083007812 0.9998571374978078 0.00011805215201688659
1644.4918823242188 1.0000864530594844 0.00011798235809571544
1644.5126953125 0.9999576416007929 0.00011795680240643542
1644.5335083007812 1.0003221189838718 0.00011798027784636211
1644.5543823242188 0.9999349551811102 0.00011796203934826973
1644.5751953125 1.0000739320112801 0.00011806178129802471
1644.5960083007812 0.9995810855498399 0.00011800430528884214
1644.6168823242188 1.0001717338096912 0.0001180896751037118
1644.6376953125 1.0000844075214141 0.00011808658034554231
1644.6585083007812 0.9998535004317071 0.00011812143673564738
1644.6793823242188 1.0001748310024343 0.00011810648757900386
1644.7001953125 1.0000519075579026 0.00011813112430441169
1644.7210083007812 0.9999887472857473 0.00011817036548797505
1644.7418823242188 1.000162798014252 0.00011821037344140418
1644.7626953125 0.9997026518746963 0.0001181649845410821
1644.7835083007812 0.9997474795834581 0.00011821636943701143
1644.8043823242188 1.0002199755818664 0.00011831325407165068
1644.8251953125 0.9999327064064344 0.00011820955460302685
1644.8460083007812 1.000445891410226 0.00011821374139259494
1644.8668823242188 0.9997908103154037 0.00011819157195947266
1644.8876953125 0.9998828748595063 0.00011819446882388386
1644.9085083007812 1.0000709450495442 0.00011821479779611161
1644.9293823242188 0.9998628288758399 0.000118145047170142
1644.9501953125 0.9997992225657184 0.00011810862554479701
1644.9710083007812 1.0002894540618315 0.00011812346616275128
1644.9918823242188 1.0004048564194041 0.000118081419165141
1645.0126953125 0.9996090493556998 0.00011796103431143938
1645.0335083007812 0.9996310862046159 0.0001179071674464596
1645.0543823242188 1.0003555689750356 0.00011790318603656248
1645.0751953125 1.0000582154125757 0.00011788626927337526
1645.0960083007812 1.0002373227838517 0.00011787829715411868
1645.1168823242188 0.9997562147882064 0.00011801505136885065
1645.1376953125 0.9997569282547367 0.00011786892915235274
1645.1585083007812 1.000035353300879 0.00011784101744596291
1645.1793823242188 1.0000094138974245 0.00011788699335731924
1645.2001953125 1.0002349037412654 0.00011781551623024439
1645.2210083007812 1.000120225227071 0.00011784212276017128
1645.2418823242188 0.9996159512588109 0.00011781038977829783
1645.2626953125 0.9998888963816902 0.0001178396842671163
1645.2835083007812 1.0006088092245418 0.00011788717960063661
1645.3043823242188 0.9999145309316106 0.000117806302403403
1645.3251953125 0.9997119005016647 0.00011780067765966684
1645.3460083007812 0.999896589478862 0.00011780186655883588
1645.3668823242188 1.0003684321994923 0.00011778051828317232
1645.3876953125 0.9997763510817129 0.00011778621744364741
1645.4085083007812 0.9998290287668254 0.00011775240929191932
1645.4293823242188 1.000216440175988 0.00011774268460137864
1645.4501953125 1.0001291692347316 0.00011780984496227353
1645.4710083007812 0.9999825044724044 0.00011778011633762858
1645.4918823242188 0.9996737215364063 0.00011777024216159256
1645.5126953125 1.0001865145933249 0.00011779213066820384
1645.5335083007812 0.9998671566391316 0.00011792052134192118
1645.5543823242188 1.0001473752473176 0.00011780841728480817
1645.5751953125 0.9999392771748956 0.00011780634659354204
1645.5960083007812 1.0000949972053932 0.00011788995613415309
1645.6168823242188 0.999785542781803 0.00011783806042923386
1645.6376953125 1.0000386580926004 0.0001178434673269273
1645.6585083007812 1.0000995570137914 0.00011789954837898394
1645.6793823242188 1.0002909563391573 0.00011792199129617499
1645.7001953125 0.9999396006527298 0.00011789330031707801
1645.7210083007812 0.9997652704969271 0.00011794779344986823
1645.7418823242188 0.999959582044138 0.00011791520087207564
1645.7626953125 0.9998793076662573 0.00011801303912469012
1645.7835083007812 0.9999358403264003 0.00011793901585941199
1645.8043823242188 1.0004282722736386 0.00011797378704696497
1645.8251953125 0.9999004431031133 0.00011792330775716806
1645.8460083007812 1.0000035883337843 0.00011790731934911614
1645.8668823242188 1.0000670894812984 0.00011797290567212044
1645.8876953125 0.9995929672889643 0.00011788175547368019
1645.9085083007812 1.0003072600519058 0.0001179845016220511
1645.9293823242188 0.9998107011253585 0.00011794325569312025
1645.9501953125 1.0004511119342507 0.00011794483083821414
1645.9710083007812 0.9996463982183608 0.00011790510036972631
1645.9918823242188 0.9998453062385317 0.00011787164337389716
1646.0126953125 1.0003020951812291 0.00011789945366045414
1646.0335083007812 0.9998832955545818 0.00011778405551277201
1646.0543823242188 0.9998566916219149 0.00011778911063065768
1646.0751953125 1.000418341066458 0.00011779682570630285
1646.0960083007812 0.9997871919032748 0.00011781255160899682
1646.1168823242188 0.9996950626343386 0.00011783087184409902
1646.1376953125 1.0003908103669954 0.00011783217544715261
1646.1585083007812 0.9998960368493308 0.00011785235586554705
1646.1793823242188 1.0000316463701826 0.00011781585966233747
1646.2001953125 0.9998554415610889 0.0001177822776609604
1646.2210083007812 0.9999751713132353 0.00011776444917798598
1646.2418823242188 1.0002358097806978 0.00011778254861759256
1646.2626953125 0.9998745366817707 0.00011775421803463773
1646.2835083007812 0.9997306360763606 0.00011771465483598676
1646.3043823242188 1.0002998153111613 0.0001177587754082325
1646.3460083007812 1.0000866124909367 0.00011773069875961187
1646.3668823242188 1.000148173615689 0.00011770268626941836
1646.3876953125 0.9999215185518547 0.00011765521627407705
1646.4085083007812 0.9995705375405676 0.00011765711431541684
1646.4293823242188 0.9999637587733288 0.00011760498678360113
1646.4501953125 1.0000572888519947 0.00011761823862623995
1646.4710083007812 1.0003388489198775 0.00011762558491555913
1646.4918823242188 1.0001786147017777 0.00011768662276092547
1646.5126953125 0.9999434943980093 0.00011761582450432068
1646.5335083007812 0.9994926341767648 0.0001175823174371516
1646.5543823242188 1.0000466540748691 0.0001175991875599389
1646.5751953125 1.0002224143909255 0.0001175714679892216
1646.5960083007812 1.0000860884491898 0.00011766334149563028
1646.6168823242188 0.9998648060151402 0.00011762538097852675
1646.6376953125 0.9999651622354364 0.00011759034632477984
1646.6585083007812 1.0000450990431589 0.00011761326508123943
1646.6793823242188 1.0000277819944716 0.00011769054725308934
1646.7001953125 1.0001305898781465 0.00011757300103776235
1646.7210083007812 0.9997638997602863 0.00011764832330859253
1646.7418823242188 1.0001313155012566 0.00011764837170410877
1646.7626953125 1.0000902310522897 0.00011755788579803029
1646.7835083007812 1.0000307786843199 0.00011756568160120173
1646.8043823242188 1.0000112033091495 0.00011765501524119753
1646.8251953125 0.9996440926817717 0.00011766460285513951
1646.8460083007812 0.9999714699655833 0.00011757696623170803
1646.8668823242188 1.0000552302287964 0.0001175835955485379
1646.8876953125 1.000199544996485 0.00011755180528940867
1646.9085083007812 1.000203569213184 0.00011757614016755313
1646.9293823242188 0.9998887343358749 0.00011754310421545153
1646.9501953125 0.9998812201083223 0.00011758978952661795
1646.9710083007812 1.0001094696596362 0.00011759003773538805
1646.9918823242188 0.9998699000154734 0.00011766964883901931
1647.0126953125 0.9999813072699338 0.00011761250879928693
1647.0335083007812 0.9998715282506627 0.00011753204411234084
1647.0543823242188 1.0003308469674836 0.00011754262555715696
1647.0751953125 0.9997878067441098 0.00011756002617637231
1647.0960083007812 0.9999924913516524 0.00011759065722213661
1647.1168823242188 1.0001168424756959 0.00011757092700252913
1647.1376953125 1.0000977029005564 0.00011756577106844338
1647.1585083007812 1.0000386122189333 0.00011755511857191574
1647.1793823242188 0.9997287978442407 0.00011759915564239071
1647.2001953125 0.9997879139902709 0.00011748926779118463
1647.2210083007812 1.0000835924038871 0.00011749924714422785
1647.2418823242188 1.0001961743912657 0.00011753082502293842
1647.2626953125 1.0001555874803223 0.00011747368571526871
1647.2835083007812 0.9999800528480145 0.00011748308466176923
1647.3043823242188 0.9999147397649825 0.00011744166533860568
1647.3252563476562 0.9999979168130645 0.00011745626850265141
1647.3460693359375 0.9999367133064005 0.00011747471753778603
1647.3668823242188 0.9998884755988443 0.00011741770668110997
1647.3877563476562 1.000049211961659 0.00011751206073267092
1647.4085693359375 1.000243428456651 0.00011737506076783282
1647.4293823242188 0.9999102813138551 0.0001174090417300083
1647.4502563476562 0.9996756831773436 0.00011734586903870345
1647.4710693359375 1.0002916527300523 0.00011733617272921239
1647.4918823242188 1.000057387135454 0.0001173366954991879
1647.5127563476562 0.9999701467712246 0.0001173722231811771
1647.5335693359375 0.9999530930425239 0.00011730614294507326
1647.5543823242188 0.999816568941015 0.00011731316060046635
1647.5752563476562 1.0001339737310755 0.00011735356818592859
1647.5960693359375 0.9999776142457063 0.00011730191392463793
1647.6168823242188 1.0001359109906365 0.00011739412638604285
1647.6377563476562 0.9997958196597329 0.00011742470423680645
1647.6585693359375 1.000399274677377 0.00011742749471220328
1647.6793823242188 0.9997716119597548 0.0001173326430556499
1647.7002563476562 1.0001554230796688 0.0001173726211039162
1647.7210693359375 0.9997847189094715 0.00011737754815099258
1647.7418823242188 0.9997108805954109 0.00011744200514946011
1647.7627563476562 1.0002079811700375 0.00011737648975958052
1647.7835693359375 1.0000640918271329 0.00011737495907475995
1647.8043823242188 1.0001437665757174 0.00011745161137713696
1647.8252563476562 1.0001247991765654 0.00011736279866198224
1647.8460693359375 0.9998047071286156 0.00011737542698959333
1647.8668823242188 0.999775190246401 0.00011735862937870831
1647.8877563476562 1.0000803157300162 0.00011739525098477789
1647.9085693359375 1.000055561665404 0.00011737905223975782
1647.9293823242188 1.000042122911997 0.00011736868295797479
1647.9502563476562 1.000169519768786 0.00011738614094302544
1647.9710693359375 0.9997462561233397 0.0001174803813783672
1647.9918823242188 1.0002324084473866 0.0001173919702187532
1648.0127563476562 0.9997422700998894 0.00011741833696945185
1648.0335693359375 1.0000951280954649 0.00011739471991544535
1648.0543823242188 1.0001503124887556 0.00011742458193311181
1648.0752563476562 0.9998027382682547 0.00011738151391101076
1648.0960693359375 0.9999614654867448 0.00011743222094591668
1648.1168823242188 1.0004715929776518 0.00011738109799144693
1648.1377563476562 0.999488497577524 0.00011746222192240009
1648.1585693359375 0.9999263326588664 0.00011737563043313371
1648.1793823242188 1.0003520214535664 0.00011744431378433987
1648.2002563476562 0.9996712891873694 0.00011739463838050815
1648.2210693359375 1.0003123222701775 0.00011740442766615518
1648.2418823242188 1.0001103056297036 0.00011739941567873092
1648.2627563476562 0.9997285219968322 0.00011740242212613714
1648.2835693359375 1.000032475986438 0.00011741872574555682
1648.3043823242188 0.9998676608839216 0.00011734263898281083
1648.3252563476562 1.0000278339671511 0.0001173654406894723
1648.3460693359375 1.0000183005878445 0.00011737404163661961
1648.3668823242188 1.000069483036068 0.00011743495056214198
1648.3877563476562 1.0001726369575448 0.00011731633734826227
1648.4085693359375 1.0001987174744718 0.00011733399156193892
1648.4293823242188 0.9995882346856227 0.00011732511252165792
1648.4502563476562 0.9999408781055351 0.00011737531886869847
1648.4710693359375 1.0001338487301832 0.00011732536016698657
1648.4918823242188 1.0000630395841923 0.00011734207919248234
1648.5127563476562 0.9997867528770646 0.00011734813043111922
1648.5335693359375 1.0000569214449364 0.00011731580542043665
1648.5543823242188 1.000069019695656 0.0001173043343493534
1648.5752563476562 1.0003012024856768 0.00011735240264115207
1648.5960693359375 0.9998781083682039 0.00011732874253349343
1648.6168823242188 0.9995922070973906 0.00011737809023487297
1648.6377563476562 1.000034261737906 0.00011734882718951934
1648.6585693359375 1.0000225845047268 0.00011729676939390263
1648.6793823242188 1.0004244790337382 0.00011725667867175066
1648.7002563476562 1.0001274809389746 0.00011724694734552015
1648.7210693359375 0.9995132079727119 0.0001172293294909426
1648.7418823242188 1.000101478510977 0.00011724391638087662
1648.7627563476562 0.999886252276169 0.00011724592693737426
1648.7835693359375 1.0000610123862201 0.0001172645867381728
1648.8043823242188 1.000117619001296 0.00011727155596627345
1648.8252563476562 0.9997522345089247 0.00011721557511042155
1648.8460693359375 1.000483655590705 0.0001172035365096381
1648.8668823242188 0.9997575755848127 0.00011725463888072113
1648.8877563476562 0.9999858134827686 0.00011724651341574477
1648.9085693359375 0.9998228897698395 0.00011720509550608886
1648.9293823242188 1.0000573495784684 0.00011724456089265135
1648.9502563476562 1.0003983725391887 0.00011727114685222534
1648.9710693359375 0.9998491439178935 0.00011729718553300371
1648.9918823242188 0.9996045920117974 0.00011721798643011585
1649.0127563476562 1.000198797084743 0.00011728445452239972
1649.0335693359375 0.9998279999654692 0.0001172648748363103
1649.0543823242188 1.0002043034596255 0.00011726652129095001
1649.0752563476562 1.0001170496736251 0.00011719475981959619
1649.0960693359375 1.0000771369214545 0.00011724701322399866
1649.1168823242188 0.9998762267388632 0.00011721545647064527
1649.1377563476562 0.9998770298818087 0.00011727050540861494
1649.1585693359375 1.0000832227926664 0.00011727012981598386
1649.1793823242188 1.0001398527517469 0.0001172632773503465
1649.2002563476562 0.9997609442294215 0.00011727550916452328
1649.2210693359375 0.9999068309743555 0.00011724610047775214
1649.2418823242188 1.0001724972405537 0.00011728403234031922
1649.2627563476562 1.0001890343057929 0.00011728088340837252
1649.2835693359375 0.9998640004282321 0.00011731238182932386
1649.3043823242188 0.9997443603001647 0.00011732246198753768
1649.3252563476562 1.0003947345081394 0.00011735871231273985
1649.3460693359375 0.9997071613837393 0.00011733891626233905
1649.3668823242188 0.9998847639511205 0.00011735004254728501
1649.3877563476562 1.0005409973994628 0.0001173155838263371
1649.4085693359375 0.9998129243736666 0.00011729763927018426
1649.4293823242188 0.9999331288098459 0.00011732030567129742
1649.4710693359375 0.9996435716065062 0.00011736563633329075
1649.4918823242188 1.0000507522335436 0.0001173060824416107
1649.5127563476562 1.0005355157474751 0.00011735862222021589
1649.5335693359375 0.9997199266021214 0.0001173093605749911
1649.5543823242188 1.00034182471875 0.00011731748955302326
1649.5752563476562 0.9995991903871284 0.00011731049876817556
1649.5960693359375 0.9995987624740142 0.00011730367984789536
1649.6168823242188 1.0001941136338115 0.00011721707635820501
1649.6377563476562 1.0001275408831445 0.0001172140307333796
1649.6585693359375 1.0005473201220012 0.00011719604889755183
1649.6793823242188 0.999719605059187 0.00011714294729108857
1649.7002563476562 0.9999073988896883 0.00011717734394971163
1649.7210693359375 0.9996957461081173 0.00011720317162988646
1649.7418823242188 1.00012480236211 0.00011712118681043684
1649.7627563476562 1.0000363015716685 0.00011717531320405491
1649.7835693359375 1.0002861171110822 0.00011712224541667274
1649.8043823242188 0.999697740217442 0.00011713133337337096
1649.8252563476562 1.0003307505877075 0.0001171124184136754
1649.8460693359375 0.9999941539078158 0.00011713299041970692
1649.8668823242188 0.9993964604499826 0.0001171464470595783
1649.8877563476562 1.0003536361587442 0.00011720075105389092
1649.9085693359375 1.0000302332841984 0.00011707264105386093
1649.9293823242188 0.9999602994527719 0.00011712449778591366
1649.9502563476562 1.0001219288696612 0.00011704130716854752
1649.9710693359375 0.9999861150279923 0.00011710834262939837
1649.9918823242188 1.0001678900453714 0.00011707181108831605
1650.0127563476562 0.999651685652303 0.00011707938664633095
1650.0335693359375 0.9997910004923206 0.00011712532282688556
1650.0543823242188 1.0002307057995936 0.00011713391965172225
1650.0752563476562 1.0003417588783556 0.00011717520446250982
1650.0960693359375 1.0000013345489145 0.00011714531879338187
1650.1168823242188 0.9997806330699157 0.00011713981013532947
1650.1377563476562 0.9997971274241463 0.00011714010774987511
1650.1585693359375 0.9999970209756293 0.00011722697551723594
1650.1793823242188 1.0001268704916222 0.00011719985557504527
1650.2002563476562 1.000008740969667 0.00011719913132983816
1650.2210693359375 0.9997516419904685 0.0001172478094428694
1650.2418823242188 0.9995379040647788 0.0001172111195317873
1650.2627563476562 0.9993824482577214 0.00011721387898247756
1650.2835693359375 0.9996186708993536 0.0001172355481552111
1650.3043823242188 0.9992106456741164 0.00011720715531173258
1650.3252563476562 0.999626544605682 0.00011725586303210478
1650.3460693359375 0.9998933928776895 0.00011725594517059286
1650.3668823242188 1.000285982062439 0.00011730327375759396
1650.3877563476562 0.9996484604926124 0.00011728916453034746
1650.4085693359375 1.0000783315187203 0.00011732410682077415
1650.4293823242188 1.0001009612849803 0.00011735055916401291
1650.4502563476562 1.0002048481284775 0.0001173540436294833
1650.4710693359375 1.0000818258659403 0.00011733234460540658
1650.4918823242188 0.9998301035819437 0.0001173286515818805
1650.5127563476562 0.999600321082962 0.00011742240184884107
1650.5335693359375 1.0002857097224283 0.000117411996721181
1650.5543823242188 0.9997689791191032 0.00011739722331031647
1650.5752563476562 1.0004281328058426 0.00011735220130920533
1650.5960693359375 1.00006259481659 0.0001173707875135747
1650.6168823242188 0.999894599162507 0.00011730590719839144
1650.6377563476562 0.9998366787252281 0.00011735518396526196
1650.6585693359375 0.9996722891748092 0.00011738783347912832
1650.6793823242188 1.000612803595976 0.00011737087762470514
1650.7002563476562 0.9998513241413312 0.00011739286442690505
1650.7210693359375 0.999927220878091 0.0001173449106191229
1650.7418823242188 0.9998622706511356 0.00011729690528399056
1650.7627563476562 0.9998953667048355 0.00011743409924200598
1650.7835693359375 1.0004227961211525 0.00011733904024426919
1650.8043823242188 0.9995350563167934 0.00011727136171636295
1650.8252563476562 1.0003221767795998 0.00011728186514038154
1650.8460693359375 1.0000601069186674 0.00011727869680422628
1650.8668823242188 1.0000800777195198 0.00011728142618995867
1650.8877563476562 0.9997656875560192 0.00011733052134376535
1650.9085693359375 0.9997351862776257 0.00011724221964841538
1650.9293823242188 1.0002973747105435 0.00011735374912304323
1650.9502563476562 1.0001424421752312 0.00011726348529354742
1650.9710693359375 0.9998613029238508 0.00011725411703358344
1650.9918823242188 1.0001348079462726 0.00011721937329268819
1651.0127563476562 0.9997398244520233 0.00011724152422830016
1651.0335693359375 1.000041923731981 0.00011731625215113801
1651.0543823242188 1.0001749000045652 0.00011730604720521408
1651.0752563476562 0.9999840224012481 0.00011722260871563177
1651.0960693359375 0.9997429016206942 0.00011728423968304282
1651.1168823242188 1.0001147424309518 0.00011722962270880799
1651.1377563476562 1.0000918043968592 0.0001172119374648016
1651.1585693359375 1.0002352687176126 0.00011734976875770684
1651.1793823242188 0.9998023413158957 0.0001171916467203218
1651.2002563476562 0.9997142507282734 0.00011721610810887126
1651.2210693359375 1.000186234227227 0.00011724317752652987
1651.2418823242188 1.0000660430237642 0.00011723853753101498
1651.2627563476562 0.9999316425193401 0.0001172233522364277
1651.2835693359375 1.0001066519740336 0.00011721606626990272
1651.3043823242188 0.9998030465061856 0.00011718391640351284
1651.3252563476562 1.000094903175399 0.00011718258064399406
1651.3460693359375 0.999918147743416 0.00011724964151874916
1651.3668823242188 1.0001336960542333 0.00011724912802816942
1651.3877563476562 1.0003016080700624 0.00011725490258404904
1651.4085693359375 0.9999574157058208 0.00011730570334319014
1651.4293823242188 0.9996329654149991 0.0001172559381965135
1651.4502563476562 0.9994792382621481 0.00011721975056201307
1651.4710693359375 1.0006680976882614 0.00011726819523169456
1651.4918823242188 1.0001136378736772 0.00011728807089411739
1651.5127563476562 1.0000455637999617 0.00011725467936992362
1651.5335693359375 0.9999142421664656 0.00011728490910211745
1651.5543823242188 0.9997083938249602 0.00011725012685509615
1651.5752563476562 0.9999479500917439 0.00011733190821276959
1651.5960693359375 1.0001833780604847 0.0001173205676161578
1651.6168823242188 0.9999695414415422 0.00011731441014940119
1651.6377563476562 1.0004197670211545 0.00011738140318408832
1651.6585693359375 0.9998242422949377 0.00011737353984533344
1651.6793823242188 0.9998119513954508 0.00011738223116917294
1651.7002563476562 0.9998863265779059 0.00011738144731578576
1651.7210693359375 0.9999431807594963 0.00011744214571258321
1651.7418823242188 0.9999875959016776 0.00011735971076780297
1651.7627563476562 1.0002652766298699 0.00011740075019719113
1651.7835693359375 1.0000814403914036 0.00011736165977982976
1651.8043823242188 0.9999014196877865 0.00011740230211606247
1651.8252563476562 0.9998680364025598 0.00011737473225675354
1651.8460693359375 1.0000551959951003 0.00011741841323042642
1651.8668823242188 1.0002245728673205 0.00011741300801222211
1651.8877563476562 0.9996787200185715 0.00011732342515123253
1651.9085693359375 0.9998838612867673 0.00011739159704134892
1651.9293823242188 1.0001338856553634 0.00011728461733608664
1651.9502563476562 1.000266938008833 0.00011731820151691931
1651.9710693359375 0.9999028018721204 0.0001172519350964645
1651.9918823242188 1.000016467354147 0.00011728555493806525
1652.0127563476562 0.9997290836892198 0.00011725183657768731
1652.0335693359375 1.000228431711388 0.00011725561065290909
1652.0543823242188 0.9996563067688485 0.00011720845917992419
1652.0752563476562 1.0002480569781902 0.00011718324910743109
1652.0960693359375 1.0001995436286006 0.00011729727040772017
1652.1168823242188 1.0000517552086994 0.00011713060105631535
1652.1377563476562 0.9998426458270925 0.00011713845218657778
1652.1585693359375 0.9997159123706757 0.00011714159898164264
1652.1793823242188 0.9999772736949186 0.00011710366832156707
1652.2002563476562 1.0003236232741852 0.00011710241410179404
1652.2210693359375 1.000095828845763 0.00011712804497443893
1652.2418823242188 0.9997297310834441 0.00011706511563580023
1652.2627563476562 1.0003211464514057 0.00011709812356630143
1652.2835693359375 0.9998826243675071 0.00011721435049184227
1652.3043823242188 0.999780683394981 0.00011708621574683534
1652.3252563476562 1.0000558388723149 0.00011711481896885968
1652.3460693359375 1.0000902990006109 0.00011713406636974705
1652.3668823242188 0.9999701620757049 0.00011717998459310129
1652.3877563476562 1.0001136097293641 0.00011717217097038226
1652.4085693359375 1.0001107994289624 0.00011719749343931733
1652.4293823242188 0.9995923757732991 0.00011719852492835808
1652.4502563476562 1.0001208941492474 0.00011724482798486488
1652.4710693359375 0.9999142970039568 0.00011720819917054305
1652.4918823242188 1.0001928668399789 0.00011718662468307732
1652.5127563476562 1.000158854267933 0.00011721063503903713
1652.5335693359375 0.999773758940769 0.00011720735021911334
1652.5543823242188 1.0001620857609521 0.00012241380629876168
1652.5752563476562 0.999730800531383 0.000122455755866285
1652.5960693359375 0.9999689873723259 0.00012245474371173302
1652.6168823242188 1.0002652662767388 0.00012250977382144738
1652.6377563476562 0.9999892309662729 0.00012256076329075888
1652.6585693359375 1.0000845358321433 0.0001225071793971156
1652.6793823242188 0.9999440167952061 0.00012252922572747853
1652.7002563476562 0.9996944243634946 0.00012259520012446626
1652.7210693359375 1.0002057290616353 0.00012252927436517792
1652.7418823242188 0.9996278491121121 0.00012267386158111291
1652.7627563476562 1.0003187695655882 0.0001225850242310155
1652.7835693359375 1.0002372235820278 0.00012260872723342516
1652.8043823242188 1.0001088528833215 0.0001226232789369091
1652.8252563476562 0.999919638134814 0.00012269889127997793
1652.8460693359375 0.9997356811727164 0.00012261392470486442
1652.8668823242188 1.0001100253382478 0.00012270368617904733
