time flux flux_err
1325.3253784179688 1.0005214475602933 0.0001572748846668978
1325.34619140625 0.9995100195914457 0.00015753235437142895
1325.3670043945312 0.9999383186318727 0.00015771782100052248
1325.3878784179688 0.9998851864036247 0.00015785312750431536
1325.40869140625 0.9994533588733929 0.00015797804882188623
1325.4295043945312 1.000296547348448 0.00015806346257194893
1325.4503784179688 1.0004593198924223 0.00015818292488979557
1325.47119140625 1.0000657372817476 0.00015828220037750017
1325.4920043945312 0.9999231555048544 0.00015840259779961052
1325.5128784179688 0.9997782801245847 0.00015856431237533326
1325.53369140625 0.9997816137450287 0.00015874611253719663
1325.5545043945312 0.9999741317231875 0.00015891708011509984
1325.5753784179688 1.0001414578178585 0.0001590231659682106
1325.59619140625 1.0002743512633947 0.0001591325177346377
1325.6170043945312 0.9996686339897728 0.00015919613589316677
1325.6378784179688 0.999622150527313 0.00015917354139316787
1325.65869140625 0.9995697032245735 0.00015918839525046297
1325.6795043945312 0.9990826412247145 0.00015921943834017947
1325.7003784179688 0.9999052402341414 0.0001592693117528613
1325.72119140625 1.0007064343223233 0.00015934814762163084
1325.7420043945312 0.9994352535310977 0.00015946275886356904
1325.7628784179688 1.0001910806316916 0.00015959752872751206
1325.78369140625 0.9999572122111636 0.00015973380418295057
1325.8045043945312 0.9996548153477907 0.00015983825509948826
1325.8253784179688 1.000005682531518 0.0001599366071643092
1325.84619140625 1.0004194891641103 0.00015999067883133017
1325.8670043945312 1.000070636863977 0.0001599251658759721
1325.8878784179688 0.999813817051389 0.00015982843573910248
1325.90869140625 0.9998937813896864 0.00015976123919222645
1325.9295043945312 0.9998663203242306 0.00015974581869679662
1325.9503784179688 1.0002932711930193 0.0001597480602731195
1325.97119140625 1.0002275302797705 0.00015978539033421915
1325.9920043945312 1.000067925070514 0.00015984356067023057
1326.0128784179688 0.9993197546006775 0.0001599364249284822
1326.03369140625 1.0001289610425406 0.00016006382215919272
1326.0545043945312 0.9997815582591421 0.00016009596880291194
1326.0753784179688 1.0005697604317134 0.00016016496075577856
1326.09619140625 1.0002750738221784 0.00016018272310223857
1326.1170043945312 0.9996751749930683 0.00016019214298075349
1326.1378784179688 0.9994879468835969 0.00016021409172488555
1326.15869140625 1.0000105583632757 0.0001602269403772261
1326.1795043945312 1.0006409306145578 0.00016022194386341873
1326.2003784179688 1.000018815683136 0.0001602206457714396
1326.22119140625 0.9997251479713244 0.00016018849570454012
1326.2420043945312 0.9997412151591366 0.00016019370534450548
1326.2628784179688 1.0000915080613846 0.0001602184761898191
1326.28369140625 1.0004532551877194 0.00016022250556084897
1326.3045043945312 0.9995865486528042 0.0001602309642016581
1326.3253784179688 1.0003357533480046 0.0001602584877707372
1326.34619140625 0.999930948340134 0.00016033793566181236
1326.3670043945312 1.0000605845632868 0.00016039999563233987
1326.3878784179688 0.9994171719997845 0.00016040194962311662
1326.40869140625 1.000066584507257 0.00016046347047968956
1326.4295043945312 1.0000329892341926 0.00016051691649536086
1326.4503784179688 1.0008559006581845 0.000160532196912829
1326.47119140625 0.9997974625451058 0.00016055152954738523
1326.4920043945312 0.9992461228260591 0.00016056367612935903
1326.5128784179688 0.9997890424765218 0.00016061901206790153
1326.53369140625 1.0007716688221877 0.0001607360257177669
1326.5545043945312 0.9999875189070692 0.00016079397765959055
1326.5753784179688 1.0002340739105249 0.00016081069288718922
1326.59619140625 0.9990994333456594 0.00016085454252228436
1326.6170043945312 1.0008624331875933 0.00016092638987547659
1326.6378784179688 0.9995108619432208 0.0001609600151967409
1326.65869140625 1.0001391480402337 0.00016092492203746402
1326.6795043945312 0.9998622001763273 0.00016086439479507894
1326.7003784179688 1.000251426169019 0.00016082265105173084
1326.72119140625 0.999915242789974 0.00016077858263655224
1326.7420043945312 0.9998062661279122 0.0001607274099797355
1326.7628784179688 1.000368388988759 0.00016068833318005237
1326.78369140625 0.999803155442696 0.00016064647072695375
1326.8045043945312 0.999691168334169 0.00016065604856077247
1326.8253784179688 1.0001512235864978 0.00016066425515869263
1326.84619140625 0.9999799413875914 0.00016066252495042897
1326.8670043945312 1.0004618286196238 0.000160648085621069
1326.8878784179688 0.9997401291268836 0.00016052469719039477
1326.90869140625 1.0000925768940423 0.0001604022594801817
1326.9295043945312 1.000019159341491 0.0001602737197476679
1326.9503784179688 0.9995976187620691 0.000160134076765427
1326.97119140625 1.0000779598587146 0.00016005397835645266
1326.9920043945312 1.000538460818564 0.00015996863794020036
1327.0128784179688 0.9997544452622152 0.00015991342679337294
1327.03369140625 1.0000274414300359 0.00015990841628230876
1327.0545043945312 0.9991565250651234 0.00015990178930194214
1327.0753784179688 1.0005628464593006 0.0001599339570851702
1327.09619140625 1.0003520432412771 0.00015996196205210462
1327.1170043945312 0.9996183345116939 0.00015992929848822115
1327.1378784179688 1.0002839360244433 0.00015994549422625564
1327.15869140625 0.9999824590593808 0.00015991059115816775
1327.1795043945312 0.9998475699514044 0.0001599321236434718
1327.2003784179688 1.0004166170044335 0.0001598882691250454
1327.22119140625 0.9995430164297893 0.00015978144504489073
1327.2420043945312 0.9998940774387373 0.00015972580280929118
1327.2628784179688 0.9996673674399592 0.0001596140876221939
1327.28369140625 1.0003196036861972 0.0001595218488640644
1327.3045043945312 1.000798078066851 0.00015944491492589285
1327.3253784179688 0.9997592281668706 0.00015940249195228683
1327.34619140625 0.9995484865577057 0.0001593839618963051
1327.3670043945312 0.9999704774573341 0.00015942144926763333
1327.3878784179688 1.0001737559705042 0.0001594344910990815
1327.40869140625 0.9997354606958049 0.0001594634794699461
1327.4295043945312 1.0004065263726298 0.0001595124175528685
1327.4503784179688 0.99967072580869 0.00015954492791236954
1327.47119140625 1.0002198866196872 0.00015963113951802116
1327.4920043945312 1.00035693743043 0.0001596534007928325
1327.5128784179688 0.9990686783634377 0.00015967883025885904
1327.53369140625 1.000635008827465 0.00015976172038586684
1327.5545043945312 0.9993638438321242 0.00015982407050978947
1327.5753784179688 1.000653009324488 0.0001598885786067881
1327.59619140625 0.9998443970481676 0.00015990128006067596
1327.6170043945312 0.9999972511499187 0.00015987850172045112
1327.6378784179688 1.0002002899858813 0.0001598743756768665
1327.65869140625 0.9998016715204174 0.00015985307128306238
1327.6795043945312 1.0001016939858984 0.00015983558578354785
1327.7003784179688 0.9998624882476881 0.00015978875831100582
1327.72119140625 0.9997997225452461 0.0001597696068077646
1327.7420043945312 1.0001728439330773 0.0001597820167125897
1327.7628784179688 1.0001916496135603 0.00015975987333531237
1327.78369140625 1.0001047409496744 0.00015974756249233547
1327.8045043945312 0.9996794995248739 0.00015970627588220295
1327.8253784179688 0.9998748416112122 0.00015966935708741485
1327.8670043945312 1.0002449989232238 0.00015960954346836328
1327.8878784179688 0.9998519482645281 0.00015952311645244544
1327.90869140625 1.0003391687395908 0.00015945371944740879
1327.9295043945312 0.9997909612022575 0.0001593281058221231
1327.9503784179688 0.9998755075073403 0.00015924096080608693
1327.97119140625 1.0000437716927515 0.00015918629283734198
1327.9920043945312 1.0003296562707495 0.00015910569836022806
1328.0128784179688 0.999969191382363 0.00015905189254052023
1328.03369140625 0.9993961114474075 0.00015903682633619683
1328.0545043945312 1.0001450481436094 0.00015905048602371072
1328.0753784179688 1.0002195552518316 0.00015908060783030565
1328.09619140625 1.0003194099130115 0.00015910310082753362
1328.1170043945312 0.9997868758362691 0.00015910185490398558
1328.1378784179688 0.9998101236901087 0.00015906072413034907
1328.15869140625 0.9998662219624804 0.00015905846601451827
1328.1795043945312 1.0002511207253855 0.0001590279063376201
1328.2003784179688 0.9996081999160831 0.00015897626042537041
1328.22119140625 1.0003627524739866 0.0001589710037162781
1328.2420043945312 1.000579990965276 0.00015893731094146325
1328.2628784179688 0.9997396374332135 0.0001589315877618802
1328.28369140625 0.9996384786245166 0.00015887327796690185
1328.3045043945312 0.9995953040759662 0.00015878993483543741
1328.3253784179688 1.0001393319552985 0.0001587847126420634
1328.34619140625 1.0003680942829698 0.00015875624187575938
1328.3670043945312 1.0000587755947956 0.00015871045193811847
1328.3878784179688 1.0001522140277217 0.00015871512822483944
1328.40869140625 0.9996198370975116 0.00015870315170732018
1328.4295043945312 1.0000198001145864 0.00015871563864430785
1328.4503784179688 0.9998235498686469 0.00015875654345987405
1328.47119140625 1.0004251530793085 0.00015882928351583443
1328.4920043945312 1.000332650413587 0.0001588867289674323
1328.5128784179688 0.9998792681688697 0.00015895063006416587
1328.53369140625 0.9991594403147863 0.00015899897827473873
1328.5545043945312 0.999983062245995 0.00015907642441988126
1328.5753784179688 1.0000722762312704 0.00015913029282183202
1328.59619140625 1.0009412854350483 0.00015916324729817912
1328.6170043945312 0.9997537751943449 0.00015915014517303887
1328.6378784179688 0.9998998267073359 0.0001591380499872831
1328.65869140625 0.9994871309648248 0.00015913282702033013
1328.6795043945312 1.0001780003230967 0.00015911905372991526
1328.7003784179688 1.0003709651133958 0.00015910340414588856
1328.72119140625 0.9996046414760209 0.00015905799780937787
1328.7420043945312 1.0002436780231172 0.00015906291904422323
1328.7628784179688 0.999964885758382 0.0001590606062876012
1328.78369140625 0.9998803344781173 0.00015906903479787489
1328.8045043945312 0.9999132288886015 0.00015903848508606798
1328.8253784179688 1.0002395263371455 0.00015902301795578416
1328.84619140625 0.9996211253642049 0.0001590332438184777
1328.8670043945312 1.0008302349819804 0.00015901483619158946
1328.8878784179688 0.9996460646591067 0.00015899111890921668
1328.90869140625 0.999927224275631 0.0001589839047225846
1328.9295043945312 0.999977562335668 0.0001589262423466343
1328.9503784179688 1.000056683917484 0.0001588478870603756
1328.97119140625 0.9992196329261998 0.0001587836203689822
1328.9920043945312 1.000323096373282 0.0001587225697560586
1329.0128784179688 1.0006580738919484 0.00015870467331611786
1329.03369140625 0.9998225456213777 0.0001586656651433442
1329.0545043945312 1.0002450680567758 0.00015867715326299978
1329.0753784179688 0.9996561525870559 0.00015868886001786813
1329.09619140625 0.9996707480237564 0.0001587342693890895
1329.1170043945312 0.9999531924441161 0.00015874819688999238
1329.1378784179688 1.0000679405653845 0.00015875220942446002
1329.15869140625 1.0004761863574012 0.0001587450451538698
1329.1795043945312 1.0000557878783622 0.00015876823854359617
1329.2003784179688 0.9999539296038186 0.00015874406837821525
1329.22119140625 0.9994775462499299 0.00015878140907765335
1329.2420043945312 1.0002612736450058 0.0001587788484342645
1329.2628784179688 1.0001258979410175 0.0001587807229698006
1329.28369140625 1.0002968328739228 0.00015875909783673604
1329.3045043945312 0.999390945093714 0.00015867949050847913
1329.3253784179688 0.9999967687502025 0.00015863497472397108
1329.34619140625 0.9998854997013922 0.00015858854028561172
1329.3670043945312 1.0003552336305308 0.00015858012245410145
1329.3878784179688 1.000520130490917 0.00015856077350665573
1329.40869140625 0.999693016763509 0.00015854943355154006
1329.4295043945312 0.9998505023917308 0.00015856948097753173
1329.4503784179688 0.9994641218895383 0.00015854824060653117
1329.47119140625 1.0003029982027638 0.00015856806817598693
1329.4920043945312 1.0000123220497519 0.0001585338364089465
1329.5128784179688 1.0000371516616333 0.00015854199736741053
1329.53369140625 1.0000539726870796 0.00015859894454871382
1329.5545043945312 1.0000436965344082 0.000158664519085867
1329.5753784179688 1.0007174327485702 0.00015874450807670551
1329.59619140625 0.9994990929549379 0.0001588101752776567
1329.6170043945312 0.9994709621313328 0.00015885442800999766
1329.6378784179688 0.9999804216876825 0.0001588914715710017
1329.65869140625 1.0003239342863435 0.00015890330542551093
1329.6795043945312 1.0002101389713383 0.00015892093856338346
1329.7003784179688 1.0002310594662533 0.00015889769712597806
1329.72119140625 0.9995827304799664 0.00015885798198070594
1329.7420043945312 0.9994744338483652 0.00015883983737823945
1329.7628784179688 0.9999496198108669 0.00015884485001121986
1329.78369140625 1.0006558056208545 0.0001588247577746944
1329.8045043945312 1.0002305653278478 0.00015879539388592045
1329.8253784179688 1.0001529982324222 0.0001587674989154202
1329.84619140625 0.9993640090384952 0.00015876523235769995
1329.8670043945312 0.9999449511077995 0.00015875318092129317
1329.8878784179688 1.0000956604981022 0.0001587333242482888
1329.90869140625 1.0005198838938052 0.00015868517815951775
1329.9295043945312 0.9994938943005592 0.00015865417861234696
1329.9503784179688 1.0000030245280993 0.0001586351658989485
1329.97119140625 1.0002126087200576 0.00015857800024043767
1329.9920043945312 0.9999759366684392 0.00015850238826805002
1330.0128784179688 0.9994870902023303 0.0001584732736144058
1330.03369140625 1.0004034100948858 0.00015853689403659424
1330.0545043945312 1.0004857570622465 0.00015855291481069205
1330.0753784179688 1.0000017598400828 0.00015852022315356967
1330.09619140625 0.9994617215202549 0.0001585480498362686
1330.1170043945312 0.9990577205381238 0.0001585222970411648
1330.1378784179688 1.0009760124145104 0.0001585567577720828
1330.15869140625 1.0001335507790903 0.00015855267691385145
1330.1795043945312 1.0002726600132255 0.00015855715956164233
1330.2003784179688 0.999851984756701 0.00015858748866839572
1330.22119140625 1.0000111702687884 0.00015858266362712105
1330.2420043945312 0.9997064941107592 0.00015858061971219661
1330.2628784179688 0.9996775813599224 0.00015852620626765653
1330.28369140625 1.0000472528122597 0.00015851654562238252
1330.3045043945312 1.00046266399551 0.00015847162790722996
1330.3253784179688 1.0004552102514286 0.00015838085607492954
1330.3670043945312 0.9990876036151796 0.00015830802559453042
1330.3878784179688 1.0001690974790685 0.00015830876419485398
1330.40869140625 1.0003756873558185 0.00015831049091968584
1330.4295043945312 0.999943503939928 0.00015833112220651091
1330.4503784179688 0.9998039746389956 0.0001583465380514223
1330.47119140625 0.9999336319592157 0.00015829813970309696
1330.4920043945312 1.0002585898216465 0.00015836900668894744
1330.5128784179688 0.9998695656549177 0.0001584234472731462
1330.53369140625 0.9998750620462435 0.00015845736342293926
1330.5545043945312 1.00036660655488 0.0001584873745769999
1330.5753784179688 0.9998337845018543 0.0001585149045265192
1330.59619140625 0.9998649274042344 0.00015854669112279508
1330.6170043945312 1.000074954419077 0.00015855443150068782
1330.6378784179688 0.9987252041475012 0.0001585622161072605
1330.65869140625 0.9992346336350417 0.00015859257879394465
1330.6795043945312 0.9989193197859381 0.00015858174768851067
1330.7003784179688 0.9993291337003988 0.00015860084472827792
1330.72119140625 0.9998709624468985 0.00015861787649151666
1330.7420043945312 1.0000366145070834 0.00015862236593570288
1330.7628784179688 1.0001432508392867 0.00015865850889288337
1330.78369140625 1.0002613409587506 0.0001586746831388429
1330.8045043945312 0.9997976419012968 0.00015867747683567305
1330.8253784179688 0.9998644917347772 0.00015868856326695078
1330.84619140625 0.9997908694859821 0.0001586536820340487
1330.8670043945312 1.000089681181706 0.00015864993467279618
1330.8878784179688 1.0000574967979596 0.0001586077127515751
1330.90869140625 1.0003504876324187 0.0001585719188437839
1330.9295043945312 1.0001949581909777 0.00015855875414270482
1330.9503784179688 0.9993960663750742 0.00015849715422303537
1330.97119140625 0.9999607805825396 0.0001584993444077443
1330.9920043945312 1.0001833624785044 0.00015846679475314633
1331.0128784179688 0.9996753280178436 0.00015846543161443706
1331.03369140625 1.0005590094282515 0.00015847380328371847
1331.0545043945312 1.0004327204706696 0.0001584654330925491
1331.0753784179688 0.9991968168647108 0.00015846451665630124
1331.09619140625 0.999930308667271 0.00015848964672805373
1331.1170043945312 0.9999946542568366 0.00015852214357550465
1331.1378784179688 1.000169186785816 0.00015855407329597835
1331.15869140625 1.0007413848823845 0.00015856801904298273
1331.1795043945312 0.9991277633095635 0.00015855855234065867
1331.2003784179688 1.0000348480825645 0.00015855216395318334
1331.22119140625 1.0000890085582292 0.00015853872762021382
1331.2420043945312 0.9996357034191029 0.00015850947729318494
1331.2628784179688 1.0005820434526076 0.00015849703622629257
1331.28369140625 1.0002790221350037 0.00015845785137116983
1331.3045043945312 0.9998022817566673 0.0001584080939954548
1331.3253784179688 0.9998661163511915 0.00015835108844938976
1331.34619140625 0.9992197995415911 0.00015832098787896666
1331.3670043945312 1.00049463268634 0.00015832143514593603
1331.3878784179688 1.000859703845935 0.00015829309533472863
1331.40869140625 0.9997309695304971 0.0001582563776957345
1331.4295043945312 0.9991853600244237 0.00015822544446482845
1331.4503784179688 1.0000837305519683 0.00015826422308644122
1331.47119140625 1.0001714716850159 0.00015825229883159803
1331.4920043945312 1.000740155041173 0.0001583155718597738
1331.5128784179688 0.9994998426958237 0.00015829397825579047
1331.53369140625 0.9995461507976907 0.00015837910727171684
1331.5545043945312 1.000291825853561 0.0001584082427937631
1331.5753784179688 1.0002252128563154 0.00015847853353921957
1331.59619140625 1.0003068194206741 0.0001585599896217876
1331.6170043945312 0.9991534143507617 0.0001586007195173997
1331.6378784179688 1.0002684600381864 0.00015863696725345792
1331.65869140625 1.0005274057977331 0.00015868131501456533
1331.6795043945312 0.999213588501469 0.00015871834328130802
1331.7003784179688 1.0004663232731181 0.00015868875535426298
1331.72119140625 1.0001226205727822 0.00015872497251237573
1331.7420043945312 0.9998257075116591 0.00015869447174352065
1331.7628784179688 0.999678877564814 0.00015866315390178592
1331.78369140625 1.0004248979176664 0.0001586866820074498
1331.8045043945312 0.9998324649110688 0.0001586751893720379
1331.8253784179688 1.0001513761272611 0.00015868415319925268
1331.84619140625 0.9998420675911678 0.0001586794916354644
1331.8670043945312 0.9998966788817171 0.00015871596918272073
1331.8878784179688 1.000501030656397 0.0001587110985844148
1331.90869140625 0.9998134951580105 0.00015866885992597927
1331.9295043945312 0.9991926010636627 0.00015865481248215297
1331.9503784179688 1.0004733776351304 0.00015866679688884516
1331.97119140625 1.0004887621677725 0.00015865434755021096
1331.9920043945312 1.0003517263558983 0.00015867597214812477
1332.0128784179688 0.9990895706868598 0.00015864999133037515
1332.03369140625 0.9999139667228176 0.00015868135512002454
1332.0545043945312 1.0005712310180477 0.00015871868602376115
1332.0753784179688 0.9996408424716324 0.00015871298516695695
1332.09619140625 1.0000875432901417 0.00015871746329183106
1332.1170043945312 0.9999473404572351 0.00015873103331618343
1332.1378784179688 1.0003652678089596 0.00015878047505513043
1332.15869140625 0.9995986198317804 0.0001587851201904074
1332.1795043945312 1.0003146361405877 0.00015877923675386335
1332.2003784179688 0.9991576141671891 0.0001587933849550915
1332.22119140625 1.0004030689029326 0.00015881528155618993
1332.2420043945312 1.000807877806702 0.00015880784673895227
1332.2628784179688 0.9998715680876481 0.00015878780218994107
1332.28369140625 0.9994429845812128 0.00015875984522280046
1332.3045043945312 0.9997129633987347 0.00015871485417030722
1332.3253784179688 1.0000179688015542 0.00015869514249051015
1332.34619140625 1.00078723703493 0.00015864789989694224
1332.3670043945312 1.0000211979197826 0.00015859974542114358
1332.3878784179688 0.9995681458623914 0.00015851930605992505
1332.40869140625 0.9998756730458612 0.00015849631525632945
1332.4295043945312 0.9996900516089179 0.0001584558544980096
1332.4503784179688 1.0001904366791265 0.00015846329631547266
1332.47119140625 1.000855466725231 0.00015846244823991077
1332.4920043945312 0.99936480246329 0.00015850240085056396
1332.5128784179688 1.0003096750678013 0.00015857595053181148
1332.53369140625 0.9998173476335573 0.00015866416321154002
1332.5545043945312 0.9996757114848716 0.00015873688550702882
1332.5753784179688 0.9999113521939544 0.00015884484888364477
1332.59619140625 1.0001648482700987 0.000158902453765398
1332.6170043945312 1.0003920768020478 0.00015895242416026672
1332.6378784179688 1.0000565493900666 0.00015899932766516264
1332.65869140625 0.9998776734363414 0.00015900563999198797
1332.6795043945312 0.9994632424661674 0.0001590249549766718
1332.7003784179688 0.9998136161342843 0.0001590531642887126
1332.72119140625 1.000747889821686 0.00015903260875556194
1332.7420043945312 1.0004088668735887 0.00015901333567086201
1332.7628173828125 0.9992967284301694 0.0001589727186099007
1332.7836303710938 1.0001094468661 0.00015900567252899364
1332.8045043945312 1.0000962597192713 0.00015899372345444136
1332.8253173828125 0.9998894109674196 0.0001589559060242947
1332.8670043945312 0.9995299891408338 0.00015893585116727793
1332.8878173828125 0.9998946219603249 0.00015889509875415667
1332.9086303710938 1.0009339330982465 0.00015890038943881243
1332.9295043945312 1.0001748163293966 0.00015891801150919353
1332.9503173828125 1.0000916075668311 0.00015890161584882105
1332.9711303710938 0.9992289565068982 0.00015890599159472466
1332.9920043945312 0.9997317155084781 0.0001589069909413183
1333.0128173828125 1.0000389882678038 0.00015890653701241362
1333.0336303710938 1.0003787686048446 0.00015889556328624302
1333.0545043945312 1.0003730073092805 0.00015887780529237307
1333.0753173828125 0.9995806595386562 0.00015886152753540994
1333.0961303710938 0.9996684903177548 0.00015887140223048903
1333.1170043945312 1.0007075241901409 0.00015890323472232714
1333.1378173828125 0.9997059302072557 0.00015894037381122738
1333.1586303710938 1.00013054980943 0.0001589925525550972
1333.1795043945312 0.9995249589642646 0.00015904396510820162
1333.2003173828125 1.0003716760266266 0.00015905563630444648
1333.2211303710938 0.9999194378475806 0.0001590746147686012
1333.2420043945312 0.9999039618763256 0.00015906112154837092
1333.2628173828125 1.000142532803898 0.00015905607752292658
1333.2836303710938 0.999946178675057 0.00015903787491247266
1333.3045043945312 1.0001981786504253 0.00015902845425136167
1333.3253173828125 0.9997484671740478 0.00015896897157151836
1333.3461303710938 1.000609391346285 0.00015891234646165945
1333.3670043945312 0.9992353232736353 0.0001588446122283809
1333.3878173828125 1.0002064185188047 0.00015880101698405487
1333.4086303710938 1.000059519829686 0.0001587180634752801
1333.4295043945312 0.999838110739297 0.00015867142858802912
1333.4503173828125 0.9997707432505208 0.00015863489636728126
1333.4711303710938 1.000373082171361 0.0001586085864370133
1333.4920043945312 1.0001052702500473 0.00015862963676426702
1333.5128173828125 1.000182076029518 0.00015869432644768927
1333.5336303710938 0.999758766807916 0.00015874277584730575
1333.5545043945312 0.9997335965909395 0.0001588499375643103
1333.5753173828125 1.0002169168731394 0.00015894992812513163
1333.5961303710938 0.9999326620410068 0.0001590200548675821
1333.6170043945312 1.0001436678896192 0.0001590459247429899
1333.6378173828125 1.0000628486217154 0.0001591031542660228
1333.6586303710938 0.9995071524018195 0.00015912533423793334
1333.6795043945312 1.0003919542871167 0.00015914500189493993
1333.7003173828125 0.999752320676602 0.00015912526986300478
1333.7211303710938 1.0003988616880395 0.00015913946279973805
1333.7420043945312 1.000162970843425 0.00015911079838199483
1333.7628173828125 0.9994129055176185 0.00015909828130356355
1333.7836303710938 1.0002444934454011 0.00015913309202452526
1333.8045043945312 1.0002264563028629 0.0001590849550879418
1333.8253173828125 0.9997174412166332 0.0001590679710117931
1333.8461303710938 0.9997686201381972 0.00015905550857705215
1333.8670043945312 0.9998305471792936 0.0001589774052659093
1333.8878173828125 1.0006757492233862 0.00015900171161481545
1333.9086303710938 0.999960099339152 0.00015894902767948425
1333.9295043945312 0.9998997435045527 0.00015891893846810357
1333.9503173828125 0.9999633874040551 0.0001589042813528427
1333.9711303710938 0.9998486896336021 0.00015891072893802342
1333.9920043945312 1.0001734234981883 0.00015889357931959188
1334.0128173828125 1.0001898078576268 0.00015886350544674262
1334.0336303710938 0.9993016667521966 0.00015879908661201297
1334.0545043945312 1.0002440258231735 0.00015881203689093704
1334.0753173828125 1.000030463496752 0.00015882735259459103
1334.0961303710938 1.0005093006160126 0.00015882593107008634
1334.1170043945312 0.999950032812702 0.00015883004910929646
1334.1378173828125 0.9997311797478197 0.00015886849805359158
1334.1586303710938 0.999698355353897 0.00015888456754065171
1334.1795043945312 0.999887456798788 0.00015890724826765179
1334.2003173828125 1.000308392180152 0.00015887661800793095
1334.2211303710938 1.0001390292217165 0.00015890584732791433
1334.2420043945312 1.0001052504145658 0.00015891931192215704
1334.2628173828125 1.0002639038604857 0.0001588896968169508
1334.2836303710938 0.9998325592075457 0.0001588370908151522
1334.3045043945312 0.9992677730172399 0.0001587876874804975
1334.3253173828125 0.9999587529666698 0.00015873259635406034
1334.3461303710938 1.0002687170538007 0.0001586408501314106
1334.3670043945312 1.0008384488055977 0.00015854699278569176
1334.3878173828125 0.9995524036809932 0.0001584740218968924
1334.4086303710938 0.9997327262713507 0.00015842894968218988
1334.4295043945312 0.9999528098302913 0.00015839166565622388
1334.4503173828125 1.000433637898596 0.00015837423676298433
1334.4711303710938 0.9993659312638825 0.0001583605843699621
1334.4920043945312 1.0002626099278649 0.00015834480130721932
1334.5128173828125 1.0006501083264487 0.00015834875710436482
1334.5336303710938 0.9995316949210665 0.00015837755596548496
1334.5545043945312 0.9998616443511085 0.00015837674817456535
1334.5753173828125 0.9995096403268412 0.00015835843374746716
1334.5961303710938 1.0000403463598275 0.00015839685527470343
1334.6170043945312 1.0010214466956273 0.00015838733604102312
1334.6378173828125 0.9997552918338697 0.00015837047397361927
1334.6586303710938 0.9999601302055386 0.0001583838992319464
1334.6795043945312 0.9996407113918772 0.00015834220599273823
1334.7003173828125 0.9999348096293909 0.0001583103961385106
1334.7211303710938 0.9996870082123798 0.00015830770524932487
1334.7420043945312 1.000381005285549 0.00015820918668782742
1334.7628173828125 1.0008583413043985 0.00015816059837177345
1334.7836303710938 0.999248399851228 0.00015813323309403282
1334.8045043945312 1.0000272530292966 0.00015810598162212654
1334.8253173828125 1.0000390668173795 0.00015805284934093105
1334.8461303710938 0.9998480316196366 0.00015803545841258887
1334.8670043945312 0.9997991880425015 0.0001579601259273367
1334.8878173828125 1.000141012523567 0.00015789711757745523
1334.9086303710938 1.0005208370597218 0.00015788665557021756
1334.9295043945312 0.9996511008183095 0.00015781821353474696
1334.9503173828125 0.999901660082948 0.0001577560710091995
1334.9711303710938 1.000089631628075 0.00015773822826599653
1334.9920043945312 0.9982088933291636 0.00015755821633744188
1335.0128173828125 1.0000503992906444 0.00015766129631311263
1335.0336303710938 0.9999455626171097 0.00015763080723211933
1335.0545043945312 1.0000024988525338 0.0001575837704136977
1335.0753173828125 0.9997220646029238 0.00015753702776905604
1335.0961303710938 1.0004166770631777 0.00015755536606558546
1335.1170043945312 0.9999030917327185 0.000157521289568557
1335.1378173828125 1.0001434181451483 0.00015752571028116222
1335.1586303710938 0.999911772193136 0.00015749822778032583
1335.1795043945312 0.9997620633181927 0.0001574746784170936
1335.2003173828125 1.000110208079376 0.00015742304969529704
1335.2211303710938 0.9995801992499702 0.0001573570825704508
1335.2420043945312 1.0005280117204445 0.00015729966947791157
1335.2628173828125 1.000264979045761 0.0001572117363580403
1335.2836303710938 0.9997501137912103 0.00015712597279512355
1335.3045043945312 0.9995816435127323 0.0001570309604732921
1335.3253173828125 1.0003409788862632 0.00015695734429793608
1335.3670043945312 1.0002061940105615 0.00015682786892424918
1335.3878173828125 0.9998726780800009 0.0001567625768605755
1335.4086303710938 0.9994686953280818 0.00015673059101238345
1335.4295043945312 1.000510934717323 0.00015666716155647155
1335.4503173828125 1.0000379522369895 0.00015665356635134514
1335.4711303710938 0.9999714995210093 0.00015662566173973316
1335.4920043945312 0.999837746954143 0.0001565753803281323
1335.5128173828125 1.000387456546051 0.00015656425965327126
1335.5336303710938 0.9995258281474971 0.00015653239911482802
1335.5545043945312 0.9999922755467715 0.00015650531474748096
1335.5753173828125 1.000084786270084 0.00015653774972706805
1335.5961303710938 1.000025748312066 0.00015658630095657705
1335.6170043945312 1.000362148395896 0.00015639114126175886
1335.6378173828125 0.9997211947904255 0.00015633501239573007
1335.6586303710938 0.9993374480697117 0.00015631200250429352
1335.6795043945312 1.000026539139934 0.00015625546958833594
1335.7003173828125 1.0001857994932895 0.00015625620927037253
1335.7211303710938 1.0000407144183405 0.00015625764703707795
1335.7420043945312 0.9991763149766746 0.00015620582729087895
1335.7628173828125 1.0010837821470757 0.00015621228372453492
1335.7836303710938 0.999747303176699 0.00015622325300589562
1335.8045043945312 1.000173827827085 0.00015621406524122226
1335.8253173828125 1.0001584485518435 0.00015620926880129246
1335.8461303710938 0.999048646190254 0.00015621484983701508
1335.8670043945312 1.0005298573868724 0.0001562080576691407
1335.8878173828125 1.0001150351798078 0.00015620402243433297
1335.9086303710938 0.9997800182742428 0.0001561986892797833
1335.9295043945312 1.000127727373397 0.00015616347372210922
1335.9503173828125 0.9999871502134082 0.00015617692325601095
1335.9711303710938 0.9996963153066489 0.00015619049505763546
1335.9920043945312 1.0007617677565155 0.00015614057303974741
1336.0128173828125 0.999707194878425 0.0001561589487647445
1336.0336303710938 0.9994186707097563 0.0001561739213874117
1336.0545043945312 1.0004127190592929 0.00015621416607516204
1336.0753173828125 1.0004134288418367 0.000156217705546129
1336.0961303710938 0.9997996493508899 0.0001562331826590308
1336.1170043945312 0.9996372127768943 0.00015621797213432361
1336.1378173828125 0.9996904060444587 0.00015620310735852254
1336.1586303710938 1.0006769311818917 0.00015621252621599604
1336.1795043945312 0.9995720372096198 0.00015620061159882096
1336.2003173828125 1.000476336023595 0.000156189685005786
1336.2211303710938 0.9999947495243899 0.00015614295990033772
1336.2420043945312 0.9996914532315655 0.000156156441472387
1336.2628173828125 0.999483191288451 0.00015612232496236812
1336.2836303710938 1.0005211468359894 0.0001561112571547308
1336.3045043945312 1.0002573152398708 0.00015611655919120206
1336.3253173828125 0.9999135065004023 0.00015608912428739254
1336.3461303710938 0.9999518156660047 0.00015609240331408586
1336.3670043945312 0.9999564060321094 0.0001561246954358613
1336.3878173828125 1.0000381160240617 0.00015618942240757584
1336.4086303710938 1.0000763311288412 0.00015617116702791811
1336.4295043945312 0.9995175060307409 0.00015617194353659643
1336.4503173828125 1.0005043116655798 0.00015619354433511504
1336.4711303710938 0.9995764667420262 0.00015618585562676848
1336.4920043945312 1.0006426953174647 0.0001562182064196171
1336.5128173828125 0.9995052807374449 0.00015621480991924997
1336.5336303710938 1.0002988334684857 0.00015624769541690078
1336.5545043945312 0.9999210432842279 0.0001562218998849986
1336.5753173828125 0.9995586950310105 0.00015622156606468133
1336.5961303710938 1.000057558666483 0.00015620024981005153
1336.6170043945312 1.000012678566992 0.00015616640485674606
1336.6378173828125 1.0006077797422475 0.0001561715592322074
1336.6586303710938 0.9998711431771271 0.00015615749475000917
1336.679443359375 1.0000289088159138 0.00015618092851799002
1336.7002563476562 0.999640070853987 0.0001561206109398134
1336.7211303710938 0.9997266757949653 0.00015620370030830377
1336.741943359375 1.000525351045237 0.00015622098540654308
1336.7627563476562 1.0000145548742094 0.00015622087432230625
1336.7836303710938 1.0000918849051752 0.00015621197900782835
1336.804443359375 0.9993836145878677 0.000156209549043383
1336.8252563476562 1.0005039010697199 0.00015620269699151844
1336.8461303710938 0.9999009426422282 0.00015623155397382688
1336.866943359375 0.9999096972988657 0.00015620026132589991
1336.8877563476562 0.9999572281730756 0.00015616843645440944
1336.9086303710938 0.9999811510755934 0.00015616244525827583
1336.929443359375 1.0000252084116565 0.0001561803722459612
1336.9502563476562 1.0002406281261509 0.00015617767159582173
1336.9711303710938 0.9997981251539847 0.000156171521148817
1336.991943359375 1.0003995354311968 0.0001562036102163501
1337.0127563476562 0.9998412457001012 0.00015620921125351073
1337.0336303710938 0.9996040031603638 0.00015623462859728533
1337.054443359375 0.9998283151934987 0.00015626095505634174
1337.0752563476562 1.0006868127307997 0.00015628226612178522
1337.0961303710938 1.0002720486786811 0.00015628649376848864
1337.116943359375 0.9993783900092114 0.00015625491701272954
1337.1377563476562 0.9994280042056121 0.00015624659226553435
1337.1586303710938 1.0005235773485397 0.00015622726991898633
1337.179443359375 0.9995268418439694 0.0001561773231606113
1337.2002563476562 1.0008503271397418 0.00015615015761214363
1337.2211303710938 0.9998009547950637 0.0001561490341517442
1337.241943359375 1.0001059338022915 0.00015615626015219025
1337.2627563476562 1.0004862235171228 0.0001562059248195592
1337.2836303710938 0.9991443377956253 0.00015622048928437633
1337.304443359375 1.0001873979681102 0.0001562736757957233
1337.3252563476562 0.9995988456805266 0.00015626522832360852
1337.3461303710938 1.0004083837922328 0.00015628428732269455
1337.366943359375 1.0000465817788466 0.0001562886743174061
1337.3877563476562 0.9999061993093664 0.00015624140263695554
1337.4086303710938 1.0002193848233139 0.0001561951916307794
1337.429443359375 0.9995086590368192 0.00015621960559640332
1337.4502563476562 0.9999073447199494 0.00015622006991252604
1337.4711303710938 1.00094169132231 0.00015618253039548704
1337.491943359375 0.999815247893525 0.0001562052364228054
1337.5127563476562 0.9992856659949548 0.00015623525134022092
1337.5336303710938 1.0004108527703457 0.0001562115781787107
1337.554443359375 0.9997916295857808 0.00015626493744851503
1337.5752563476562 1.0001421277855527 0.0001562607149658035
1337.5961303710938 1.0000900690561623 0.00015621096820833783
1337.616943359375 0.9998789125079298 0.00015621684042962518
1337.6377563476562 0.9998103054786106 0.00015623760493122297
1337.6586303710938 1.00074799345181 0.00015625266006908935
1337.679443359375 0.999589231563909 0.0001562330648078839
1337.7002563476562 0.9995359775281876 0.0001562599817721086
1337.7211303710938 1.0003814670642832 0.00015622694887872313
1337.741943359375 0.9996882417314139 0.0001562389821048799
1337.7627563476562 1.00057642190793 0.00015624236072844742
1337.7836303710938 0.999430857549596 0.00015620786697553062
1337.804443359375 1.0005813819622262 0.00015622796262641567
1337.8252563476562 0.999910918625343 0.00015621048113530661
1337.866943359375 0.9995470594062753 0.00015622500166700493
1337.8877563476562 0.9999951458852088 0.00015626474320925809
1337.9086303710938 1.000269286485429 0.00015626880561973213
1337.929443359375 1.0006355469792556 0.00015628542994899528
1337.9502563476562 0.9989910867539569 0.00015629277926877252
1337.9711303710938 1.0000984809052376 0.00015631865813047873
1337.991943359375 1.000464162216021 0.00015632785893920727
1338.0127563476562 0.999920988738387 0.00015633150179873397
1338.0336303710938 0.9999170385209123 0.00015632412936305578
1338.054443359375 0.9994201454783829 0.00015628565746643062
1338.0752563476562 1.0006872307378214 0.0001563195927852277
1338.0961303710938 0.9997473517335594 0.00015632362935098153
1338.116943359375 1.0002910692036902 0.0001563172386896713
1338.1377563476562 1.0002941715713358 0.0001563269306103691
1338.1586303710938 0.9993337769390194 0.00015633727396224456
1338.179443359375 0.9998620350592793 0.00015635364390358746
1338.2002563476562 1.0002895172694508 0.00015634485498358756
1338.2211303710938 0.999867927639767 0.0001563552684074043
1338.241943359375 0.9999435681775929 0.00015631912172981729
1338.2627563476562 1.0008294738823758 0.00015632229769520442
1338.2836303710938 0.9994733579758768 0.00015636063892526404
1338.304443359375 0.9998277637034931 0.0001563567441661606
1338.3252563476562 1.0002477902152151 0.00015636511984303363
1338.3461303710938 0.9994736587945031 0.00015635375537753708
1338.366943359375 1.0002831819391569 0.00015631117898394007
1338.3877563476562 1.0001456283268448 0.00015628483276263185
1338.4086303710938 0.9998579960737779 0.00015625671054760767
1338.429443359375 1.000027949257237 0.00015626132349036846
1338.4502563476562 1.0002771701759672 0.00015623776827784682
1338.4711303710938 0.9999199458491952 0.00015622967881696417
1338.491943359375 0.9998351567316305 0.0001561775751039175
1338.5127563476562 1.0000568997969954 0.00015618245703983674
1339.679443359375 0.999756905946889 0.00015589449026073192
1339.7002563476562 1.0006866022599539 0.00015591584937909447
1339.7211303710938 0.9992521592402277 0.00015592345480891634
1339.741943359375 1.0002190270707247 0.00015593075463293525
1339.7627563476562 1.0002710778676258 0.00015593283817443406
1339.7836303710938 0.9998776778709934 0.00015594588032361741
1339.804443359375 1.0000670807018401 0.00015596629978325123
1339.8252563476562 0.9997196298047707 0.00015601965619939666
1339.8461303710938 1.000679353774173 0.00015606717448016298
1339.866943359375 0.9991753216488406 0.00015610123168591987
1339.8877563476562 1.0000882983895376 0.000156170217590956
1339.9086303710938 1.0002243766630194 0.0001562526311646133
1339.9293823242188 1.0001717643945935 0.0001563713847979928
1339.9502563476562 1.0000886268876872 0.000156499399230249
1339.9710693359375 0.999646771277451 0.00015656033330292246
1339.9918823242188 0.9998946594161728 0.0001566689487679136
1340.0127563476562 1.0003955059324894 0.00015676059849703504
1340.0335693359375 0.9998922631893045 0.00015683831409711208
1340.0543823242188 1.000220253195406 0.00015693564001364855
1340.0752563476562 0.9992798600540179 0.00015699765475997045
1340.0960693359375 1.0005163438897693 0.00015707355925667735
1340.1168823242188 0.9998368541280714 0.00015710570942091575
1340.1377563476562 0.9998707667871528 0.00015716487224995957
1340.1585693359375 1.0005420750849054 0.00015722820578324844
1340.1793823242188 0.9996999683013219 0.000157308470459861
1340.2002563476562 1.0003267111098302 0.00015744543643908402
1340.2210693359375 0.9995885239449228 0.00015746375293992237
1340.2418823242188 0.9997421525880067 0.00015754660127457914
1340.2627563476562 0.9999106620514653 0.00015762085086119156
1340.2835693359375 1.0005771866395665 0.00015766245745974636
1340.3043823242188 1.0002632399813292 0.00015771750554905169
1340.3252563476562 0.9992921540157573 0.0001577099144738382
1340.3460693359375 1.0000610059127533 0.00015777710972079606
1340.3668823242188 1.0004025813278123 0.00015782785286900259
1340.3877563476562 0.9997987299975379 0.00015784798479495733
1340.4085693359375 0.9998881498634203 0.0001578955508659676
1340.4293823242188 0.9985169483803679 0.00015793686434670208
1340.4502563476562 1.0002897610110535 0.00015799356122184224
1340.4710693359375 0.999849331783213 0.00015806069947854644
1340.4918823242188 1.0001306056386416 0.00015820117406395
1340.5127563476562 0.9999055015615592 0.00015826434972512313
1340.5335693359375 0.999755419990686 0.00015833739563918557
1340.5543823242188 1.0001743972228063 0.0001583692759412883
1340.5752563476562 0.999807235167957 0.00015838215016860324
1340.5960693359375 1.0003529752342608 0.00015836892566229333
1340.6168823242188 1.0000881020973906 0.0001583528953678966
1340.6377563476562 0.9998087864836201 0.00015832666278114895
1340.6585693359375 0.9996045426918897 0.0001582590681788054
1340.6793823242188 0.9998556742390786 0.0001582403038442461
1340.7002563476562 0.9991213533449238 0.00015826139688237907
1340.7210693359375 0.9993459227869546 0.00015825307428163506
1340.7418823242188 0.9999562613746542 0.0001582925033816012
1340.7627563476562 1.0001021074759693 0.00015836033307679224
1340.7835693359375 1.0000498609352184 0.00015843430957947755
1340.8043823242188 0.9998839537192165 0.00015851611989965207
1340.8252563476562 0.9995783029443503 0.00015854971229589787
1340.8460693359375 1.0004214644300973 0.00015856798579179035
1340.8668823242188 1.0003714795914622 0.0001585358839920683
1340.8877563476562 0.9996669663303683 0.0001585194915607256
1340.9085693359375 0.9999153233501472 0.00015847899953579583
1340.9293823242188 1.0000306234069067 0.00015846782075902525
1340.9502563476562 1.000432380270739 0.00015843623323485073
1340.9710693359375 0.9994062237109321 0.00015836577047195234
1340.9918823242188 0.999929958953452 0.00015833000867619256
1341.0127563476562 1.0000333755225164 0.00015834713780494623
1341.0335693359375 1.0002491472512303 0.00015838585871181374
1341.0543823242188 1.0005089605283999 0.00015842445258043588
1341.0752563476562 0.9992700205522959 0.00015846810937119097
1341.0960693359375 1.0001978194486885 0.00015850257237651303
1341.1168823242188 1.0000217952371029 0.00015849893626988207
1341.1377563476562 0.999864161564812 0.00015850740076241764
1341.1585693359375 1.0002074337873377 0.0001584761711356043
1341.1793823242188 1.0000920843020775 0.00015843221627469338
1341.2002563476562 0.9999227473626618 0.00015842312719193907
1341.2210693359375 0.9995313937550786 0.00015838977368120964
1341.2418823242188 1.0004476974626215 0.00015838788789224837
1341.2627563476562 0.9998420992664712 0.0001584202125074722
1341.2835693359375 1.0004907372300218 0.0001583533832874542
1341.3043823242188 0.9997912258373032 0.00015831752711469526
1341.3252563476562 0.9994816239977796 0.0001583015940318588
1341.3460693359375 1.0002240387691852 0.000158320667179235
1341.3668823242188 1.0000458738098184 0.00015833173873700364
1341.3877563476562 1.0017373610416986 0.0001583760014757217
1341.4085693359375 1.0003519679343025 0.00015845420695657423
1341.4293823242188 0.9994604547503086 0.00015841454045072313
1341.4502563476562 1.000293670196169 0.0001584623371603575
1341.4710693359375 0.9996949065812221 0.0001584914890111046
1341.4918823242188 1.0000868348803325 0.0001585398269941465
1341.5127563476562 1.0003913654484693 0.00015857948515904795
1341.5335693359375 1.0000365012852233 0.0001586400104747216
1341.5543823242188 0.999675801862743 0.0001586881412075571
1341.5752563476562 0.9997811747701427 0.00015872782466040163
1341.5960693359375 1.0002373792484371 0.00015875625965633847
1341.6168823242188 1.0002253346989594 0.00015873122697349692
1341.6377563476562 0.9999937655746708 0.00015868154942346856
1341.6585693359375 0.9998149457460046 0.0001586403213683423
1341.6793823242188 0.9997761624703038 0.0001585821046720899
1341.7002563476562 1.0005480046797575 0.0001584999915050195
1341.7210693359375 0.9995736786795775 0.0001585195483987097
1341.7418823242188 1.000016477389416 0.00015849040978744384
1341.7627563476562 1.0002120059940476 0.0001584780939733051
1341.7835693359375 0.9997519774846894 0.00015848589200364828
1341.8043823242188 1.0004810281279646 0.00015849802521433393
1341.8252563476562 0.9993042610967516 0.00015846125621562534
1341.8460693359375 1.000185155640198 0.00015844421333793132
1341.8668823242188 0.9999430777903059 0.00015836978437952178
1341.8877563476562 1.0000923750589081 0.00015829055538792101
1341.9085693359375 1.000657922375141 0.00015820340381804437
1341.9293823242188 0.9997882415952343 0.0001581395868307196
1341.9502563476562 0.9994529071405558 0.00015807675779100437
1341.9710693359375 1.0001752812641322 0.00015800977427002803
1341.9918823242188 1.0000795023787195 0.0001579346387283806
1342.0127563476562 1.0000850154721503 0.0001579140135031204
1342.0335693359375 0.9994979301070381 0.00015787661039463403
1342.0543823242188 1.0002183235352287 0.0001578992437291881
1342.0752563476562 1.0003912358588525 0.00015792068585676185
1342.0960693359375 0.9996163701940596 0.00015797303285340936
1342.1168823242188 1.0009602765723424 0.00015801664782782312
1342.1377563476562 0.998861862970857 0.0001580312393420482
1342.1585693359375 1.0000842351847041 0.00015804061647507736
1342.2210693359375 1.0003807657839205 0.00015797829522552336
1342.2418823242188 0.9998061645540968 0.00015791927410446736
1342.2627563476562 0.999417342247211 0.00015784796063850176
1342.2835693359375 1.0008031486356948 0.00015779793843500938
1342.3043823242188 1.0004481708986142 0.00015775755058092505
1342.3252563476562 0.9998247361004075 0.00015771335817399548
1342.3460693359375 0.9995372368058804 0.00015770245092029496
1342.3668823242188 0.9995677860990627 0.000157674669168039
1342.3877563476562 1.0000747469229918 0.00015769137528062914
1342.4085693359375 1.0006188204792454 0.00015774827232905203
1342.4293823242188 0.9997273285364099 0.0001577381586923125
1342.4502563476562 1.000415822052736 0.0001577850921277811
1342.4710693359375 0.9998863850462496 0.00015782015513901576
1342.4918823242188 0.999275372363177 0.0001578814692115708
1342.5127563476562 1.0004653179877552 0.00015793372192096433
1342.5335693359375 0.9997250837497166 0.0001579831166816153
1342.5543823242188 1.0007504045273599 0.00015803182943314485
1342.5752563476562 0.999499680324029 0.00015798689312462681
1342.5960693359375 0.9999500454511683 0.00015802203617883964
1342.6168823242188 0.9995425724383025 0.00015800662514579017
1342.6377563476562 1.0006245129965476 0.0001580183204599271
1342.6585693359375 1.0004029390443367 0.00015803481246409945
1342.6793823242188 0.9995301614803156 0.00015796947434092523
1342.7002563476562 1.0002117724835282 0.00015797710046006766
1342.7210693359375 0.999626645778542 0.00015793647955590753
1342.7418823242188 1.0000410453444506 0.00015793072129232312
1342.7627563476562 0.9997529006350195 0.00015788550458249
1342.7835693359375 1.0003885643384123 0.00015788244391204463
1342.8043823242188 1.000043860291173 0.00015783987148252666
1342.8252563476562 0.9999426872410072 0.00015781675928112026
1342.8460693359375 1.0002151959966568 0.00015780165936819224
1342.8668823242188 0.9992698264502234 0.0001577869178712922
1342.8877563476562 1.0007303289283982 0.00015778177284044603
1342.9085693359375 1.000170264825033 0.00015774715304056123
1342.9293823242188 0.9993220896246015 0.00015766670008034628
1342.9502563476562 1.000054307146347 0.0001576080409779104
1342.9710693359375 1.0003631708827798 0.00015753399151280522
1342.9918823242188 1.0000958417085686 0.0001574464379544956
1343.0127563476562 0.9995393145943702 0.00015738921286577326
1343.0335693359375 1.0001120446515301 0.00015736964771534097
1343.0543823242188 1.0001159020699775 0.00015737153987518363
1343.0752563476562 0.9998507654841637 0.00015740054192166334
1343.0960693359375 1.0003431200581463 0.00015740650162047
1343.1168823242188 0.9999718741353107 0.00015740008425833943
1343.1377563476562 0.999792197900177 0.00015747285105057954
1343.1585693359375 0.9995457055294926 0.0001574579125469728
1343.1793823242188 1.0004987790119981 0.0001574910450110252
1343.2001953125 1.0002158455133834 0.00015746756945033368
1343.2210083007812 0.9997029938127087 0.0001574547553226958
1343.2418823242188 1.0003562946898767 0.00015741180100603249
1343.2626953125 0.9993525012182098 0.00015731950010667846
1343.2835083007812 1.0006864884949158 0.00015732816107018086
1343.3043823242188 0.999172155727027 0.0001572964118986268
1343.3251953125 1.0005151293107188 0.00015726198015155043
1343.3460083007812 1.000603765548044 0.00015722007135291513
1343.3668823242188 0.9993730105744824 0.0001571987382644245
1343.3876953125 0.9998743044045121 0.00015719231811970187
1343.4085083007812 0.9998997065208983 0.00015721755646235525
1343.4293823242188 1.0001258538205309 0.00015723894462363905
1343.4501953125 1.0005512563812906 0.00015725123450426644
1343.4710083007812 0.9995599102693763 0.00015721851615568748
1343.4918823242188 0.9993070630229351 0.00015724301622608048
1343.5126953125 1.000579175797864 0.0001572967614457682
1343.5335083007812 1.0002019924193901 0.00015735262199720833
1343.5543823242188 1.0004298385851498 0.0001573361179222989
1343.5751953125 0.9997654056104769 0.0001573934642692666
1343.5960083007812 0.9989707228942633 0.0001574180287482225
1343.6168823242188 1.0009540160496824 0.0001574811484445811
1343.6376953125 0.9996951615587012 0.00015752292621090084
1343.6585083007812 1.0004879243869649 0.00015751191810197532
1343.6793823242188 0.9995009518650034 0.00015749454369457205
1343.7001953125 1.0000661798338395 0.00015748798408859454
1343.7210083007812 0.9999351784976025 0.00015746381307248198
1343.7418823242188 1.0001250718216013 0.0001574268245788377
1343.7626953125 1.000125920723298 0.000157425555747823
1343.7835083007812 0.9994965693993296 0.00015736310294472614
1343.8043823242188 1.0005232546526974 0.00015733544559787377
1343.8251953125 0.9996903973168846 0.0001573186966304021
1343.8460083007812 0.9999101568336503 0.0001572863215767088
1343.8668823242188 1.0003114193108489 0.00015727878870940693
1343.8876953125 0.99977652451636 0.00015727154573237602
1343.9085083007812 1.0004442279222066 0.00015732605943723224
1343.9293823242188 1.0002821233678418 0.0001572795098442051
1343.9501953125 0.9994709043374541 0.00015726467487793292
1343.9710083007812 0.999851727911236 0.00015722596174304202
1343.9918823242188 0.9996104409494443 0.0001571311987739988
1344.0126953125 1.0004030194567077 0.00015712017714381322
1344.0335083007812 0.9999837800237644 0.00015704891528481847
1344.0543823242188 0.9999844511879115 0.00015699658164056559
1344.0751953125 1.0004319632934597 0.00015699490797044187
1344.0960083007812 0.9995367930026048 0.00015700650716770227
1344.1168823242188 1.0003037592231558 0.00015703585192593564
1344.1376953125 0.9998032286244807 0.000157040201960896
1344.1585083007812 0.9998793899890834 0.00015705498401579686
1344.1793823242188 0.9999741390266572 0.00015709376915912427
1344.2001953125 1.0003978113892054 0.00015710590359565492
1344.2210083007812 1.0002490062104943 0.0001571192392829706
1344.2418823242188 0.9998131849420652 0.00015708267925488838
1344.2626953125 0.9995053025246352 0.00015695032327682848
1344.2835083007812 0.9996607827621982 0.00015694608979546196
1344.3043823242188 1.0005954722374935 0.00015686438507101904
1344.3251953125 0.9999082735907306 0.00015680445663371017
1344.3460083007812 0.9999704972824324 0.00015671434724912956
1344.3668823242188 1.0002095543570435 0.00015664936869111664
1344.3876953125 0.9997596061113639 0.00015667548982175136
1344.4085083007812 1.0000346812886827 0.0001566939015264682
1344.4293823242188 1.000378908410087 0.00015671585679068599
1344.4501953125 1.0001079132365902 0.00015672877833037893
1344.4710083007812 0.999365501694399 0.00015681828551977254
1344.4918823242188 0.9997891383106177 0.00015685808282147026
1344.5126953125 1.000775166095696 0.00015691707745269198
1344.5335083007812 0.9995796706225514 0.0001568941806805571
1344.5543823242188 0.9995175845009479 0.0001569712772933218
1344.5751953125 1.0005778136060839 0.00015700446054858273
1344.5960083007812 1.0004309197286159 0.00015703083526861375
1344.6168823242188 0.9997150188864711 0.00015707732948640082
1344.6376953125 0.9994952544806028 0.00015710256521434378
1344.6585083007812 1.000667410432853 0.0001571431705819524
1344.7210083007812 1.0003809461817244 0.00015714856718807135
1344.7418823242188 0.999123541856314 0.00015710739885046435
1344.7626953125 0.9994487783831676 0.00015707658067251262
1344.7835083007812 1.0003640437554333 0.0001570563406666782
1344.8043823242188 1.0002789478423109 0.0001570475622597019
1344.8251953125 1.0002333301897424 0.00015702958890169105
1344.8460083007812 1.000303507908885 0.00015696549035483986
1344.8668823242188 0.999573872675006 0.0001569815696297626
1344.8876953125 0.9998418442743036 0.0001570067251991627
1344.9085083007812 1.0001276896921771 0.0001569666267804887
1344.9293823242188 1.000211672752494 0.00015693749868588486
1344.9501953125 0.9996835171836905 0.00015691915599340598
1344.9710083007812 0.9998224114551063 0.00015683501944602018
1344.9918823242188 1.000375115860063 0.00015680846266276222
1345.0126953125 0.9999425532449729 0.0001567591482012512
1345.0335083007812 0.9996574891248132 0.0001567523505559949
1345.0543823242188 1.0007652895271817 0.0001567403467903829
1345.0751953125 0.9994760539481233 0.00015674651359819312
1345.0960083007812 1.0002535469384328 0.0001568108170721419
1345.1168823242188 0.9996052765070366 0.00015685291627167677
1345.1376953125 1.0001450208405134 0.00015683792440661539
1345.1585083007812 1.000047573205311 0.00015684919731436897
1345.1793823242188 0.9995135188951285 0.0001568426332725074
1345.2001953125 1.0005465838923222 0.00015688615751602224
1345.2210083007812 1.0004298078454743 0.00015684369052083795
1345.2418823242188 1.0000045164866038 0.0001568380753455583
1345.2626953125 0.9995294178055276 0.0001568027962943813
1345.2835083007812 0.9996886693672623 0.00015673695375272408
1345.3043823242188 0.9998117277781446 0.00015670746982441962
1345.3251953125 1.0003252417880713 0.00015667287645426684
1345.3460083007812 1.0002767232951562 0.00015662801966055987
1345.3668823242188 1.000143149825429 0.00015659238399923654
1345.3876953125 1.000224602165309 0.00015660253005523908
1345.4085083007812 0.9992232895431816 0.00015661646010719306
1345.4293823242188 1.0004868638152502 0.00015668218774235514
1345.4501953125 0.9996254264605443 0.00015667201171801572
1345.4710083007812 1.00003816677483 0.0001567164521432885
1345.4918823242188 1.0001180089160822 0.0001567447721316714
1345.5126953125 0.9996066420593032 0.00015678988269440352
1345.5335083007812 1.0008529384690885 0.00015684294449522132
1345.5543823242188 0.999467268108903 0.00015688163075945591
1345.5751953125 1.00013911958436 0.00015695854719032065
1345.5960083007812 1.0000264567797377 0.0001570335826526498
1345.6168823242188 1.0000455307510154 0.0001570649858899968
1345.6376953125 0.9999117661891904 0.00015710690714359574
1345.6585083007812 0.9998334985032618 0.00015709926338192777
1345.6793823242188 0.9995562502347087 0.0001570853844013246
1345.7001953125 1.0006708646053453 0.00015706111438239083
1345.7210083007812 0.9996819479833424 0.0001570435650957148
1345.7418823242188 1.0002168449853563 0.00015705959959974304
1345.7626953125 1.0002332053547096 0.00015706855313273678
1345.7835083007812 0.9993301015431045 0.00015707252561160019
1345.8043823242188 1.0000850077413235 0.00015707630830296833
1345.8251953125 1.0005921484324727 0.0001570665220952377
1345.8460083007812 0.9997152480691903 0.00015705525169429124
1345.8668823242188 0.999852622990693 0.0001570247729260133
1345.8876953125 0.999740454717695 0.00015701140193436145
1345.9085083007812 1.0005429675140436 0.00015700610649690156
1345.9293823242188 0.9999073819856815 0.00015701279865585382
1345.9501953125 0.9997477393059262 0.0001569929536434741
1345.9710083007812 0.9997720245019962 0.0001569695687297573
1345.9918823242188 1.000286424727465 0.00015700814484981095
1350.0126342773438 0.9998275766074318 0.0001558180155148361
1350.033447265625 0.9997467613882104 0.00015577702334909887
1350.0542602539062 1.0008698257268065 0.00015571672522810874
1350.0751342773438 0.9997661766780068 0.00015567695019691563
1350.095947265625 1.000136812966744 0.0001556412298185484
1350.1167602539062 0.999456586589364 0.00015558413840044722
1350.1376342773438 1.0001289500831965 0.00015555630607349
1350.158447265625 0.9999457136415828 0.0001555560938359969
1350.1792602539062 1.0002729940312578 0.00015547534132058827
1350.2001342773438 1.0000729515542053 0.00015548162746264574
1350.220947265625 1.0003334205864383 0.00015546834578371977
1350.2417602539062 0.9992520975422143 0.00015545260060153572
1350.2626342773438 1.0004631937709294 0.00015543670264415175
1350.283447265625 0.9993596714204195 0.0001554558432412072
1350.3042602539062 1.000525997271387 0.00015545715133058629
1350.3251342773438 1.0003026205562116 0.00015541387743782056
1350.345947265625 0.9996603848135314 0.00015539871384118303
1350.3667602539062 0.9993726905791479 0.0001553904929005017
1350.3876342773438 1.0002796019011002 0.00015538328104638114
1350.408447265625 1.0010075816880004 0.0001553926436119169
1350.4292602539062 0.9996123771728689 0.0001553834576913844
1350.4501342773438 0.9992964191366981 0.0001553491118407101
1350.470947265625 1.0000681019293955 0.00015533089925650232
1350.4917602539062 1.0002862437428777 0.00015535663673163912
1350.5126342773438 0.9999846627483754 0.00015537970850180153
1350.533447265625 1.000414775232969 0.00015534939977253633
1350.5542602539062 0.9999544355392244 0.00015541048267073967
1350.5751342773438 0.9995423439078667 0.00015540158886005146
1350.595947265625 0.9996474962360353 0.00015540328173623078
1350.6167602539062 0.9999698345984956 0.00015540006828949682
1350.6376342773438 0.9998405503388961 0.0001554505818444223
1350.658447265625 1.0003946572451348 0.000155490590758474
1350.6792602539062 0.9999690100972859 0.0001554999437286978
1350.7001342773438 1.0001988019006993 0.00015547950639495625
1350.720947265625 1.000166809842872 0.0001554629080204175
1350.7417602539062 0.999935601888331 0.0001554410910825063
1350.7626342773438 1.000008126442606 0.0001554630437121204
1350.783447265625 1.0000718787988518 0.00015549352460995287
1350.8042602539062 1.0003901513321647 0.00015551789369020055
1350.8251342773438 0.9995781079713691 0.00015548947697656586
1350.845947265625 0.9993718203199281 0.00015548422372742564
1350.8667602539062 1.0005026231416314 0.00015547666920393265
1350.8876342773438 0.9997589148731644 0.00015543127886275215
1350.908447265625 0.9996254357335725 0.00015542831527197708
1350.9292602539062 1.000842643649899 0.00015540134759513486
1350.9501342773438 0.9998059741102664 0.00015536622108986667
1350.970947265625 1.0002052036722835 0.00015538398619532694
1350.9917602539062 0.9997227253845502 0.00015537567272694267
1351.0126342773438 0.9999887859804705 0.00015537987196183775
1351.033447265625 1.0002122607191024 0.0001554307010491918
1351.0542602539062 0.9997385450342956 0.00015536701130164902
1351.0751342773438 0.9993616120867352 0.00015534844141217957
1351.095947265625 1.0004724008480579 0.00015538396112641314
1351.1167602539062 1.0004083295005426 0.0001553659605124888
1351.1376342773438 1.0005384347408623 0.00015536274275895493
1351.158447265625 0.9991595626061395 0.00015539804728514737
1351.1792602539062 0.9997690431698616 0.0001553983624684374
1351.2001342773438 1.0004024302363026 0.00015543997605016043
1351.220947265625 0.9997988848960612 0.00015547047469413326
1351.2417602539062 1.000223101527076 0.00015545962729452794
1351.2626342773438 1.00038911762346 0.0001554292184520821
1351.283447265625 0.999257404366761 0.00015547630212420197
1351.3042602539062 0.999817797954286 0.00015546356819295208
1351.3251342773438 1.0007580467779753 0.00015545457469442458
1351.345947265625 0.9999722038917758 0.00015546693197644856
1351.3667602539062 0.9996177089340099 0.00015547888315606615
1351.3876342773438 0.9999409398538189 0.00015544444805147163
1351.408447265625 1.0001471665337485 0.00015540799520615976
1351.4292602539062 0.9996338815258471 0.00015539268797043362
1351.4501342773438 1.0002126883830762 0.0001553553676988878
1351.470947265625 1.000487021716526 0.0001553588688491308
1351.4917602539062 1.0000753759562686 0.00015533480397355085
1351.5125732421875 0.9996837484205123 0.00015536703185693105
1351.5333862304688 0.9994483899835175 0.00015533026037352736
1351.5542602539062 1.0005316744888098 0.00015535864493744958
1351.5750732421875 0.9998633466007386 0.00015539219264688157
1351.5958862304688 0.9998786534297629 0.00015537909556967468
1351.6167602539062 1.000516549004683 0.00015536658254203782
1351.6375732421875 1.000125777474236 0.00015538983630368727
1351.6583862304688 0.9994823237680409 0.00015541965971243798
1351.6792602539062 0.9996481404441866 0.000155412582298094
1351.7000732421875 1.000484316077176 0.00015539623295962436
1351.7208862304688 0.9997873829762484 0.0001554021083299103
1351.7417602539062 1.0002496378764998 0.00015537533543237436
1351.7625732421875 0.999869510964008 0.00015535862639594846
1351.7833862304688 0.9987149899517549 0.00015531821017491373
1351.8042602539062 1.0017120139154625 0.00015537506891127143
1351.8250732421875 1.000014651057653 0.00015531986265603472
1351.8458862304688 1.0000741886654896 0.0001553773506664131
1351.8667602539062 0.9998265550094738 0.0001553584610558276
1351.8875732421875 1.0003874126732473 0.00015533554235918945
1351.9083862304688 0.9994945801450421 0.0001553527290638829
1351.9292602539062 1.0002433347842798 0.0001553727843531174
1351.9500732421875 1.0000788255257531 0.00015537299266516768
1351.9708862304688 0.9999839407211791 0.00015538068025798288
1351.9917602539062 0.9999956885348109 0.00015538239930282548
1352.0125732421875 0.9998143530336153 0.00015537792549717052
1352.0333862304688 1.000086474465921 0.0001554038728348266
1352.0542602539062 0.9984337291130978 0.00015540352594420277
1352.0750732421875 0.9998129854943049 0.00015540598103538564
1352.0958862304688 1.0006584261016094 0.00015541814037238553
1352.1167602539062 0.9995090837870021 0.00015540769732007973
1352.1375732421875 0.9999994323001598 0.00015538301864442066
1352.1583862304688 0.9998158598860865 0.00015540017946440407
1352.2208862304688 1.0000151590740938 0.0001553869164361432
1352.2417602539062 1.0001450121719828 0.0001553713376208095
1352.2625732421875 1.000412145349534 0.00015538135038364916
1352.2833862304688 1.000130416435731 0.00015538085568191442
1352.3042602539062 0.9992423009552592 0.0001553966390429851
1352.3250732421875 1.0002558605635397 0.0001554067701293186
1352.3458862304688 0.999633796046199 0.0001554011545700163
1352.3667602539062 1.0005069254321746 0.00015545399388561704
1352.3875732421875 0.9999472466347971 0.00015545459139318688
1352.4083862304688 1.0003588655030018 0.00015545310258187797
1352.4292602539062 0.9998799447727416 0.00015546959585461658
1352.4500732421875 0.9992524702973028 0.00015547424191127254
1352.4708862304688 1.000625379534934 0.00015546984242303144
1352.4917602539062 0.9991745936283929 0.00015542818414858922
1352.5125732421875 1.000351130973102 0.0001554502654907421
1352.5333862304688 1.0005955592274483 0.0001554158415636847
1352.5542602539062 1.0003990887059675 0.00015542101652110367
1352.5750732421875 0.9996032497075892 0.00015543134028634132
1352.5958862304688 0.9991935151008715 0.00015542703875577214
1352.6167602539062 1.0004109392213327 0.00015549761456296
1352.6375732421875 0.9999041279122477 0.00015546902843842293
1352.6583862304688 1.0000962941140052 0.00015545710790224347
1352.6792602539062 1.0004322088601005 0.00015544299941972305
1352.7000732421875 0.999384015683504 0.0001554393221470052
1352.7208862304688 1.000838204196128 0.000155452647444967
1352.7417602539062 0.9990508893657927 0.000155469269086443
1352.7625732421875 1.0007092226444683 0.00015549526818669167
1352.7833862304688 0.9995104046360306 0.00015549729439202185
1352.8042602539062 1.0001214240633653 0.00015549313163687817
1352.8250732421875 0.9999163485054215 0.00015553066667894604
1352.8458862304688 1.0003707087979505 0.00015549057443691063
1352.8667602539062 0.9999021393789909 0.0001555372722338057
1352.8875732421875 0.9995097906995973 0.00015549076357561806
1352.9083862304688 1.000379741768858 0.00015551350006991638
1352.9292602539062 1.0001723291055429 0.00015549186825805856
1352.9500732421875 0.9994582824298475 0.00015546232548636788
1352.9708862304688 1.0006586488206772 0.00015547550665931202
1352.9917602539062 0.9991368038041819 0.00015547368669098112
1353.0125732421875 1.0007049442153013 0.0001555485866561638
1353.0333862304688 1.0006972123400895 0.00015553045406970533
1353.0542602539062 0.9991354478102797 0.00015555019021895925
1353.0750732421875 0.9994025571956473 0.0001555444265123928
1353.0958862304688 0.9998038857981822 0.0001555695460013126
1353.1167602539062 1.001184832579414 0.00015556712502929056
1353.1375732421875 0.9996419219610446 0.0001555994093102876
1353.1583862304688 0.9999199808888297 0.00015561240233752155
