time flux flux_err
1325.3253784179688 0.9999260312720417 0.00022964465121703785
1325.34619140625 0.9998123996192345 0.00023045253086226015
1325.3670043945312 1.0002725532688401 0.00023118491236092333
1325.3878784179688 0.9999114216164914 0.00023169295752457607
1325.40869140625 1.000510203559042 0.00023216657950037443
1325.4295043945312 1.000113638096391 0.0002325609511588807
1325.4503784179688 0.9992889316332169 0.00023296819893575262
1325.47119140625 1.000110788354188 0.0002335805524589327
1325.4920043945312 1.000009251988468 0.0002341979733933718
1325.5128784179688 1.0003490269062902 0.0002349567822407359
1325.53369140625 0.9999111815429397 0.00023571878837923545
1325.5545043945312 1.000018984520741 0.00023657601601605917
1325.5753784179688 0.9998432786390332 0.00023728769560080743
1325.59619140625 0.9996578354268048 0.00023798239748232489
1325.6170043945312 1.0002332004934427 0.00023848413039374513
1325.6378784179688 1.0001169620420203 0.00023877900490322051
1325.65869140625 1.0000319170500784 0.00023890681737444663
1325.6795043945312 1.0001770314598888 0.00023920416430579596
1325.7003784179688 0.9996547239984586 0.00023950381435597004
1325.72119140625 1.0005538842931274 0.00024002351564939576
1325.7420043945312 0.9997875485979726 0.0002405852798646018
1325.7628784179688 0.9994437249281167 0.00024129812683667653
1325.78369140625 1.000286577055659 0.00024204974543117524
1325.8045043945312 0.9999502752603493 0.00024258725894465134
1325.8253784179688 1.0003322415879339 0.00024313580858791202
1325.84619140625 1.0011667817283785 0.00024343634420325417
1325.8670043945312 0.9998495739664968 0.00024332426148485892
1325.8878784179688 0.9997764201605234 0.00024291555804608567
1325.90869140625 1.0000996814242042 0.00024270588776413574
1325.9295043945312 0.9998615882851112 0.00024243816671601655
1325.9503784179688 1.0003735727852805 0.00024244455589996104
1325.97119140625 0.9988986865586988 0.00024242969529747116
1325.9920043945312 0.9999591848426144 0.00024266972895854865
1326.0128784179688 0.9999189151505946 0.0002431256002998591
1326.03369140625 1.0000258739173757 0.00024364443499002626
1326.0545043945312 0.9998040320501577 0.00024376680157465918
1326.0753784179688 1.0001967680735515 0.00024399974259327835
1326.09619140625 0.9999263776472388 0.00024424770700579354
1326.1170043945312 1.000024173194308 0.00024428056373703425
1326.1378784179688 0.9998563087607192 0.0002444097918173669
1326.15869140625 1.000016131820126 0.0002443969678233611
1326.1795043945312 0.9998760932398542 0.0002443909069342905
1326.2003784179688 1.0004685589682991 0.00024442098429662063
1326.22119140625 0.9998314938612686 0.0002444004720068308
1326.2420043945312 1.0002639836518399 0.0002444031845298513
1326.2628784179688 0.999765882583127 0.0002443996590717805
1326.28369140625 0.999530722572857 0.00024435333508064286
1326.3045043945312 1.0000897705138274 0.0002443808041655548
1326.3253784179688 1.0005446507747164 0.0002445006557246193
1326.34619140625 0.9996676733047898 0.00024461154046506175
1326.3670043945312 1.000435825355902 0.00024482502905830513
1326.3878784179688 0.9993509681077243 0.0002450431678207797
1326.40869140625 1.0001456198516727 0.0002452571537229473
1326.4295043945312 1.0001508110265924 0.000245460892073696
1326.4503784179688 1.0000626573337625 0.00024556794373114334
1326.47119140625 0.9997431882525104 0.00024576676255137016
1326.4920043945312 1.0004241218194618 0.0002459334388831568
1326.5128784179688 0.9995381451470231 0.00024611719297577405
1326.53369140625 1.0003587878683788 0.00024641292139830796
1326.5545043945312 0.9999270260199766 0.00024673800951969057
1326.5753784179688 0.9997847993081902 0.00024688081587407636
1326.59619140625 1.0000207159953953 0.00024701349724316567
1326.6170043945312 1.0001235248278388 0.0002471392080865338
1326.6378784179688 1.000227345804595 0.0002471325446487466
1326.65869140625 0.9997402056870935 0.0002469141774299021
1326.6795043945312 0.9998599403927928 0.0002467381842803634
1326.7003784179688 1.0000960117355338 0.00024639995728889405
1326.72119140625 1.0003382898240316 0.0002461201696360413
1326.7420043945312 1.000089880370367 0.00024584575504644715
1326.7628784179688 0.9992968183681208 0.0002456131147783701
1326.78369140625 1.0003653244436475 0.00024544487761599197
1326.8045043945312 0.9996736916967056 0.0002454485894659234
1326.8253784179688 1.0003403128148551 0.00024543371212745383
1326.84619140625 1.0001695311853953 0.0002452712858422524
1326.8670043945312 0.9999584762063133 0.0002450358412496744
1326.8878784179688 0.9997756746257545 0.00024453126990422775
1326.90869140625 0.9999239430459472 0.00024389167808371438
1326.9295043945312 1.0001062866597255 0.00024318954603795622
1326.9503784179688 1.0002837585641622 0.00024252464268802675
1326.97119140625 0.9997322928854259 0.00024192445134159712
1326.9920043945312 0.9999053079729502 0.000241512569582223
1327.0128784179688 1.000206496068206 0.00024126244128810614
1327.03369140625 0.999955187387214 0.00024117344282588782
1327.0545043945312 0.9996775502990866 0.00024117177641061292
1327.0753784179688 1.0004233803737854 0.00024110321881552006
1327.09619140625 1.0000990582512408 0.00024119869693534123
1327.1170043945312 0.9994943738929098 0.00024112404495440256
1327.1378784179688 1.0003381963934792 0.00024104154818163702
1327.15869140625 0.9988844423091534 0.0002408941186384855
1327.1795043945312 0.9997534735258489 0.00024068171039068147
1327.2003784179688 1.0002198240795053 0.00024033816767899682
1327.22119140625 0.9997634747221075 0.00023997376081339494
1327.2420043945312 1.0004447374082088 0.00023966073472827797
1327.2628784179688 0.9998690055735323 0.0002392690955388027
1327.28369140625 0.9994735783709279 0.00023880991203179761
1327.3045043945312 1.00043027932544 0.000238571310332089
1327.3253784179688 1.0001087317877329 0.00023835212618186904
1327.34619140625 1.0000626645879864 0.00023826288599465136
1327.3670043945312 0.9999587516664081 0.00023810558791726314
1327.3878784179688 0.9996644176782244 0.00023801746632242312
1327.40869140625 1.0000304591184057 0.0002379776244868244
1327.4295043945312 1.0000753406400709 0.00023799261604342427
1327.4503784179688 1.0001044253106945 0.00023804648810071417
1327.47119140625 0.9997456762178376 0.0002380264597741071
1327.4920043945312 1.0000419047143467 0.0002382054076769034
1327.5128784179688 1.000628887910523 0.00023838439517134298
1327.53369140625 0.9997410138848548 0.00023862434116593028
1327.5545043945312 0.9998191319731687 0.0002389291623023612
1327.5753784179688 0.9997507920006448 0.0002391094027577234
1327.59619140625 1.0001874350072806 0.00023931700500710908
1327.6170043945312 0.999985447768043 0.0002392497214267553
1327.6378784179688 1.0002478694486527 0.0002391473998186955
1327.65869140625 0.9999723708673612 0.00023901625545012168
1327.6795043945312 0.9996397779060225 0.00023883376974029321
1327.7003784179688 1.0001647504336664 0.00023875176542300974
1327.72119140625 0.9998297267829545 0.00023865361893311623
1327.7420043945312 1.0003563870357948 0.00023856882308488476
1327.7628784179688 0.9999044506891679 0.00023847743646313824
1327.78369140625 0.9998112098461239 0.00023834875044665834
1327.8045043945312 1.0003926839164665 0.00023820086710096933
1327.8253784179688 0.9997974803031364 0.00023804748828482796
1327.8670043945312 0.9998385919642303 0.00023768199668808818
1327.8878784179688 0.9999212008718497 0.00023739378303179012
1327.90869140625 1.000394902336085 0.0002371741918049757
1327.9295043945312 0.999582407346556 0.00023677075463727416
1327.9503784179688 1.0003345269627828 0.00023639979754942736
1327.97119140625 0.999917530561171 0.00023604405686193474
1327.9920043945312 0.9999676486076118 0.00023579728539721163
1328.0128784179688 0.9998256299570697 0.00023560193504681403
1328.03369140625 1.0000539671508117 0.00023550114753666192
1328.0545043945312 1.0003676912173383 0.00023551433634461482
1328.0753784179688 0.9999014018705603 0.00023548153493646633
1328.09619140625 0.9996133129463064 0.0002354969213438535
1328.1170043945312 1.000065162113323 0.00023552647801702013
1328.1378784179688 1.0002205151590444 0.00023551263741399922
1328.15869140625 0.9998801873523037 0.00023545001169764657
1328.1795043945312 1.000463727016095 0.00023538739918001344
1328.2003784179688 0.9995408632879288 0.00023522308648669683
1328.22119140625 0.9999050098242026 0.00023506845754630096
1328.2420043945312 1.0000613097632343 0.00023492981617069997
1328.2628784179688 0.9999165748226495 0.0002348347576760937
1328.28369140625 1.000288100908141 0.00023462923636660398
1328.3045043945312 1.0001176233406122 0.00023449372118213775
1328.3253784179688 0.9997418885086136 0.00023433620855932086
1328.34619140625 0.9998050990160209 0.000234234860678848
1328.3670043945312 1.0003609943131488 0.00023422491821638698
1328.3878784179688 0.9998991414348253 0.00023415748881319926
1328.40869140625 0.9997418114827133 0.000234153001028179
1328.4295043945312 1.000537910526837 0.00023420623941377183
1328.4503784179688 0.9996986341934881 0.00023419611235648853
1328.47119140625 1.0001124981280436 0.00023426814940193542
1328.4920043945312 0.9997132657913368 0.00023434466051516564
1328.5128784179688 0.9998322421221687 0.00023444995115041957
1328.53369140625 1.0003426081186284 0.0002346277533410384
1328.5545043945312 0.9998994512464219 0.00023474853554570916
1328.5753784179688 0.9998713384951314 0.00023491302863992518
1328.59619140625 1.0006872030394176 0.00023508631601147593
1328.6170043945312 0.9997826108778145 0.00023509866059534963
1328.6378784179688 0.9998722969240366 0.00023508649343783293
1328.65869140625 0.9996162646833812 0.0002349941059382002
1328.6795043945312 0.9997852628780801 0.00023493850104051235
1328.7003784179688 1.0003233343716678 0.00023493778319247914
1328.72119140625 1.0006804579242303 0.00023486724134994777
1328.7420043945312 0.99963921592016 0.00023490484577187948
1328.7628784179688 0.9996491864393797 0.00023489610364677257
1328.78369140625 0.999951834909271 0.00023494292990385685
1328.8045043945312 1.0004229801803963 0.00023496812495267847
1328.8253784179688 0.9999087544413464 0.0002348553085863895
1328.84619140625 0.999761243345146 0.00023470059173968846
1328.8670043945312 0.999980652622507 0.00023459445681246253
1328.8878784179688 1.0000766117054727 0.000234461025798907
1328.90869140625 1.0000517833017823 0.00023425136934463093
1328.9295043945312 1.0001782069727878 0.0002340873071760751
1328.9503784179688 0.9997118794503185 0.0002338878633315529
1328.97119140625 1.0004959102737228 0.00023374275566275364
1328.9920043945312 0.9998941216248222 0.00023358146483383287
1329.0128784179688 0.9994688376868373 0.00023345487513076407
1329.03369140625 1.0000627602425158 0.00023337984613240682
1329.0545043945312 0.9999692784014039 0.0002333741684514843
1329.0753784179688 1.0003371365341218 0.00023338188992541803
1329.09619140625 0.9997918895514845 0.00023340144962875266
1329.1170043945312 1.0002038202670889 0.00023342671538734987
1329.1378784179688 0.9999007578208977 0.00023355466908750886
1329.15869140625 1.0004145864374687 0.00023352114259183988
1329.1795043945312 0.9996575043684138 0.00023358522519753103
1329.2003784179688 1.0000036270612165 0.00023353291296181628
1329.22119140625 0.999701561954076 0.00023352862205104773
1329.2420043945312 0.9999103816080743 0.00023345995571623937
1329.2628784179688 1.0000762387042885 0.00023335646537878073
1329.28369140625 1.000576445798828 0.00023325035684403856
1329.3045043945312 0.9996201923580298 0.00023302490843045957
1329.3253784179688 1.0002419264412452 0.00023294855512670341
1329.34619140625 0.9998236987752288 0.00023284032684664608
1329.3670043945312 1.0000629277352113 0.00023284240755769346
1329.3878784179688 0.9999231902801394 0.00023282966204314976
1329.40869140625 0.9997138515819661 0.00023270884830914467
1329.4295043945312 1.0003047936090363 0.00023276076749675535
1329.4503784179688 1.0002607847053095 0.00023279806471431053
1329.47119140625 0.99935274953832 0.00023277333560349064
1329.4920043945312 1.0005305445703767 0.00023280900972752952
1329.5128784179688 0.9998120570900076 0.0002328792544061683
1329.53369140625 1.0002027447620263 0.00023300400142495608
1329.5545043945312 0.9995300576610953 0.0002331039525765361
1329.5753784179688 1.0003502195005476 0.00023319355714564394
1329.59619140625 0.9999277032252526 0.0002333477938193361
1329.6170043945312 0.9999955707491293 0.0002333675515611201
1329.6378784179688 1.0001509948459315 0.0002333639535011687
1329.65869140625 0.9999036195140308 0.00023336657745974226
1329.6795043945312 0.9999560056995995 0.00023331731382860807
1329.7003784179688 0.9998944979178372 0.00023329805847429488
1329.72119140625 1.0000890310032715 0.0002332587115766974
1329.7420043945312 0.9999501406808007 0.00023323916702993274
1329.7628784179688 0.9999405147472175 0.00023319694148661121
1329.78369140625 1.0002913118925192 0.00023317777563582198
1329.8045043945312 0.9995721743960827 0.00023314906271903967
1329.8253784179688 1.0004484426724432 0.00023313833485526415
1329.84619140625 1.0000913571380434 0.00023307321091933938
1329.8670043945312 0.9998933214426895 0.00023300785383290865
1329.8878784179688 0.9998461437224299 0.00023292954318900156
1329.90869140625 0.9998166079891817 0.0002327941453294837
1329.9295043945312 0.9998900324399138 0.00023268563753772216
1329.9503784179688 1.0002318354117379 0.0002324884232527893
1329.97119140625 0.9999248465185836 0.00023229298903308177
1329.9920043945312 1.0002075094016398 0.00023216746044004842
1330.0128784179688 0.9999623331787791 0.00023214444616771849
1330.03369140625 1.0002059337701548 0.0002320645956545491
1330.0545043945312 0.9999503875448765 0.0002321471290709934
1330.0753784179688 0.9994052551595474 0.00023210501818813966
1330.09619140625 1.0003401444406557 0.00023211009794205952
1330.1170043945312 1.0002611732715085 0.00023216726716080013
1330.1378784179688 0.9997091048549551 0.00023213883383138944
1330.15869140625 0.999928524439618 0.00023219465125866388
1330.1795043945312 1.000183838134654 0.00023225807664002088
1330.2003784179688 1.0001380709610468 0.00023226382240815728
1330.22119140625 0.9999781472777448 0.0002322423265220222
1330.2420043945312 0.9995489237735604 0.00023219036165238906
1330.2628784179688 1.0004380757847613 0.00023210172016680888
1330.28369140625 0.9998424016148995 0.00023197126021733098
1330.3045043945312 0.9998558829387101 0.00023182045449751006
1330.3253784179688 1.0002341135881774 0.00023167142084514568
1330.3670043945312 0.9999120791579986 0.00023156463442959712
1330.3878784179688 1.0001477812225195 0.0002314948250016659
1330.40869140625 0.9998745978405316 0.0002314504454575152
1330.4295043945312 1.0001209358390475 0.00023144900480429048
1330.4503784179688 0.9996736699289469 0.0002314454408038052
1330.47119140625 1.000374928192364 0.00023143997858907702
1330.4920043945312 0.9987212590069507 0.00023148231943591514
1330.5128784179688 0.9995805762792938 0.00023152900875413033
1330.53369140625 1.000050079958373 0.00023166267482660708
1330.5545043945312 1.000465489070923 0.00023172967962598712
1330.5753784179688 0.9998418319110195 0.0002318182744298085
1330.59619140625 0.9998918396953206 0.00023199247949662276
1330.6170043945312 1.0000065679294836 0.00023206842202354072
1330.6378784179688 0.9999364440966357 0.00023213496372202248
1330.65869140625 1.0003819657537862 0.0002321627946953056
1330.6795043945312 0.9990764928503231 0.00023207039753488058
1330.7003784179688 1.0004973402040622 0.00023206841455132126
1330.72119140625 1.000086528035821 0.0002320093903325767
1330.7420043945312 1.0000150156693954 0.0002319529792774825
1330.7628784179688 0.9999101087050426 0.00023203386122197764
1330.78369140625 1.0004295430460868 0.00023197203889437263
1330.8045043945312 0.9994394338088732 0.00023193544003003157
1330.8253784179688 1.00012886310652 0.0002319538946842605
1330.84619140625 0.9999327810354514 0.00023195167511219463
1330.8670043945312 1.0001467078568003 0.00023197284788552963
1330.8878784179688 1.0003071856011747 0.00023186708827427487
1330.90869140625 0.9995641622522412 0.00023177266025766364
1330.9295043945312 0.9998421490926249 0.00023170868826625124
1330.9503784179688 1.0001590943874423 0.00023161138365524101
1330.97119140625 1.0001424480771732 0.00023151224355996773
1330.9920043945312 0.9997646926139143 0.0002314192513255459
1331.0128784179688 1.000447494758572 0.00023141242358076694
1331.03369140625 0.999908839626121 0.00023139145161111434
1331.0545043945312 1.0011575548743121 0.0002314224470507803
1331.0753784179688 0.999754542548877 0.00023135445071405415
1331.09619140625 1.0001896051089316 0.00023131480009317844
1331.1170043945312 0.9993412297613871 0.0002313329137284698
1331.1378784179688 1.0002520971319644 0.00023140292712633568
1331.15869140625 1.0008047501858741 0.00023142459384806912
1331.1795043945312 0.9997145236105718 0.00023143806782971303
1331.2003784179688 0.9998730961337814 0.0002313573109201182
1331.22119140625 0.9995513161978488 0.00023133213164658683
1331.2420043945312 1.0001876435503898 0.00023137294787184837
1331.2628784179688 1.0000514573847419 0.00023131805941490396
1331.28369140625 1.0005213053694457 0.00023119163708322228
1331.3045043945312 0.9994756087824365 0.0002310756986128683
1331.3253784179688 0.9998696147156533 0.0002310396590594394
1331.34619140625 1.000272385414132 0.00023092418068186847
1331.3670043945312 1.0002625407115113 0.00023084510469913104
1331.3878784179688 0.9995354219630379 0.00023084910640738042
1331.40869140625 1.000215201192513 0.00023079428342263469
1331.4295043945312 1.000218565389983 0.00023079138541353726
1331.4503784179688 0.9997245079638442 0.00023081492807805484
1331.47119140625 0.9997309096063149 0.00023078902100549844
1331.4920043945312 1.000275584915107 0.00023083579128297028
1331.5128784179688 0.9997867006741585 0.00023089308638049252
1331.53369140625 1.000197117716899 0.0002309564860561203
1331.5545043945312 1.0002116542284205 0.0002310270727330622
1331.5753784179688 0.999992898652884 0.00023109952221428044
1331.59619140625 0.9997219341844286 0.0002311291454714879
1331.6170043945312 0.9999084699453097 0.0002312463983516939
1331.6378784179688 1.0001962280470817 0.00023132349029424595
1331.65869140625 0.9997934755645511 0.00023138893306392985
1331.6795043945312 1.000375926831889 0.0002314822515702795
1331.7003784179688 1.000028400938258 0.000231443577250497
1331.72119140625 0.9997573053057824 0.00023147202051090809
1331.7420043945312 1.00012230738285 0.0002315239811358106
1331.7628784179688 0.9998868034536456 0.00023143107868331308
1331.78369140625 0.9999542188101569 0.00023148564075134255
1331.8045043945312 0.999838508192337 0.0002314696578560846
1331.8253784179688 1.0003101089157502 0.00023143510899203734
1331.84619140625 1.0001490633293755 0.00023140104932466255
1331.8670043945312 0.9994769509569131 0.00023140470091627516
1331.8878784179688 1.0001070061747768 0.00023137007053045572
1331.90869140625 1.0003998188775949 0.00023134577995532275
1331.9295043945312 0.9999620480305866 0.00023131618931670418
1331.9503784179688 0.9997888583511995 0.00023121476029325263
1331.97119140625 0.999982499481454 0.00023118445989017664
1331.9920043945312 0.9999190947400308 0.00023123980547184794
1332.0128784179688 1.0003141124775146 0.00023113532276276616
1332.03369140625 0.9998457136665668 0.00023116400270701033
1332.0545043945312 0.9997549792816458 0.0002310898156187151
1332.0753784179688 1.0004331291691504 0.00023115462299491828
1332.09619140625 0.9997718393167834 0.00023112959104742875
1332.1170043945312 0.9999342277932459 0.0002311841876830177
1332.1378784179688 1.0000939973893253 0.00023121335777414426
1332.15869140625 0.9997170380364424 0.00023123971635692392
1332.1795043945312 1.0004922508549066 0.000231299703487597
1332.2003784179688 1.0001356601818516 0.0002313133876138163
1332.22119140625 0.9992759406225377 0.00023134589752819103
1332.2420043945312 1.0001855853117285 0.00023131152926536775
1332.2628784179688 1.0004506328923595 0.00023131575363305457
1332.28369140625 0.9997891606580647 0.00023129538395939495
1332.3045043945312 0.9998689583473472 0.00023120629942412522
1332.3253784179688 0.9996796018006905 0.00023107253318011686
1332.34619140625 1.0005887349243041 0.00023106509298289986
1332.3670043945312 0.9999622742833209 0.00023096673258790677
1332.3878784179688 1.0002548113957201 0.00023085081650479162
1332.40869140625 0.9993726325018573 0.00023075876546388457
1332.4295043945312 1.000001017864924 0.00023073461005896042
1332.4503784179688 0.999906358651581 0.0002307275669712914
1332.47119140625 1.000311505588346 0.00023076754158209717
1332.4920043945312 1.0002216526984826 0.0002307962481379069
1332.5128784179688 0.9997797468740697 0.00023084746024184359
1332.53369140625 1.0002416949304922 0.00023091781836046826
1332.5545043945312 0.9994165114461853 0.00023105277171050744
1332.5753784179688 1.000513829579732 0.00023122231752398367
1332.59619140625 0.9995391753676838 0.00023130393771618414
1332.6170043945312 1.000514683719343 0.00023147835701055306
1332.6378784179688 0.9998642895498501 0.00023152732708538317
1332.65869140625 0.9997687944997705 0.00023153288194983646
1332.6795043945312 1.0002529651417678 0.0002316617661008226
1332.7003784179688 0.9997847122147686 0.0002316210256398622
1332.72119140625 1.0000824103376043 0.00023162354611366362
1332.7420043945312 0.9999186863122357 0.00023152765803188563
1332.7628173828125 1.000380361420173 0.00023155889666442436
1332.7836303710938 0.9996479730023539 0.00023152384013403138
1332.8045043945312 0.9997245008651042 0.000231466510299676
1332.8253173828125 1.000362708455937 0.00023149806727916725
1332.8670043945312 0.999970381311271 0.00023139649038338663
1332.8878173828125 1.0001890324278113 0.0002313815085711581
1332.9086303710938 1.0000655937015992 0.00023140203931241855
1332.9295043945312 0.9996284053043353 0.00023136509049791873
1332.9503173828125 1.0000822223033865 0.00023137238578869863
1332.9711303710938 1.0001267832026919 0.0002313823219850512
1332.9920043945312 0.9997870056836431 0.00023134311635653423
1333.0128173828125 1.0001501911251152 0.00023125368413114722
1333.0336303710938 0.9997679100022865 0.00023123934622376022
1333.0545043945312 1.0002780395012125 0.0002312557673029694
1333.0753173828125 1.000022545226715 0.00023133358455158332
1333.0961303710938 0.999979597898794 0.0002312302916975236
1333.1170043945312 0.9996307233150166 0.00023123395021612411
1333.1378173828125 1.000307679388327 0.00023135512959830925
1333.1586303710938 1.0001554145603742 0.00023140107802647485
1333.1795043945312 0.9999571153519525 0.00023147941105100867
1333.2003173828125 0.9999891454044485 0.00023153159845362936
1333.2211303710938 0.9998028005592455 0.0002315878163768253
1333.2420043945312 1.0000946421234032 0.00023159902101610542
1333.2628173828125 1.0001373815515096 0.0002315883478374312
1333.2836303710938 0.9995921455270357 0.0002314914289284474
1333.3045043945312 1.0001664346623598 0.00023141625499963718
1333.3253173828125 0.9999086825329754 0.00023126552539208515
1333.3461303710938 1.00034898250145 0.0002311430062142669
1333.3670043945312 0.9999138234945213 0.00023106781140408577
1333.3878173828125 0.9999257215163488 0.00023094408118972987
1333.4086303710938 1.00005714046326 0.0002309040591222595
1333.4295043945312 0.9999805329426292 0.0002309028200159917
1333.4503173828125 1.0002371081532269 0.00023085757971948585
1333.4711303710938 0.9998566510867442 0.0002309568503059866
1333.4920043945312 0.9995979917109292 0.00023090614406950938
1333.5128173828125 0.9999981278280979 0.00023099688905233934
1333.5336303710938 1.00048527140866 0.00023108732853912398
1333.5545043945312 0.9993548639786712 0.00023120238542248355
1333.5753173828125 1.0004331254139838 0.0002312730426692454
1333.5961303710938 1.0001445495403027 0.00023136780881226354
1333.6170043945312 0.9999975127877003 0.00023144042428433615
1333.6378173828125 0.9998593803235439 0.00023159142969112972
1333.6586303710938 1.000101453715717 0.00023163790172850188
1333.6795043945312 1.0000628225560582 0.00023173474511291827
1333.7003173828125 0.9999578899060725 0.00023173116920287157
1333.7211303710938 0.9995994201836006 0.00023168793003085827
1333.7420043945312 0.9999442953491636 0.00023161021251822048
1333.7628173828125 1.0002729772381622 0.00023161556923563824
1333.7836303710938 1.0002419135329264 0.00023156705771761738
1333.8045043945312 0.9999583173539843 0.00023154579794362135
1333.8253173828125 1.0000366917635368 0.00023151421190219858
1333.8461303710938 0.9992583208285217 0.00023141106698194869
1333.8670043945312 1.000781182496937 0.00023147968339026935
1333.8878173828125 1.0002189508854584 0.00023144776778290618
1333.9086303710938 0.9997172655207053 0.00023141403815522707
1333.9295043945312 0.9993881108188257 0.00023135193217049447
1333.9503173828125 0.9999755337738285 0.00023133770119440972
1333.9711303710938 1.0006224817409837 0.00023134972305779888
1333.9920043945312 1.0001868865937051 0.00023125196128880986
1334.0128173828125 0.9998107945362991 0.00023116937463526601
1334.0336303710938 0.9997329631841145 0.00023117837808633374
1334.0545043945312 1.0003997125998052 0.000231268421095077
1334.0753173828125 0.9997540140133101 0.00023128756578568084
1334.0961303710938 0.9997798124783265 0.000231242892037808
1334.1170043945312 0.9998791815381417 0.00023127654433140147
1334.1378173828125 1.0004548815963403 0.0002313693886512261
1334.1586303710938 1.0000198480859883 0.0002313664138861109
1334.1795043945312 0.9997859405823887 0.00023136428070597698
1334.2003173828125 0.9999168122128695 0.00023140011309737984
1334.2211303710938 1.0001054509118843 0.0002313986850405939
1334.2420043945312 0.9999241248231525 0.0002314262080158567
1334.2628173828125 1.000338563240517 0.00023136946003778113
1334.2836303710938 1.000077997037655 0.00023128849761837344
1334.3045043945312 0.9996967367557699 0.0002312577040493816
1334.3253173828125 0.999639251990912 0.0002311256838972253
1334.3461303710938 1.0002287540773278 0.00023107978409825174
1334.3670043945312 1.0001355662639866 0.00023097805494237388
1334.3878173828125 1.0000788606655777 0.00023085097158708363
1334.4086303710938 1.0002184350016587 0.0002307441397837917
1334.4295043945312 0.9995863060882647 0.00023068960310564665
1334.4503173828125 0.9998968231152092 0.00023063923864169542
1334.4711303710938 1.0002086352910888 0.0002305742109264099
1334.4920043945312 1.000223329554398 0.0002306130663613075
1334.5128173828125 0.9997587650352368 0.0002305919608768997
1334.5336303710938 0.9999029609439763 0.00023064249939796225
1334.5545043945312 1.0001143562954204 0.00023067477272987729
1334.5753173828125 0.9999166356624607 0.00023075518004680065
1334.5961303710938 1.0001789925534226 0.0002308019465460457
1334.6170043945312 0.9998467581079516 0.00023081776204763056
1334.6378173828125 1.00010657479329 0.00023088631875708998
1334.6586303710938 1.0000995874791776 0.00023084760266725438
1334.6795043945312 1.0000040276690552 0.00023086538423667846
1334.7003173828125 0.9997762501756584 0.00023080611911575316
1334.7211303710938 0.9997613273023456 0.00023077242615381267
1334.7420043945312 1.0004987388565427 0.00023072031711204982
1334.7628173828125 0.9997484259870724 0.0002306029386015779
1334.7836303710938 0.9999509077848201 0.00023053630138637068
1334.8045043945312 1.0001133980316683 0.00023047173546388432
1334.8253173828125 1.0001243710682715 0.0002303616912659206
1334.8461303710938 0.999916716523201 0.00023038607721090115
1334.8670043945312 0.9997717283180676 0.0002302798017594714
1334.8878173828125 1.0002863304975655 0.00023024692253151627
1334.9086303710938 1.0003268312642657 0.00023021254205531826
1334.9295043945312 0.9993236484727349 0.00023012822101621316
1334.9503173828125 1.000201357333608 0.00023004051526575412
1334.9711303710938 1.0001060427871906 0.00023004278357221798
1334.9920043945312 0.9982053705494832 0.00022982139509950512
1335.0128173828125 0.9997966494718193 0.00022988069456342038
1335.0336303710938 1.0000263129215856 0.00022984055041049865
1335.0545043945312 1.0001403923072352 0.00022976217070363116
1335.0753173828125 1.0001129496502852 0.00022971161543010026
1335.0961303710938 0.9987926018565413 0.0002296667458069678
1335.1170043945312 0.9997366472576348 0.0002296908056399453
1335.1378173828125 1.0002133646697708 0.00022965679872396702
1335.1586303710938 0.9998661864579537 0.00022961222744619864
1335.1795043945312 1.000310057235693 0.0002296032409472852
1335.2003173828125 0.9999020815316564 0.0002295317966559385
1335.2211303710938 0.9993734734775819 0.0002294301051666951
1335.2420043945312 1.0003797340807565 0.00022937261187581842
1335.2628173828125 1.0000173887876433 0.0002292488919473953
1335.2836303710938 1.0002247542964064 0.00022915245921778705
1335.3045043945312 1.000152663316824 0.0002290168468008126
1335.3253173828125 0.9997648419959106 0.00022893063405572838
1335.3670043945312 0.9998685755053098 0.0002287481441734866
1335.3878173828125 0.999973392742989 0.00022860926351303716
1335.4086303710938 1.0000169991382368 0.00022855991647862862
1335.4295043945312 0.9999047627423531 0.00022852428262965603
1335.4503173828125 1.0006305351315556 0.00022845382996842097
1335.4711303710938 0.9995655526798847 0.00022835844496422062
1335.4920043945312 0.9994454213053061 0.00022822492233057445
1335.5128173828125 1.000333810248059 0.00022825288242674875
1335.5336303710938 1.0002235253663763 0.0002281315625580414
1335.5545043945312 1.0002308691344912 0.00022812312656599824
1335.5753173828125 1.0001915761559859 0.00022825123798336626
1335.5961303710938 0.9991406248048313 0.0002280274702746523
1335.6170043945312 1.000049994088821 0.0002278815519548983
1335.6378173828125 1.0002448904830847 0.00022790121108756718
1335.6586303710938 1.0006482104946528 0.00022789179145852784
1335.6795043945312 0.9999221339392688 0.00022783485141448072
1335.7003173828125 0.9993262999605691 0.00022774428998816873
1335.7211303710938 0.999672058791977 0.0002278013500890003
1335.7420043945312 1.0006641435622878 0.00022781905114717946
1335.7628173828125 1.0000107899734836 0.0002277689680252209
1335.7836303710938 1.0000135763607692 0.0002277210889866128
1335.8045043945312 0.9998683657526457 0.0002277205990295681
1335.8253173828125 0.9996800185681308 0.00022769037180953507
1335.8461303710938 1.0001724058279933 0.00022766054472157137
1335.8670043945312 1.0000549017577616 0.00022760772530467746
1335.8878173828125 0.9999014303595405 0.00022758708819975074
1335.9086303710938 1.000472746846626 0.00022758394689704144
1335.9295043945312 0.9998669820937317 0.0002276143452709661
1335.9503173828125 1.00020214433334 0.00022762829312078403
1335.9711303710938 0.9997693951690271 0.00022762257627727432
1335.9920043945312 0.9995602148464192 0.00022760799938973406
1336.0128173828125 0.9999273988439353 0.00022761735758854403
1336.0336303710938 1.000138557204768 0.00022763822943322568
1336.0545043945312 1.0004665675844207 0.00022761247747650755
1336.0753173828125 0.9999074572364748 0.00022754660228127216
1336.0961303710938 0.9999746200609173 0.0002275782286784322
1336.1170043945312 0.999771303414755 0.0002275900464724064
1336.1378173828125 1.0001348148775462 0.00022760049300131406
1336.1586303710938 1.000075118949974 0.0002275466004308374
1336.1795043945312 0.9999389169694438 0.0002275545988523769
1336.2003173828125 0.9995861570633442 0.00022753372162274895
1336.2211303710938 1.0003877235586998 0.00022757568835936253
1336.2420043945312 1.000164969925971 0.00022752710687044895
1336.2628173828125 0.999982644368417 0.00022756875048690807
1336.2836303710938 1.0000089988050136 0.0002275531469180783
1336.3045043945312 0.9995313891920973 0.00022753721476800144
1336.3253173828125 1.0002662000639395 0.00022760621038854024
1336.3461303710938 1.0000465095217255 0.0002275673838779627
1336.3670043945312 0.9999193502510542 0.00022758300604338528
1336.3878173828125 1.0003926861576922 0.00022763807319795232
1336.4086303710938 0.9997352881576951 0.00022756252335238346
1336.4295043945312 0.9998289489894179 0.00022754360066013884
1336.4503173828125 0.9998329449164913 0.00022757174894638595
1336.4711303710938 1.000214422095478 0.00022756999507904176
1336.4920043945312 1.000164416020408 0.0002275208997482692
1336.5128173828125 1.0000558588574955 0.00022755926564281228
1336.5336303710938 0.9998229172972305 0.000227556497776483
1336.5545043945312 1.0001059791458637 0.00022760274067761777
1336.5753173828125 0.9999735729767503 0.00022762133827838578
1336.5961303710938 0.9998728857492046 0.0002276509472694902
1336.6170043945312 1.0000366618903274 0.0002276416615564889
1336.6378173828125 0.9999677783443858 0.00022755294550370447
1336.6586303710938 0.9999939110648935 0.0002276329168349566
1336.679443359375 1.000310104362538 0.00022758340975411473
1336.7002563476562 0.9996226446370962 0.0002275356050740493
1336.7211303710938 1.0002674741818334 0.0002276276376596329
1336.741943359375 0.999649443360466 0.00022755977701704994
1336.7627563476562 1.0004650711927037 0.00022764034606219093
1336.7836303710938 0.9997510163360814 0.0002276475106229569
1336.804443359375 1.0000674683448767 0.00022760153989968864
1336.8252563476562 0.999608967881634 0.0002275560557758138
1336.8461303710938 1.0001868234568543 0.00022758580208346435
1336.866943359375 1.0005183961240802 0.00022757912308477124
1336.8877563476562 0.9996418878601692 0.0002275461952889883
1336.9086303710938 0.9999983414579154 0.0002275541961820516
1336.929443359375 0.9997297672158527 0.0002274979901344662
1336.9502563476562 1.000244449835307 0.000227553489292186
1336.9711303710938 1.000120840620488 0.00022755342494516518
1336.991943359375 1.0000407700012885 0.00022753824563091096
1337.0127563476562 0.999834714132242 0.0002275700068796143
1337.0336303710938 0.9999730538678114 0.00022753826517490396
1337.054443359375 1.0000867888351737 0.00022757188459945213
1337.0752563476562 0.99984675491972 0.00022755423138318316
1337.0961303710938 1.0001541075104479 0.00022759474545409116
1337.116943359375 0.9999496947166657 0.00022758706202587555
1337.1377563476562 0.9999352514820133 0.00022755628766115554
1337.1586303710938 1.0002994785512496 0.000227581375709487
1337.179443359375 0.9996640952776905 0.000227590607981029
1337.2002563476562 1.0001283005581034 0.00022755039616558428
1337.2211303710938 1.0000321057229347 0.00022756398851939952
1337.241943359375 0.999650851001495 0.0002275181118380034
1337.2627563476562 1.0002928904410548 0.0002275595978990933
1337.2836303710938 0.999995841105062 0.00022753443054462585
1337.304443359375 1.0003714019586356 0.00022755572624207077
1337.3252563476562 0.9995992951146833 0.00022749777655009344
1337.3461303710938 0.9998569535573588 0.00022752873492399135
1337.366943359375 1.0000338508278495 0.00022756425289088613
1337.3877563476562 1.0002043333511725 0.00022756547977650007
1337.4086303710938 1.0002253449623417 0.0002275190942402483
1337.429443359375 0.9994083911753116 0.00022746918852706313
1337.4502563476562 1.0002918079481915 0.00022752703901054717
1337.4711303710938 1.0000905760048584 0.00022751661816179368
1337.491943359375 1.0002404545746197 0.00022753180161207907
1337.5127563476562 0.9996208871868641 0.00022755406912880428
1337.5336303710938 0.999891331037104 0.00022755448490902576
1337.554443359375 1.000146359127962 0.00022763630255710947
1337.5752563476562 0.999942333203487 0.00022754814877056265
1337.5961303710938 1.0002759975383193 0.00022757024767973083
1337.616943359375 0.9996457334444673 0.0002275303734332533
1337.6377563476562 1.000213480128024 0.00022753615881254991
1337.6586303710938 0.9999173961262843 0.00022752262477308588
1337.679443359375 1.0001489911571784 0.00022753556531909124
1337.7002563476562 0.9998621275533 0.00022751251120546042
1337.7211303710938 0.9999121733443604 0.00022745370348081946
1337.741943359375 1.0000516472595717 0.00022747647628259892
1337.7627563476562 0.9998799228654813 0.00022746492854593356
1337.7836303710938 1.000266725985571 0.0002275288667509077
1337.804443359375 1.0001295836214918 0.0002275303022625156
1337.8252563476562 1.0000133907033093 0.00022757748628173642
1337.866943359375 0.9997858942829715 0.00022763341281238362
1337.8877563476562 0.9998705276907324 0.00022762945503784608
1337.9086303710938 0.9999279694597152 0.0002276397225526375
1337.929443359375 1.0000822577353092 0.0002276540443323499
1337.9502563476562 1.0000703004412916 0.00022763864772242862
1337.9711303710938 1.00001350170202 0.00022765321442004728
1337.991943359375 1.0004528845263596 0.00022766729221273882
1338.0127563476562 0.9994768555163306 0.00022765019527382232
1338.0336303710938 0.9998358275032839 0.00022763923523931183
1338.054443359375 1.0001679687645955 0.0002276402226575983
1338.0752563476562 1.0003464064258467 0.00022763213542984452
1338.0961303710938 0.9998517137164962 0.00022764151101640565
1338.116943359375 0.9994504738925722 0.00022752608138318153
1338.1377563476562 1.0002709050840286 0.0002276012619157038
1338.1586303710938 1.0002818053470521 0.00022756081953318456
1338.179443359375 1.0002817555950236 0.00022762502030730273
1338.2002563476562 0.9997161049039746 0.0002275880875243722
1338.2211303710938 0.9996868011748932 0.00022756660175072323
1338.241943359375 1.00002380105213 0.00022760679240930632
1338.2627563476562 1.0000976684044156 0.00022761348638859467
1338.2836303710938 1.0002448056051392 0.0002276449950955243
1338.304443359375 0.9999496846757552 0.0002275962745749934
1338.3252563476562 0.9997188472186005 0.0002276300644457091
1338.3461303710938 1.0001632851015865 0.00022763383568548802
1338.366943359375 1.0000745128857667 0.00022760784547922304
1338.3877563476562 1.0000454060040804 0.0002276264901652144
1338.4086303710938 0.9996250887710824 0.0002276489959306048
1338.429443359375 1.0002255119377101 0.00022760203366884964
1338.4502563476562 1.0002624825601107 0.00022762812112843862
1338.4711303710938 0.9997798846543725 0.0002275956713887493
1338.491943359375 0.9997271367902418 0.00022757818614552953
1338.5127563476562 1.0002208728614188 0.00022756541669548657
1339.679443359375 0.9998388135610822 0.00022756544412098952
1339.7002563476562 1.0001855019828307 0.00022752159627810809
1339.7211303710938 0.9995671417417623 0.0002275016106765623
1339.741943359375 1.0003685683165184 0.00022748180022309322
1339.7627563476562 1.000386494493962 0.00022751974848214736
1339.7836303710938 1.0003118362289765 0.00022753723067418972
1339.804443359375 0.999606195335115 0.00022756463089287918
1339.8252563476562 0.9996497333428368 0.00022764046383386442
1339.8461303710938 1.0000338995120475 0.00022780133339996543
1339.866943359375 1.0000834463567485 0.0002279451589661626
1339.8877563476562 1.000210225881494 0.00022814758240676355
1339.9086303710938 1.0001191078006086 0.000228564198154577
1339.9293823242188 1.0001739317367289 0.00022892478883615236
1339.9502563476562 0.9991535599740349 0.00022931737286120476
1339.9710693359375 1.0001573016620204 0.0002296610190188105
1339.9918823242188 1.000372486899099 0.0002300601148040884
1340.0127563476562 1.000276073139109 0.0002303320804986721
1340.0335693359375 0.9997431825130381 0.00023063430537674138
1340.0543823242188 0.9997862903071056 0.0002309925696403
1340.0752563476562 0.9998090351527261 0.00023136161431892719
1340.0960693359375 1.0003606650710681 0.00023171527778117286
1340.1168823242188 1.0001205586320994 0.00023203660573094316
1340.1377563476562 0.9999232315559666 0.00023225074616316016
1340.1585693359375 1.0000852709486467 0.0002326578712066416
1340.1793823242188 0.9997396372893359 0.00023307392076712708
1340.2002563476562 0.999909221467644 0.00023355046232811577
1340.2210693359375 1.000157644512635 0.00023390197712602176
1340.2418823242188 0.9997299889105203 0.00023425765132968702
1340.2627563476562 1.0005646284743421 0.00023469337671503003
1340.2835693359375 1.0000094339121341 0.00023504845359246523
1340.3043823242188 0.9997983555530012 0.00023538505448033483
1340.3252563476562 0.9995985559327515 0.00023565186263131748
1340.3460693359375 1.0001861440818618 0.00023595501784325952
1340.3668823242188 1.000474924047742 0.00023612903053345404
1340.3877563476562 0.9995882396153828 0.00023621675810490042
1340.4085693359375 0.9997257325311055 0.00023644275022961054
1340.4293823242188 1.000418622663355 0.00023674348506711165
1340.4502563476562 1.000337679152066 0.00023697867962870669
1340.4710693359375 0.9998436750941753 0.00023728436070076514
1340.4918823242188 0.9993408392991756 0.00023754510823676696
1340.5127563476562 1.0000937784367714 0.0002379966906465131
1340.5335693359375 1.0001760561692197 0.000238282529973801
1340.5543823242188 1.0003292347104582 0.00023840935757052915
1340.5752563476562 0.9999695861640304 0.00023849670175176286
1340.5960693359375 1.0000746570194496 0.00023840780213558131
1340.6168823242188 0.9996117350317835 0.0002383459606163484
1340.6377563476562 1.0000364781724658 0.00023831723438738996
1340.6585693359375 1.0000438437671852 0.00023820457644249888
1340.6793823242188 1.0003881309408975 0.00023806443284227314
1340.7002563476562 0.9995126144783596 0.00023805719268073466
1340.7210693359375 1.0001753276314085 0.0002380929013054458
1340.7418823242188 0.9998883952092401 0.00023820150657022425
1340.7627563476562 1.0000699776303292 0.0002383710210344924
1340.7835693359375 1.000045658464953 0.0002386325340153685
1340.8043823242188 0.9999582020312802 0.00023888923552742173
1340.8252563476562 1.0003072532814175 0.00023908257075892222
1340.8460693359375 0.9997099307828053 0.0002391144142332335
1340.8668823242188 0.9999509734058516 0.00023899520819657498
1340.8877563476562 1.0000359729045583 0.0002388887087174544
1340.9085693359375 0.9999550472359742 0.00023871831149860248
1340.9293823242188 0.9999792756431015 0.00023856626144314183
1340.9502563476562 1.0002125804818922 0.0002384010358089726
1340.9710693359375 0.9998378245052626 0.0002381779079326202
1340.9918823242188 0.9998878288614599 0.00023807202903485244
1341.0127563476562 1.000078741427472 0.00023811088478672878
1341.0335693359375 1.0005249157583518 0.0002383418860063784
1341.0543823242188 0.9995865310395696 0.0002385208442111132
1341.0752563476562 0.999966238400952 0.00023869658143142183
1341.0960693359375 0.9997616285111229 0.00023881814181431224
1341.1168823242188 0.9999795812419108 0.0002388517434612106
1341.1377563476562 1.0001037881950745 0.00023875656353564967
1341.1585693359375 1.0004902237326017 0.0002385409594695227
1341.1793823242188 0.9997665359965536 0.00023830321723769272
1341.2002563476562 0.9999226854736186 0.00023824787189103357
1341.2210693359375 1.000017020560787 0.00023812570350966974
1341.2418823242188 1.0002136796795966 0.00023805832948153998
1341.2627563476562 0.9995219417779305 0.000237985168625904
1341.2835693359375 1.000217317968578 0.0002378247623241255
1341.3043823242188 0.9998721047267916 0.0002377119650645462
1341.3252563476562 0.9998130057683889 0.0002375747792004176
1341.3460693359375 1.0004276618115688 0.00023751233028932575
1341.3668823242188 1.000143822531146 0.00023751568562290274
1341.3877563476562 0.9997816042648456 0.00023765139990176252
1341.4085693359375 1.000039168872133 0.00023787886708996655
1341.4293823242188 0.9998122153031581 0.00023804269724588453
1341.4502563476562 1.0000937808705195 0.00023815057413042751
1341.4710693359375 1.000148434208551 0.00023838490013718618
1341.4918823242188 0.999847237472536 0.00023856244182151134
1341.5127563476562 0.9998171898550777 0.00023869215438716555
1341.5335693359375 1.0003536355069618 0.00023893512254648478
1341.5543823242188 0.9996946977621186 0.00023908469257469733
1341.5752563476562 1.0001330595074105 0.00023912639162318217
1341.5960693359375 1.0001990316662015 0.00023904424932261106
1341.6168823242188 0.9996824525548458 0.00023891385844722327
1341.6377563476562 1.0003923177534542 0.00023872400847846907
1341.6585693359375 0.999891326486686 0.00023838837576289055
1341.6793823242188 0.9995519780158113 0.00023806808505775356
1341.7002563476562 0.9979609371228014 0.00023776159862506764
1341.7210693359375 1.0002333376702324 0.00023756202712759263
1341.7418823242188 1.000026468278649 0.00023742269041502655
1341.7627563476562 1.0001301363197013 0.00023726400429835485
1341.7835693359375 1.000274064185626 0.0002372130411044856
1341.8043823242188 0.9999992487990157 0.00023720832614018654
1341.8252563476562 0.999780923636016 0.00023717765062174003
1341.8460693359375 0.999251040710305 0.00023705040779810178
1341.8668823242188 0.9988342518633616 0.00023675074487010603
1341.8877563476562 0.9988999936741797 0.0002364055835051139
1341.9085693359375 0.9992807250637186 0.00023610721932984952
1341.9293823242188 0.9987871916675473 0.00023586541616102454
1341.9502563476562 0.9990623436257204 0.0002354903745139966
1341.9710693359375 0.9995587918323956 0.00023519233964741922
1341.9918823242188 1.0001504288856506 0.00023493399101441563
1342.0127563476562 1.00016623127694 0.0002347600908926721
1342.0335693359375 1.000112175148273 0.00023474625500730258
1342.0543823242188 0.9999577643662861 0.00023476673490219224
1342.0752563476562 0.9994229044813645 0.00023482767043687285
1342.0960693359375 0.9997261936732743 0.00023491936256217157
1342.1168823242188 1.0003113233684553 0.00023501860790283016
1342.1377563476562 1.0005127385736403 0.00023503889520666636
1342.1585693359375 0.9997505255142916 0.00023501045955665118
1342.2210693359375 1.0002192001008363 0.0002347137882791983
1342.2418823242188 0.999570693186969 0.00023451795004141165
1342.2627563476562 0.9998666957487121 0.00023430263618450648
1342.2835693359375 1.0000576262149314 0.0002341289435092789
1342.3043823242188 1.000514202526102 0.00023402762352264442
1342.3252563476562 0.9997163918805264 0.00023383391632800774
1342.3460693359375 0.9997854677581242 0.000233617854381946
1342.3668823242188 1.0001899444202267 0.00023354962390273833
1342.3877563476562 0.9999501104461374 0.0002336256561993966
1342.4085693359375 1.0001037594177313 0.0002336530076283778
1342.4293823242188 0.9998760068756279 0.00023372984584358046
1342.4502563476562 1.000076500408874 0.00023384643535979955
1342.4710693359375 0.9998349899988098 0.00023397264879108907
1342.4918823242188 1.0001769013139101 0.0002340118312580108
1342.5127563476562 0.9999139485648684 0.00023420665243177545
1342.5335693359375 1.0000405465851478 0.00023434747578241177
1342.5543823242188 1.000071369010809 0.00023448229165669854
1342.5752563476562 0.9998220112658204 0.00023454146994343324
1342.5960693359375 1.0001316765666861 0.0002346567101751777
1342.6168823242188 1.0001493084171236 0.0002346604551177831
1342.6377563476562 0.9998006309504107 0.00023462624848096257
1342.6585693359375 1.0001613508571487 0.00023454490432890768
1342.6793823242188 0.9996056072276277 0.00023444139635748064
1342.7002563476562 1.0000600236793102 0.00023435316291394218
1342.7210693359375 1.0001752716342929 0.00023424972689834253
1342.7418823242188 1.000288551215277 0.00023416311852280468
1342.7627563476562 0.9999459000544927 0.00023410209530487334
1342.7835693359375 1.0000141096457156 0.00023403802206268664
1342.8043823242188 0.9994398358168824 0.00023396505184362592
1342.8252563476562 1.0002499192165057 0.00023394709858577754
1342.8460693359375 1.000058577534784 0.00023391558974610767
1342.8668823242188 0.9998800633722713 0.00023376188860068362
1342.8877563476562 1.0001610945621686 0.000233756932977559
1342.9085693359375 1.0000354653171228 0.00023352058242018624
1342.9293823242188 1.0001201940789193 0.00023329872790277126
1342.9502563476562 0.9998458347760526 0.00023307820587639005
1342.9710693359375 0.9996905460667543 0.00023278084809634335
1342.9918823242188 1.0006809766920695 0.00023262089261510074
1343.0127563476562 0.9993039656055491 0.0002324851000010246
1343.0335693359375 1.0004521131751547 0.00023244187225864648
1343.0543823242188 1.0000056229210244 0.0002324583418054624
1343.0752563476562 0.9996881529493381 0.00023242245574914687
1343.0960693359375 1.000162233267304 0.00023249994400530432
1343.1168823242188 0.999784262965617 0.00023257000529230317
1343.1377563476562 1.000426282457253 0.00023266731209086456
1343.1585693359375 1.0000171561084952 0.00023271881137191755
1343.1793823242188 0.9995288891915826 0.0002327124076112907
1343.2001953125 1.0000389891271533 0.00023273042022321625
1343.2210083007812 1.0005522125907949 0.00023269832368243566
1343.2418823242188 0.9996177046264322 0.0002325035372559423
1343.2626953125 1.0000531137911344 0.00023236011293872142
1343.2835083007812 0.9998323821221432 0.00023221143969902016
1343.3043823242188 0.9998301224730578 0.00023207546511686455
1343.3251953125 1.0005532806362591 0.00023195181952018204
1343.3460083007812 1.0001096020900364 0.0002318446698739393
1343.3668823242188 0.999755897053298 0.0002317929370980807
1343.3876953125 0.999611949585826 0.00023178658906163342
1343.4085083007812 1.0001537443355022 0.00023180682175553838
1343.4293823242188 1.0001523129515368 0.00023184081981181715
1343.4501953125 1.000191654116546 0.00023191091907890185
1343.4710083007812 0.9996512661587806 0.00023191890501553808
1343.4918823242188 0.9999364065439766 0.00023201766423659232
1343.5126953125 1.0004278450722621 0.00023214918365102485
1343.5335083007812 0.9999909845937097 0.00023225866455375393
1343.5543823242188 0.9997554882093024 0.000232389887212282
1343.5751953125 0.9998013173259007 0.00023247849420658765
1343.5960083007812 0.9999817311907587 0.000232624470979282
1343.6168823242188 1.0004289817165897 0.00023264571923141818
1343.6376953125 0.999866024490609 0.00023268962444636005
1343.6585083007812 1.000368281981026 0.0002326521685300098
1343.6793823242188 0.9993359435366862 0.00023260644152432074
1343.7001953125 1.0000037949098421 0.00023260664461911
1343.7210083007812 0.9999561130208218 0.0002325567902140631
1343.7418823242188 1.0003084870034988 0.00023240866780135973
1343.7626953125 1.0005356628960411 0.00023245063558968466
1343.7835083007812 0.9995922368952194 0.0002324302645286418
1343.8043823242188 0.9999333926965887 0.00023240355436997983
1343.8251953125 0.9996470466282079 0.00023241819275992865
1343.8460083007812 0.9998909580332385 0.0002324509420300204
1343.8668823242188 1.000430895057019 0.00023244832442605596
1343.8876953125 0.9998717654102833 0.000232420047259839
1343.9085083007812 1.0004064207094816 0.00023236250507159404
1343.9293823242188 1.0019630415887273 0.0002323070742026351
1343.9501953125 1.00002657049993 0.00023210216584146101
1343.9710083007812 0.9995243442602877 0.00023193052662220053
1343.9918823242188 1.0012297992233303 0.00023181078475640804
1344.0126953125 0.9998169229915064 0.00023166908349829215
1344.0335083007812 1.000057985859907 0.00023155359187885188
1344.0543823242188 1.0003099832228635 0.00023156938703940228
1344.0751953125 0.9999601045952495 0.00023147561422710334
1344.0960083007812 0.9999311182116442 0.0002315896370648514
1344.1168823242188 1.00048789828877 0.0002316259401950027
1344.1376953125 0.9996917814974963 0.00023165279516378396
1344.1585083007812 1.0010547462646704 0.00023180675947171572
1344.1793823242188 0.9998152376358258 0.00023166349656494407
1344.2001953125 0.9994586205490986 0.00023159273611426208
1344.2210083007812 1.0005728622139411 0.00023162793517898073
1344.2418823242188 0.9999515826398426 0.000231444855649
1344.2626953125 0.998380515584645 0.00023120353519474323
1344.2835083007812 1.0003203135141512 0.00023110176349945205
1344.3043823242188 0.9998499833780089 0.0002310243952175071
1344.3251953125 0.9999319811364811 0.00023092390164441471
1344.3460083007812 1.0003654451200716 0.00023084706139016642
1344.3668823242188 0.9994331007072482 0.0002308072573604715
1344.3876953125 0.9996178337396188 0.00023085418386800476
1344.4085083007812 1.00046131054738 0.00023088154609700375
1344.4293823242188 1.0001468925804027 0.0002309469144828067
1344.4501953125 1.0003261611266523 0.00023100287519939425
1344.4710083007812 1.0001231006274351 0.00023109876750373909
1344.4918823242188 0.9991854775654199 0.00023113461816966829
1344.5126953125 0.9997758236874588 0.00023124899815937485
1344.5335083007812 1.0002398931657335 0.00023138654583258156
1344.5543823242188 1.0004752251520526 0.00023149201811379952
1344.5751953125 1.0001146387509234 0.0002316058800492184
1344.5960083007812 0.9995750154360762 0.0002316491585590741
1344.6168823242188 1.0003757662183381 0.00023170456412050197
1344.6376953125 0.9999823093822482 0.00023167727573702987
1344.6585083007812 0.9992943709427032 0.0002316297383919093
1344.7210083007812 1.000334910836269 0.00023159013686048323
1344.7418823242188 1.000391240347309 0.00023151890869446148
1344.7626953125 0.9998671560685534 0.00023149499645458573
1344.7835083007812 0.99978838624576 0.0002314567977032295
1344.8043823242188 1.0000986118748083 0.00023150521796397582
1344.8251953125 1.0000506237627704 0.00023145535686950816
1344.8460083007812 0.9996744738668417 0.0002313895759082385
1344.8668823242188 1.0002326538771955 0.00023140058200082683
1344.8876953125 0.9989550064781039 0.00023126360602688977
1344.9085083007812 0.9998083666250076 0.00023124210548421505
1344.9293823242188 1.0004706010989555 0.00023123396433777065
1344.9501953125 1.0001606223428392 0.00023105335015063757
1344.9710083007812 0.999720589497081 0.00023101221873348809
1344.9918823242188 0.999461674051349 0.00023092480690071088
1345.0126953125 1.0002617400218845 0.0002309430518306512
1345.0335083007812 1.0005075794409108 0.0002308980101811094
1345.0543823242188 0.9994851037628967 0.00023082264585850694
1345.0751953125 1.0000346288019015 0.0002308774936637691
1345.0960083007812 0.999916056417285 0.0002309245929883965
1345.1168823242188 1.0004349643265122 0.00023100049931592872
1345.1376953125 1.0001538443535634 0.00023103394684717888
1345.1585083007812 0.9992724188674571 0.0002309773712402843
1345.1793823242188 1.0002505329454314 0.00023108764169629212
1345.2001953125 1.000134363037977 0.00023109670826075454
1345.2210083007812 1.0002732022676126 0.00023103786142435762
1345.2418823242188 0.9998139213574836 0.00023090936110263017
1345.2626953125 0.9991876770522952 0.0002307811550881714
1345.2835083007812 1.000762143293348 0.00023070232011675876
1345.3043823242188 0.9998856559979621 0.00023056628969436916
1345.3251953125 1.0003925655331642 0.00023050262476056457
1345.3460083007812 0.9996252264592468 0.00023039548229173223
1345.3668823242188 1.0000130984252473 0.00023035334923250184
1345.3876953125 1.0001315519060783 0.00023041708586763216
1345.4085083007812 0.9997599759131086 0.00023039073536709214
1345.4293823242188 0.9999264360877709 0.00023043225335293523
1345.4501953125 1.000172111904245 0.00023054223929870306
1345.4710083007812 1.0002367919525943 0.0002305726515807851
1345.4918823242188 0.9998920302143643 0.00023066034633194247
1345.5126953125 0.9997790376520219 0.00023073510392827853
1345.5335083007812 0.9996709578514376 0.00023085664570062574
1345.5543823242188 0.998857129047954 0.00023097361124698314
1345.5751953125 1.0003569001899195 0.00023109656146334885
1345.5960083007812 1.0003682957787459 0.00023123262720525957
1345.6168823242188 1.0001316206177642 0.00023127699231446363
1345.6376953125 0.9996304789003773 0.0002312785515993445
1345.6585083007812 0.9997334962531741 0.0002313214722834923
1345.6793823242188 0.9999192962225618 0.00023128638138406656
1345.7001953125 1.000324571378683 0.00023124428569451782
1345.7210083007812 1.0001611144500795 0.00023118188026630333
1345.7418823242188 0.9998350303841491 0.000231100271256729
1345.7626953125 0.9999122246130834 0.00023110212986817626
1345.7835083007812 0.9999039157186689 0.0002311172160366436
1345.8043823242188 1.0002311071503762 0.00023114405916436643
1345.8251953125 1.0001343816561599 0.00023112640602274332
1345.8460083007812 0.9998325288896323 0.00023108668657204537
1345.8668823242188 0.999924914848503 0.0002311014162801644
1345.8876953125 0.9997794686654436 0.0002310534702290842
1345.9085083007812 1.000313111700858 0.00023100481367761705
1345.9293823242188 1.0001868994120688 0.0002309458914628824
1345.9501953125 0.9995043841691884 0.00023082577762222913
1345.9710083007812 1.0003774199913127 0.00023074648729611453
1345.9918823242188 0.9998807753732835 0.00023068152119727116
1350.0126342773438 0.9998725109455153 0.00022862765650425563
1350.033447265625 1.0002375951046878 0.00022856954975348717
1350.0542602539062 0.9996732769671836 0.00022854642182114043
1350.0751342773438 1.000392512662808 0.00022847704430589713
1350.095947265625 0.9998190597404193 0.00022839189591524628
1350.1167602539062 1.0000969213695452 0.00022834212931346304
1350.1376342773438 0.9999309591031716 0.00022832645526084115
1350.158447265625 1.0001933031647272 0.00022825753726680295
1350.1792602539062 0.9998733989790207 0.0002282549293663062
1350.2001342773438 0.9998141527722008 0.0002281627986257104
1350.220947265625 1.000222764039816 0.00022811419473181029
1350.2417602539062 0.9996163453319895 0.00022805477768689984
1350.2626342773438 1.0003908391838918 0.0002280410319462007
1350.283447265625 1.000024493968682 0.00022801335881131567
1350.3042602539062 0.9996831905051656 0.00022804284749523748
1350.3251342773438 1.0005393564974863 0.00022808198405973576
1350.345947265625 0.9998768169095664 0.00022807620913060434
1350.3667602539062 0.9998324307847061 0.00022804128516101433
1350.3876342773438 0.9999835900831624 0.00022807417186752297
1350.408447265625 0.9996580733386693 0.00022802482502448792
1350.4292602539062 1.0001118763163506 0.00022805987797592492
1350.4501342773438 1.0005082069135471 0.0002280715398706887
1350.470947265625 0.9995785416327084 0.000227999761766616
1350.4917602539062 1.0002824958862504 0.00022800811978237104
1350.5126342773438 0.9997738371655596 0.00022798897012031707
1350.533447265625 1.0000783879723651 0.00022805935500253108
1350.5542602539062 0.999867497361144 0.0002280502058211887
1350.5751342773438 1.000575490950461 0.00022809743557150266
1350.595947265625 0.9996560180400536 0.00022808983504312759
1350.6167602539062 0.9995113181865373 0.00022806816808889805
1350.6376342773438 1.0000927714567445 0.00022811353045668355
1350.658447265625 1.0002295211122059 0.0002280699909282592
1350.6792602539062 1.0005398089655462 0.00022814638569031067
1350.7001342773438 0.9998339785679403 0.00022807961626336367
1350.720947265625 0.9996766114020154 0.00022807001509958535
1350.7417602539062 0.999644253385644 0.0002280581073725946
1350.7626342773438 1.0000612700841849 0.00022803329515928787
1350.783447265625 1.0003302583566507 0.0002280854076432837
1350.8042602539062 0.999959075141112 0.00022801133997402468
1350.8251342773438 1.000466352618812 0.000228068303238996
1350.845947265625 0.9995881339783557 0.00022807319509302975
1350.8667602539062 0.9998688718500096 0.00022807549109220713
1350.8876342773438 1.0002810041856571 0.0002280874176179058
1350.908447265625 0.9995662718162523 0.0002280339341879641
1350.9292602539062 0.9998938478507802 0.00022800329772405513
1350.9501342773438 1.000406293558815 0.00022803872421472504
1350.970947265625 1.0002924894528369 0.00022804931422279622
1350.9917602539062 1.0008648364389905 0.00022805528165044966
1351.0126342773438 0.9997479025154145 0.00022799863323964134
1351.033447265625 0.9998675769455153 0.0002280137672505375
1351.0542602539062 0.9998853826206281 0.00022800096025494347
1351.0751342773438 0.9998121117408579 0.0002280274337192134
1351.095947265625 1.0007105435384154 0.00022806828218109864
1351.1167602539062 0.9998148354679118 0.0002280323612758667
1351.1376342773438 0.9998830969953355 0.00022805664232757928
1351.158447265625 0.9998335995193999 0.00022806710509045783
1351.1792602539062 1.0000147643774264 0.0002280411071578054
1351.2001342773438 0.9999643342036033 0.00022803499283194912
1351.220947265625 0.9999540043532256 0.00022798371908775016
1351.2417602539062 1.0001898429711154 0.0002280165582559514
1351.2626342773438 1.0000068313008537 0.0002279732987758141
1351.283447265625 1.000327118650551 0.00022805841088271777
1351.3042602539062 0.999640953786616 0.0002279898906040535
1351.3251342773438 1.001187804630187 0.0002280890129941288
1351.345947265625 0.9998873868511504 0.000228009502643429
1351.3667602539062 1.0001157761189094 0.0002280876708958356
1351.3876342773438 0.9998945987939 0.0002280316007474094
1351.408447265625 1.0001567376288556 0.00022804277456665227
1351.4292602539062 0.9997759076581395 0.00022803020387807664
1351.4501342773438 1.0002598740681383 0.00022801582216270503
1351.470947265625 1.0001226194119321 0.0002280429487010826
1351.4917602539062 0.9996746488668771 0.00022802241903525745
1351.5125732421875 1.0001967235834015 0.00022801960069288835
1351.5333862304688 0.9999558559500422 0.0002281000271506174
1351.5542602539062 0.9997952744056501 0.00022807982268766163
1351.5750732421875 1.0003738866614533 0.00022805172601376045
1351.5958862304688 0.9995866335113605 0.00022805733620131515
1351.6167602539062 1.0001499907120968 0.00022806436740453083
1351.6375732421875 1.0000488298579353 0.00022808990536105116
1351.6583862304688 1.0002727874789101 0.0002280483581937873
1351.6792602539062 0.9996958698928488 0.00022810590188883004
1351.7000732421875 0.9999093152017431 0.00022802727229953782
1351.7208862304688 0.9999246831323207 0.0002280614242757469
1351.7417602539062 1.0003075326992583 0.00022806895079414413
1351.7625732421875 1.0001129134862976 0.00022809382849094424
1351.7833862304688 0.9998984503948734 0.000227986223168594
1351.8042602539062 0.9996456284753276 0.00022801933314721897
1351.8250732421875 0.9999933326409967 0.00022804953317062204
1351.8458862304688 1.0001508959227599 0.00022806706515398072
1351.8667602539062 1.0005321525108524 0.00022808008528931294
1351.8875732421875 0.9997208084293021 0.00022808567471770661
1351.9083862304688 0.9998312589433255 0.0002281194943446147
1351.9292602539062 1.0000414450851465 0.0002281469954525521
1351.9500732421875 0.9997851555205641 0.00022818649288585676
1351.9708862304688 1.0012523605060908 0.0002282268558279158
1351.9917602539062 1.0002030802600919 0.00022819470796435205
1352.0125732421875 0.9998161124788435 0.0002281366473252201
1352.0333862304688 1.0001331701657579 0.0002281489422210482
1352.0542602539062 0.999966882468859 0.00022813433645988985
1352.0750732421875 1.0003490281916256 0.00022816977414767583
1352.0958862304688 0.9996618337239833 0.00022815890978932852
1352.1167602539062 0.9999581252352104 0.0002282023215248881
1352.1375732421875 1.000180538875604 0.000228222341178847
1352.1583862304688 1.0001266844561731 0.00022827666805911223
1352.2208862304688 0.9997408576892464 0.00022828698316079596
1352.2417602539062 0.9999264812936981 0.00022828520956541385
1352.2625732421875 0.9998438831653942 0.0002282988983967807
1352.2833862304688 1.0003276352787565 0.00022836713820877617
1352.3042602539062 1.0003835398541032 0.00022838189025652962
1352.3250732421875 0.9994492131283579 0.0002283455464608475
1352.3458862304688 1.0000416614054581 0.00022833676924167992
1352.3667602539062 1.0000233857858374 0.00022836994680102015
1352.3875732421875 0.9999342077082645 0.00022840453133827118
1352.4083862304688 1.000324448454042 0.00022834920600881087
1352.4292602539062 0.9995013486742509 0.000228375954861071
1352.4500732421875 1.0002821055991755 0.00022844268476550104
1352.4708862304688 1.000499363385824 0.00022845746501552156
1352.4917602539062 0.9994893333752607 0.00022850084914788468
1352.5125732421875 0.9999911774118556 0.0002284774620759918
1352.5333862304688 1.000019277538057 0.0002285415416169746
1352.5542602539062 0.999919639152557 0.0002285612911159058
1352.5750732421875 0.9999208355394554 0.00022856763198471952
1352.5958862304688 1.0002186652749394 0.0002285371199463864
1352.6167602539062 0.9996687317391957 0.0002284836858005994
1352.6375732421875 1.0002404079460392 0.00022851355788176196
1352.6583862304688 1.0002086015349736 0.00022854112722648143
1352.6792602539062 1.0002216532162929 0.00022856791073241724
1352.7000732421875 1.0000233993818015 0.0002285905623268767
1352.7208862304688 0.9992136083982771 0.00022859172929208204
1352.7417602539062 0.9999001304617126 0.00022867101441125646
1352.7625732421875 1.0002367086220942 0.00022865723002785704
1352.7833862304688 1.0007401087485834 0.00022874210669844637
1352.8042602539062 0.9996519784039474 0.00022866364382754712
1352.8250732421875 0.9999805673831665 0.00022866204559891267
1352.8458862304688 0.9997284861840341 0.0002287156542444565
1352.8667602539062 0.999883717864783 0.00022872578720172944
1352.8875732421875 1.0005015996989965 0.00022876650634791586
1352.9083862304688 0.9996570875350237 0.0002287105358371712
1352.9292602539062 0.999952790977354 0.00022871625925720656
1352.9500732421875 0.9999434505336744 0.00022878324530812457
1352.9708862304688 1.0003612841848883 0.00022875951440302894
1352.9917602539062 1.0000799352559913 0.00022879000811590097
1353.0125732421875 0.9996672957024002 0.00022876388811530452
1353.0333862304688 1.0001703585382522 0.0002288524100773788
1353.0542602539062 1.000041056260045 0.00022891343377677494
1353.0750732421875 0.9994634053992367 0.00022886381210909869
1353.0958862304688 1.0004443876835671 0.00022895419419176365
1353.1167602539062 1.0002013981235578 0.00022897662268205637
1353.1375732421875 0.9996731685386695 0.00022899646984976947
1353.1583862304688 1.000089619056155 0.00022901178598958973
