time flux flux_err
1653.9530639648438 0.9996712945995025 0.00022342516441068697
1653.9739379882812 1.0004840385949683 0.00022361216252019306
1653.9947509765625 1.0007301896424836 0.00022316032782548274
1654.0155639648438 0.9995618169861449 0.00022331373534962204
1654.0364379882812 0.9994755380504358 0.00022350331146928762
1654.0572509765625 0.9993431201530129 0.0002234283736244868
1654.0780639648438 0.9993661202614055 0.000224200456417703
1654.0989379882812 1.0008215297848697 0.00022464991425256634
1654.1197509765625 1.000433443696215 0.0002257257889484598
1654.1405639648438 1.0001360119791416 0.0002272340056740273
1654.1614379882812 0.9999148305260654 0.00022891150065658066
1654.1822509765625 1.0002178756626239 0.0002309717875797027
1654.2030639648438 0.9993709458964378 0.0002318259727760199
1654.2239379882812 1.0005171780753992 0.00023335625202786417
1654.2447509765625 0.9997975566716735 0.00023507617100085226
1654.2655639648438 0.9995376453594372 0.000236556128694368
1654.2864379882812 1.0008488111752936 0.00023773505007977557
1654.3073120117188 0.9994410851057999 0.00023875497303353093
1654.328125 0.999772170126038 0.00023949700295991254
1654.3489379882812 1.0009861225877168 0.00024012266914284612
1654.3698120117188 0.9998727939692852 0.00024091278665000094
1654.390625 0.9992442962598771 0.00024182361161057342
1654.4114379882812 1.0001630807247883 0.0002425669457317701
1654.4323120117188 0.999795620664251 0.0002433834179661113
1654.453125 0.9997588176086427 0.0002443394816551563
1654.4739379882812 1.0008997746763697 0.0002447496283849889
1654.4948120117188 1.000545214961283 0.000245335302442598
1654.5364379882812 0.9987465176247595 0.0002469581561799293
1654.5573120117188 1.0003287928960658 0.00024789693908503093
1654.578125 1.0000174437234566 0.0002486604367863417
1654.5989379882812 1.000252870348683 0.00024920784453295967
1654.6198120117188 0.9998039092149539 0.00024970584333462807
1654.640625 0.9989984558985022 0.00024931242371548616
1654.6614379882812 1.000700949226905 0.00024944475895321324
1654.6823120117188 1.0002076740883845 0.00024936568929655406
1654.703125 1.0004398592997217 0.0002491056754663657
1654.7239379882812 1.0004643390083847 0.0002491325322836744
1654.7448120117188 0.9987775831169678 0.0002493365986006686
1654.765625 1.0001352674727388 0.0002493796415129602
1654.7864379882812 0.9994515332583278 0.00024958690884550124
1654.8073120117188 1.0013143816656442 0.0002494946881464801
1654.828125 1.0001869687617815 0.0002492825334443992
1654.8489379882812 0.9991483186509762 0.0002493823972903756
1654.8698120117188 0.9999659861728784 0.0002485104676298876
1654.890625 0.9975646693445244 0.00024784444792278604
1654.9114379882812 0.9971208468881332 0.00024717777884173954
1654.9323120117188 0.9991797729756664 0.0002464868179627567
1654.953125 1.00103152741118 0.0002457589470519223
1654.9739379882812 0.9999202780506532 0.0002452715570167367
1654.9948120117188 1.0004077876264352 0.00024471024763607336
1655.015625 1.0000602594808063 0.0002449933752855219
1655.0364379882812 1.0002599960932048 0.0002446156044796242
1655.0573120117188 0.9987747738681695 0.0002448628577041744
1655.078125 0.9998663835239858 0.00024507159193326583
1655.0989379882812 1.000034839904786 0.00024537625751137193
1655.1198120117188 1.000885970655666 0.0002459596266386467
1655.140625 1.0004525322123836 0.0002461172864895883
1655.1614379882812 0.9997737330679874 0.00024595523429116027
1655.1823120117188 0.9994252646244028 0.0002458720994664616
1655.203125 0.9992636153422482 0.00024561611214663463
1655.2239379882812 1.0002790218066961 0.00024533682842026286
1655.2448120117188 1.0014002591189364 0.000245569162840977
1655.265625 0.9998183603444749 0.0002448498320278392
1655.2864379882812 0.999169701659115 0.00024424620827760175
1655.3073120117188 0.9998227320102331 0.00024367241126222762
1655.328125 0.9997589495436026 0.00024324240624675584
1655.3489379882812 1.0003289749637283 0.00024285471784060844
1655.3698120117188 1.0005533359563328 0.00024287079434565236
1655.390625 0.9998641656397977 0.00024252500856681121
1655.4114379882812 1.0000567886465015 0.00024282327647450806
1655.4323120117188 0.9994883642694978 0.00024289038153860223
1655.453125 1.0000029372764303 0.00024302813663687676
1655.4739379882812 1.0000378414799622 0.0002433692016097191
1655.4948120117188 0.9999522481943599 0.0002437644085184059
1655.515625 1.0006490674037587 0.0002440672571196531
1655.5364379882812 1.000301877255935 0.00024451370320833257
1655.5573120117188 0.9994986369679213 0.00024504139019447985
1655.578125 1.0001719071985444 0.00024558979739582574
1655.5989379882812 0.9998284671641611 0.0002458358214183402
1655.6198120117188 0.9996310006339674 0.00024576095137743357
1655.640625 0.9999782915827387 0.000245520351555205
1655.6614379882812 0.9995558825885051 0.0002450918124956412
1655.6823120117188 1.0007589249504112 0.00024476876085633337
1655.703125 0.9998771421974447 0.0002441736260239691
1655.7239379882812 0.9995940809468085 0.00024403064707429942
1655.7448120117188 1.000950586492016 0.00024405314737143574
1655.765625 0.9995181474308759 0.0002439140296958185
1655.7864379882812 1.0002950857312995 0.00024426714070792084
1655.8073120117188 0.9998019600365873 0.0002441603136284289
1655.828125 0.999700469558374 0.00024384815226632795
1655.8489379882812 0.9994623290151858 0.00024364851761816993
1655.8698120117188 1.0006419906394866 0.00024345264670094433
1655.890625 1.0005586389749368 0.00024297484786604497
1655.9114379882812 0.9998894287083805 0.00024273307127074326
1655.9323120117188 0.9997697278876826 0.00024176053355940758
1655.953125 0.9995934807180381 0.00024121356282416062
1655.9739379882812 0.9998304414413787 0.00024081517515938671
1655.9948120117188 1.0000991714486396 0.00023990412280475355
1656.015625 1.0001677602770103 0.00023953904622210986
1656.0364379882812 1.0009322351001404 0.0002392286961825712
1656.0573120117188 0.999782553550161 0.0002387681683193679
1656.078125 0.9996826300941181 0.0002391395091039261
1656.0989379882812 0.9993070727913184 0.0002388090428978607
1656.1198120117188 0.9997289236952897 0.00023893155947190748
1656.140625 1.000339387241351 0.00023912501392745085
1656.1614379882812 1.0007593987895107 0.0002393590721528153
1656.1823120117188 0.9999885470294587 0.00023915671248329713
1656.203125 0.9995033289731957 0.00023907079806304257
1656.2239379882812 0.9999365115164478 0.00023921648469309953
1656.2448120117188 1.000286090492849 0.00023920067825229107
1656.265625 1.0007437446393834 0.0002387632200160766
1656.2864379882812 0.9987191310085658 0.00023817473947766206
1656.3073120117188 1.0001705432150336 0.00023739757526625125
1656.328125 1.000156750444747 0.0002370015407373317
1656.3489379882812 0.999695414872979 0.0002364778504374336
1656.3698120117188 1.000631727413879 0.00023610523213951138
1656.390625 1.0003973571205491 0.00023561264280665478
1656.4114379882812 0.9988668418451966 0.00023548120223255585
1656.4323120117188 1.000533225498854 0.00023604256257876404
1656.453125 1.0004103634390618 0.00023603100268389615
1656.4739379882812 1.0001010502265077 0.0002362005911635603
1656.4948120117188 0.9994877867106552 0.00023675952184359195
1656.515625 0.9992800500040834 0.00023689858190057363
1656.5364379882812 1.0005048900279898 0.00023731358135138777
1656.5573120117188 1.0004385218668987 0.0002377558613635919
1656.578125 1.0002308373402262 0.0002379477566722417
1656.5989379882812 0.9991436490344193 0.00023834038448826268
1656.6198120117188 1.0004414808089064 0.00023841225299081758
1656.640625 1.0002459932011476 0.00023831089915252749
1656.6614379882812 0.999204934944369 0.00023805892310136773
1656.6823120117188 1.0000744858564514 0.00023803901669635814
1656.703125 1.0002839734201796 0.0002375873095823088
1656.7239379882812 1.0007150055362797 0.0002373718131112078
1656.7448120117188 1.0002296686249585 0.00023726610452066082
1656.765625 0.998883942432521 0.00023730083228296953
1656.7864379882812 1.0002026902629426 0.00023750515667730145
1656.8073120117188 1.0003304503889618 0.00023764272758681617
1656.828125 0.9992281130717955 0.0002378775277943934
1656.8489379882812 1.0000625854576002 0.0002376200352888274
1656.8698120117188 1.000537157425113 0.00023753911983082524
1656.890625 1.000592050991064 0.00023716748419523056
1656.9114379882812 1.0003301626578802 0.00023715981695014536
1656.9323120117188 0.9986827639333921 0.0002365284931358626
1656.953125 0.999860760686221 0.00023615481963503107
1656.9739379882812 1.0001693066493134 0.0002354853567174899
1656.9948120117188 1.000391487302936 0.00023491907135364843
1657.015625 1.0004232198641634 0.00023441579633052507
1657.0364379882812 0.9986530725728027 0.00023387958836832987
1657.0573120117188 1.0007466109805465 0.00023365315149843704
1657.078125 1.0002993914671945 0.0002333637981900532
1657.0989379882812 1.0001905756219713 0.0002332256566332257
1657.1198120117188 0.9993852376702272 0.00023347067614976048
1657.140625 1.0002351467578088 0.00023374352905032787
1657.1614379882812 1.0005630198782212 0.00023406622093396565
1657.1823120117188 0.9997056091781638 0.0002347248035734914
1657.203125 0.9995502653504326 0.0002345822169495704
1657.2239379882812 0.9997881387795756 0.00023440381286343468
1657.2448120117188 0.999980016943953 0.00023432541576678153
1657.265625 1.0004261564303414 0.00023445346590952185
1657.2864379882812 0.9999266290803245 0.00023405801955806208
1657.3073120117188 1.0004779095213876 0.00023354845011541964
1657.328125 1.0003118429073976 0.0002330222990748913
1657.3698120117188 0.9988364996366725 0.00023208039604246208
1657.390625 0.9999890128775503 0.0002319196729912269
1657.4114379882812 0.9999612387690345 0.00023150772736516416
1657.4323120117188 1.000854808713916 0.0002313450674934324
1657.453125 1.0003319056652455 0.00023132229044898963
1657.4739379882812 0.9994351453930733 0.00023178283495156696
1657.4948120117188 0.9989042293670065 0.00023190306580837057
1657.515625 1.0007265782777262 0.0002321815269809472
1657.5364379882812 1.0000498319030853 0.0002326233153329133
1657.5573120117188 1.000882593562468 0.00023288917276503406
1657.578125 1.0001924315647959 0.00023333983306883646
1657.5989379882812 0.9991493917359722 0.00023341954606480468
1657.6198120117188 1.0000148140893912 0.00023370134554096195
1657.640625 0.9986641379764357 0.0002336141481452965
1657.6614379882812 1.0012512041128834 0.00023364283678198577
1657.6823120117188 1.0007789852080382 0.00023324206087338068
1657.703125 0.9989853397236311 0.00023272538423397193
1657.7239379882812 0.9999437708639182 0.00023255019874639983
1657.7448120117188 0.9997947844586799 0.0002324245720588176
1657.765625 1.0008645015216402 0.00023219088575345088
1657.7864379882812 1.000060363305415 0.0002322216283211474
1657.8073120117188 0.9997335234977274 0.00023215798915589777
1657.828125 0.9971993256402969 0.0002323257519430084
1657.8489379882812 0.9997524720581296 0.00023244605187344828
1657.8698120117188 1.0000765294467484 0.00023242490302330564
1657.890625 1.0001584403275796 0.00023242196552645167
1657.9114379882812 0.9995315556343454 0.00023221951863333437
1657.9323120117188 1.0004326903589245 0.0002320136549931305
1657.953125 1.0004108929275486 0.00023169868533510506
1657.9739379882812 0.9989860965500427 0.00023117080422469186
1657.9948120117188 1.000949283930844 0.0002309597149189831
1658.015625 0.9987515153820802 0.00023037245917347505
1658.0364379882812 1.000867003871316 0.00023018595766664533
1658.0573120117188 1.0000159103300785 0.000229882409323655
1658.078125 1.0002808605522036 0.00022991399140564822
1658.0989379882812 0.9995250126035482 0.00022966925086132097
1658.1198120117188 1.0003433953274299 0.00022990678915481793
1658.140625 0.9994021707315517 0.00022996712748029255
1658.1614379882812 0.9999490687889292 0.00023016307022306646
1658.1823120117188 1.0012847758751853 0.0002308489711251681
1658.203125 0.9991511049863518 0.00023104152445286715
1658.2239379882812 0.9998935581359152 0.00023110205811938751
1658.2448120117188 0.9996504334965727 0.0002312587102855054
1658.265625 1.0003739615253044 0.00023117797360525363
1658.2864379882812 0.9979936789194581 0.00023104856461151236
1658.3073120117188 0.9953918759225996 0.0002304898055719043
1658.328125 0.9918367626202618 0.00023007460487225532
1658.3489379882812 0.9929905061874428 0.0002294657892943258
1658.3698120117188 0.9988392650709697 0.00022915064266116627
1658.390625 0.9999752446427584 0.00022877027650218394
1658.4114379882812 0.9998254998991342 0.00022842022877192129
1658.4323120117188 1.0006485100938158 0.00022830968414245688
1658.453125 0.9995084976833709 0.00022837235253917327
1658.4739379882812 0.9999846922237802 0.0002285537458648136
1658.4948120117188 1.000110681269716 0.00022874316558905451
1658.515625 0.999490746297661 0.00022899708525511993
1658.5364379882812 1.0003935032168896 0.00022922578710744338
1658.5573120117188 1.0000388450488673 0.00022945379132993806
1658.578125 0.9996380383489158 0.00022980282712467418
1658.5989379882812 1.0004063736520006 0.0002300436892646369
1658.6198120117188 1.0007975848024628 0.00022989126524701654
1658.640625 0.9990987319315199 0.000230029822442068
1658.6614379882812 0.9997092269856898 0.00022984112587454408
1658.6823120117188 1.0001301338755126 0.00022965218838176787
1658.703125 1.0006444988145697 0.00022949375729249
1658.7239379882812 1.0001640535656533 0.00022960104830533227
1658.7448120117188 0.9992138003223276 0.0002292496005020002
1658.765625 1.0000178712546601 0.0002291017666059633
1658.7864379882812 0.9997614150341467 0.00022948625230689986
1658.8073120117188 0.9999591610748134 0.00022926231357272344
1658.828125 1.0006165571789158 0.00022941580742480715
1658.8489379882812 1.000932680256398 0.00022964859416637633
1658.8698120117188 0.9990364002711887 0.0002296033739192686
1658.890625 0.9994884841661055 0.0002296127837980413
1658.9114379882812 1.0000164625142665 0.00022954035132183637
1658.9323120117188 1.0001716610221842 0.00022950132200477043
1658.953125 1.0003771934736831 0.00022936735673043435
1658.9739379882812 0.9997942001999529 0.00022888316141416107
1658.9948120117188 1.0000680103018278 0.00022851441926728148
1659.015625 1.0000171217956504 0.000228396727125473
1659.0364379882812 0.9996500461673741 0.00022832427839594843
1659.0573120117188 1.0002286241340774 0.00022773198529327503
1659.078125 1.0002684483757467 0.00022763312320287385
1659.0989379882812 0.9998394864549998 0.00022753373081190633
1659.1198120117188 1.000262799679707 0.00022778153874331798
1659.140625 0.9998097419279144 0.0002277545277297978
1659.1614379882812 1.0000503358509756 0.00022809004097992818
1659.1823120117188 0.9998794209629044 0.00022855368970039203
1659.203125 0.9998966679338639 0.00022873263859432837
1659.2239379882812 1.0000838525631242 0.00022878765143825874
1659.2448120117188 0.9995097373132537 0.00022867168811571727
1659.265625 1.0002000161448472 0.0002288326642732541
1659.2864379882812 1.0002707389102679 0.00022851132177310277
1659.3073120117188 1.0003341695348482 0.00022853271844700427
1659.328125 0.9997709757816711 0.00022846349999586409
1659.3489379882812 1.000032766526498 0.00022791004345353258
1659.3698120117188 0.9994333146825634 0.00022758867039336254
1659.390625 1.0003005380233563 0.0002272632563591165
1659.4114379882812 0.9998101664961708 0.00022735762742413145
1659.4323120117188 1.000707880431783 0.00022702898608928062
1659.453125 1.0002846336465852 0.0002273988789895966
1659.4739379882812 0.999053240790247 0.00022698583061402054
1659.4948120117188 1.0001094726682436 0.0002273667139286102
1659.515625 0.9998568044384173 0.00022779828833255453
1659.5364379882812 1.0009033759238406 0.00022774118750192311
1659.5573120117188 0.9992394312241544 0.00022827690564892453
1659.578125 1.0001528617429045 0.00022807368847334026
1659.5989379882812 0.9998616345925602 0.00022855523315762236
1659.6198120117188 1.0002499957846167 0.0002283273325335011
1659.640625 0.9996204636273155 0.00022844925778589317
1659.6614379882812 1.0001868327009333 0.00022832097417462525
1659.6823120117188 1.000387645377489 0.00022831563154951197
1659.703125 1.0000086704612554 0.0002279632130590736
1659.7239379882812 0.9991801015771605 0.0002278888996410194
1659.7448120117188 1.0004604534793775 0.0002277298188227789
1659.765625 1.0002532260827497 0.00022759500087171078
1659.7864379882812 0.9998177450279491 0.00022737560998328124
1659.8073120117188 0.9999639965602355 0.00022751349447130452
1659.828125 1.0003530542420338 0.00022779482058688636
1659.8489379882812 0.9994009867922818 0.00022781451018060069
1659.8698120117188 0.9998310044085668 0.00022794552998389966
1659.890625 1.0003639288715258 0.0002282040296187826
1659.9114379882812 1.0003741211277708 0.00022826409954098694
1659.9323120117188 0.9999542503757929 0.00022813235865964983
1659.953125 0.9999313704108636 0.0002278673671544292
1659.9739379882812 0.9996473756738471 0.00022761419255315003
1659.9948120117188 0.9999546350246791 0.00022745219537811536
1660.015625 1.0000867966434575 0.00022709440018693926
1660.0364379882812 1.0004556708612293 0.00022678264290423232
1660.0573120117188 0.99991827117002 0.0002264237607841408
1660.078125 0.9995138051883078 0.0002266743969099529
1660.0989379882812 1.0001122947190215 0.00022588098852340492
1660.1198120117188 0.9999444827749278 0.0002257432330647028
1660.140625 0.9994842902904606 0.0002256616403304616
1660.1614379882812 1.000306393017811 0.00022555502385099684
1660.1823120117188 1.0014465468147824 0.00022592967303293983
1660.203125 0.9996921302925765 0.0002258933913758023
1660.2239379882812 0.9987675579025995 0.00022598938070712932
1660.2448120117188 1.0002276472042069 0.00022616428789568263
1660.265625 1.0001803970160432 0.0002262857357737922
1660.2864379882812 1.000265168880294 0.00022628891561263885
1660.3073120117188 1.0000605733812533 0.00022627183351008244
1660.328125 0.9999899541787045 0.00022597362024497002
1660.3489379882812 0.9989926859917759 0.00022607046559191204
1660.3698120117188 1.0005256665248312 0.00022562078455196845
1660.390625 1.0002126003916132 0.0002252703042865774
1660.4114379882812 1.000273026495483 0.00022521256224875534
1660.4323120117188 0.9996006434087188 0.00022483423282508518
1660.453125 1.0007944329457805 0.00022474332485770596
1660.4739379882812 0.9992580047161383 0.00022495618480258714
1660.4948120117188 0.9997309314179338 0.00022502544479078448
1660.515625 1.0000534923018098 0.00022537185564222405
1660.5364379882812 1.0005900028712689 0.00022596051094369383
1660.5573120117188 1.0004002635768148 0.00022605392771719268
1660.578125 0.9996909149502365 0.00022625549680374085
1660.5989379882812 0.9995817141959205 0.00022666037651087928
1660.6198120117188 0.9994927288317572 0.0002266328547321965
1660.640625 0.9997755031898019 0.00022681369451740287
1660.6614379882812 1.0009291900177284 0.0002268370708192657
1660.6823120117188 1.0002175068746086 0.00022654119036891188
1660.703125 0.9997335782896624 0.00022653554195305436
1660.7448120117188 0.9996590742316448 0.00022602018244841714
1660.765625 1.0002252900500046 0.00022593445452855174
1660.7864379882812 1.0003601860174718 0.00022597234742060336
1660.8073120117188 0.9998100825446476 0.00022606302362696446
1660.828125 0.9993916863476513 0.0002260768355985945
1660.8489379882812 0.9998682204222452 0.00022614975254054963
1660.8698120117188 1.0002778262804157 0.0002260746555434834
1660.890625 1.0008550214827694 0.0002260134502166067
1660.9114379882812 1.0001930229575078 0.00022662393044942623
1660.9323120117188 0.99959289033239 0.00022625669871574985
1660.953125 0.9995905938303146 0.000226310738099189
1660.9739379882812 0.9995936025893782 0.00022597412653590853
1660.9948120117188 1.0005315545390483 0.00022600383966301643
1661.015625 1.0000616010413175 0.00022553556833120207
1661.0364379882812 0.9993133831962987 0.00022522110007768302
1661.0573120117188 1.0006928570616178 0.00022516330394765018
1661.078125 1.0003183190228477 0.00022471318673454588
1661.0989379882812 0.9994839436444095 0.0002243259619065467
1661.1198120117188 0.9998080535562222 0.0002242633647413164
1661.140625 1.0001238600090347 0.0002243093195887568
1661.1614379882812 1.000347892600028 0.00022427081394946216
1661.1823120117188 1.0001591170291853 0.00022432861828243722
1661.203125 0.9996443197133288 0.0002245088665380255
1661.2239379882812 0.9998298142138131 0.0002246801450574095
1661.2448120117188 0.9999699325635716 0.00022476781163642637
1661.265625 1.0002849571960846 0.00022483849220366912
1661.2864379882812 1.0002023712682917 0.00022483883512108027
1661.3073120117188 0.9994356601423537 0.000224879707036904
1661.328125 0.9999439903594727 0.00022470508793640017
1661.3489379882812 1.000476683734009 0.0002244512564127583
1661.3698120117188 1.0002837252163337 0.00022439466806383634
1661.390625 0.9995179252817881 0.00022421779905828118
1661.4114379882812 1.0001804201101976 0.00022407298752831977
1661.4323120117188 0.9997025685136541 0.0002240673327468797
1661.453125 1.0002141996038854 0.00022383854657718303
1661.4739379882812 1.0004654237467454 0.0002241295596265353
1661.4948120117188 0.9988137229239026 0.0002238667472944546
1661.515625 1.0003738771825572 0.00022380286985267884
1661.5364379882812 1.0005662313086607 0.00022401369187163896
1661.5573120117188 0.9995886639028593 0.00022441683265295767
1661.578125 1.0000916892559406 0.00022428535173773162
1661.5989379882812 1.0003998167575794 0.00022490724323407613
1661.6198120117188 0.9996322704572158 0.00022463451114438824
1661.640625 1.0000191216308347 0.00022491999035263087
1661.6614379882812 0.9996632216440283 0.00022469733249609998
1661.6823120117188 1.000217688345063 0.00022470069439710117
1661.703125 1.0005805057996842 0.00022452449218917316
1661.7239379882812 0.9992501909478508 0.00022439613519198147
1661.7448120117188 1.000127091782824 0.00022421545788271226
1661.765625 1.0000514735548076 0.0002239301840572031
1661.7864379882812 1.0005366145402093 0.00022377687993494356
1661.8073120117188 0.9999976390478609 0.00022370738430472703
1661.828125 0.9995755070366743 0.00022389562306735492
1661.8489379882812 0.9999621074847636 0.00022391461259636553
1661.8698120117188 1.0001247718195077 0.00022423748300336765
1661.890625 0.9996669255797208 0.00022445856340363893
1661.9114379882812 1.0001453210461086 0.0002242723414522135
1661.9323120117188 0.9998107809535647 0.0002243312290141478
1661.953125 1.0002804971935095 0.00022432754064052578
1661.9739379882812 1.0007544660369947 0.00022421192143377017
1661.9948120117188 0.998885535633318 0.00022397348956059622
1662.015625 0.9999193537573273 0.00022359496200887466
1662.0364379882812 1.000480039003389 0.00022362997741292526
1662.0573120117188 1.0000350220248366 0.00022321164824374488
1662.078125 1.000318672022965 0.00022321727360763433
1662.0989379882812 0.999729306284727 0.00022253659091576615
1662.1198120117188 0.9998964789300843 0.0002223061890838472
1662.140625 0.9995273999438677 0.0002221737497093985
1662.1614379882812 1.0005869336168112 0.00022207817497299604
1662.1823120117188 0.9998071483111652 0.00022226725068628185
1662.203125 0.9998298983287656 0.00022236557781417628
1662.2239379882812 1.0005166740432547 0.00022238448394768643
1662.2448120117188 1.0001618399334578 0.0002225942445414408
1662.265625 0.9995586239250317 0.00022251788467066857
1662.2864379882812 0.9996413046477783 0.00022249883520237263
1662.3073120117188 1.00054946876364 0.00022238771484775258
1662.328125 1.000046341764582 0.0002226315213001568
1662.3489379882812 0.9997931199613586 0.00022220851367582537
1662.3698120117188 0.9997364690392385 0.00022222017472098526
1662.390625 0.9996166724076678 0.00022207464373364506
1662.4114379882812 1.0005959292344844 0.00022156324912051676
1662.4323120117188 1.0004452723577761 0.00022131331167405665
1662.453125 0.9999638398110219 0.00022115910723610974
1662.4739379882812 0.9998134745823746 0.00022110682454882843
1662.4948120117188 0.9994022085902788 0.00022128689142215314
1662.515625 1.00005537204226 0.00022135223832288973
1662.5364379882812 1.000221532139097 0.0002215690110351148
1662.5573120117188 1.0008726269496182 0.00022174875333402859
1662.578125 0.999118510377008 0.00022182520141928968
1662.5989379882812 0.9999012967202426 0.00022199157821839577
1662.6198120117188 1.0000092253837136 0.00022229900779854064
1662.640625 0.9998515416137075 0.00022235018782861303
1662.6614379882812 1.000806137183167 0.0002228837736386035
1662.6823120117188 1.0001175566676481 0.0002225149264055118
1662.703125 0.9993792481407239 0.00022257261880059766
1662.7239379882812 1.000149042726063 0.0002224214348867447
1662.7448120117188 0.9988214026989467 0.0002224269784949344
1662.765625 0.9946869195488613 0.0002221492208797628
1662.7864379882812 0.9937297196752213 0.00022186264081681153
1662.8073120117188 0.9972855442650195 0.00022205079874863972
1662.828125 1.0004663788944677 0.0002219703554821841
1662.8489379882812 0.9995262892868481 0.000221960444364194
1662.8698120117188 0.9992079952650563 0.00022193921057948591
1662.890625 1.0010298349794722 0.00022220015350834623
1662.9114379882812 1.0002062125640538 0.00022233436842488153
1662.9323120117188 0.9992006794220606 0.00022215909583706592
1662.953125 1.0001237808689385 0.0002223641137540249
1662.9739379882812 1.0004921835097849 0.00022244294757951181
1662.9948120117188 1.0000355931699596 0.00022223605418551792
1663.015625 0.999963683709352 0.00022229954123765877
1663.0364379882812 0.9990176966088026 0.00022222497563206223
1663.0573120117188 1.0002091159969018 0.00022172582860170622
1663.078125 1.0004204868386821 0.00022164315985412534
1663.0989379882812 1.0001996327155844 0.0002215111259590551
1663.1198120117188 0.9995592149071246 0.0002211909547301839
1663.140625 1.0005792639589497 0.00022095507297115703
1663.1614379882812 0.9994558629674584 0.00022081596025778704
1663.1823120117188 1.000341751023897 0.00022086163213345402
1663.203125 1.0000665677344556 0.00022100724029793157
1663.2239379882812 1.0000252952277007 0.0002212214260349609
1663.2448120117188 0.9991775150784271 0.00022148255160754927
1663.265625 1.0002681605012478 0.0002213333888955219
1663.2864379882812 1.000978483094112 0.0002215139464599546
1663.3073120117188 0.9995002502271014 0.00022140184412781583
1663.328125 0.9992841369106759 0.0002214155972289268
1663.3489379882812 1.0003943020541195 0.00022124295079995105
1663.3698120117188 1.000259672179824 0.00022117186216250614
1663.390625 1.000284212486235 0.00022104349781402354
1663.4114379882812 0.999412567472396 0.00022069130774279605
1663.4323120117188 1.0005082596354948 0.00022059258807972988
1663.453125 0.9996320928248535 0.0002202702381328343
1663.4739379882812 1.0000082608710108 0.0002204197314180558
1663.4948120117188 0.9996738219837645 0.00022026931392032646
1663.515625 1.000125588237871 0.00022028888057567137
1663.5364379882812 1.0009516870711042 0.00022044688290675247
1663.5573120117188 0.9998117554878757 0.0002206565476130211
1663.578125 0.9992861396410273 0.00022075977770983274
1663.5989379882812 0.9993016737752337 0.00022092037304870908
1663.6198120117188 1.00074632673002 0.00022100128053665222
1663.640625 1.0006888420496693 0.00022113594615559608
1663.6614379882812 0.9995481182819246 0.00022092992814653697
1663.6823120117188 0.9998534322326942 0.00022108677736459688
1663.703125 0.9998988764944703 0.00022103677724243277
1663.7239379882812 1.0002637702765371 0.00022107586009153577
1663.7448120117188 0.9999826948027849 0.00022080536292154665
1663.765625 0.9995708473057632 0.0002207619842935397
1663.7864379882812 1.0005111225257703 0.0002204815367141897
1663.8073120117188 1.000257131343032 0.000220460322340783
1663.828125 0.9995989856960003 0.00022027365588507607
1663.8489379882812 1.0000931179652421 0.000220407474158005
1663.8698120117188 0.999684915033662 0.00022035219858231373
1663.890625 1.0002561570318045 0.00022047977769699885
1663.9114379882812 0.9997596319070347 0.00022073453361489437
1663.9323120117188 0.9996505911465126 0.00022068726919213704
1663.953125 1.0004153218501997 0.00022067088077967203
1663.9739379882812 1.0006130479598592 0.00022081890251140682
1663.9948120117188 1.0001774632487916 0.00022094077815576715
1664.015625 0.9991213440617347 0.00022069643802773568
1664.0364379882812 1.0004372410218552 0.00022039815359306992
1664.0573120117188 0.9993305088897143 0.00022031897711728482
1664.078125 1.0003173333650577 0.0002202919871736541
1664.1198120117188 1.0000784356877015 0.00021978178012124405
1664.140625 0.9999678865963029 0.00021975536266378472
1664.1614379882812 0.9999584540197288 0.00021956249573027532
1664.1823120117188 1.0003809678088253 0.00021955845847694935
1664.203125 0.9999293720419847 0.00021951902668720892
1664.2239379882812 1.0003213976804652 0.00021972772927798316
1664.2448120117188 0.9993648813638448 0.00021979656800375711
1664.265625 0.9996210360113252 0.00022006595981443784
1664.2864379882812 0.9999182642737597 0.00022006173114984197
1664.3073120117188 1.0006822837638987 0.00022010125924558767
1664.328125 1.000257666588457 0.00021993183333700192
1664.3489379882812 0.9998450374872014 0.00022002660861549197
1664.3698120117188 1.0000788005826993 0.00021979657480893284
1664.390625 0.9994183456386082 0.00021969038248448831
1664.4114379882812 0.9995526321135402 0.00021961711053072855
1664.4323120117188 1.0009489839781553 0.0002194237075471587
1664.453125 1.000682308999917 0.00021911831912819322
1664.4739379882812 0.9990822988269171 0.00021904764427824376
1664.4948120117188 0.9996166045446233 0.00021904726979336486
1664.515625 1.0007094845235822 0.00021922571403512912
1664.5364379882812 1.0021222490351063 0.0002190770109212813
1664.5573120117188 1.0002657549837546 0.0002191351270390331
1664.578125 0.9995513240193218 0.0002194354729469934
1664.5989379882812 0.9994328440278856 0.00021940924310699975
1664.6198120117188 0.9995647231788034 0.00021964102235923528
1664.640625 1.0006711815458642 0.0002196761765738465
1664.6614379882812 1.0006490515659086 0.00022010842632021562
1664.6823120117188 1.000216304830301 0.00021960293223089334
1664.703125 0.9992866722677907 0.00021958611685519132
1664.7239379882812 0.9996273269141632 0.00021961804512428922
1664.7448120117188 1.000559558809825 0.00021954223864718652
1664.765625 0.9999487220442195 0.00021950329954399038
1664.7864379882812 1.0001245568764987 0.00021915427868150354
1664.8073120117188 0.9995300080692958 0.0002191503149263951
1664.828125 1.0002103675135834 0.00021896759207135582
1664.8489379882812 1.0005559448595593 0.00021875991438818822
1664.8698120117188 0.9993804715704628 0.00021881720566380717
1664.890625 0.9995018713129237 0.00021905903135191037
1664.9114379882812 1.0007129820561358 0.00021903721250785593
1664.9323120117188 1.0003573033568276 0.00021902566650800382
1664.953125 0.999911427015776 0.00021952975648414485
1664.9739379882812 0.9995828574570108 0.00021940308160267255
1664.9948120117188 1.000084704577056 0.00021918236567189373
1665.015625 0.9996493725985536 0.00021918508974982785
1665.0364379882812 1.0001176623395993 0.00021902586559467186
1665.0573120117188 1.000540795737486 0.00021892007254174943
1665.078125 1.0001205034593 0.00021880651561252868
1665.0989379882812 0.9998393773496237 0.0002186122185732022
1665.1198120117188 0.9987959996558025 0.00021831232663324825
1665.140625 1.0003643917781122 0.00021827454217847854
1665.1614379882812 1.0009086239164278 0.00021809281780970486
1665.1823120117188 0.9996335556355259 0.00021810255042432132
1665.203125 1.0004235996903987 0.0002178569892444292
1665.2239379882812 0.9996594062591899 0.00021777438402170694
1665.2448120117188 1.0001632463266499 0.0002181505855632163
1665.265625 0.9997699133527387 0.0002181979162184996
1665.2864379882812 0.9994602857641175 0.0002182861864664366
1665.3698120117188 1.0004412015061577 0.0002184376913439522
1665.3905639648438 1.0000335196084607 0.00021838986250965046
1665.4114379882812 1.0002789775509469 0.00021829453156241372
1665.4322509765625 0.9998447831605345 0.0002183253269141069
1665.4530639648438 1.000532547634094 0.00021835408775920252
1665.4739379882812 0.9992521625747913 0.00021815184701433742
1665.4947509765625 0.9997918862574895 0.00021800537737782271
1665.5155639648438 1.0004757818755377 0.00021799159795634878
1665.5364379882812 0.9998701863928968 0.00021809027777039172
1665.5572509765625 0.9999535204351953 0.00021803699211889305
1665.5780639648438 1.0001768133144435 0.0002183111004834557
1665.5989379882812 0.9995506107730617 0.00021831130171230727
1665.6197509765625 1.0001113254757859 0.00021833598937782178
1665.6405639648438 1.000680897151098 0.00021841182130040118
1665.6614379882812 0.9997711920634662 0.00021870487780714702
1665.6822509765625 0.9997828892195181 0.00021864877262225046
1665.7030639648438 0.9994243436144448 0.00021847946212231182
1665.7239379882812 1.0005237231993294 0.00021862406388749732
1665.7447509765625 1.0002512053750297 0.0002185541948160922
1665.7655639648438 1.0004148644832636 0.00021830449419771964
1665.7864379882812 0.9991881455936623 0.00021858202791275378
1665.8072509765625 0.9997134495631061 0.00021828461771817692
1665.8280639648438 1.000257656932612 0.00021839403373163167
1665.8489379882812 1.0006338562708708 0.00021798130571531812
1665.8697509765625 0.999927121483096 0.0002178537723793953
1665.8905639648438 0.9996101335334074 0.00021792886677524882
1665.9114379882812 1.0001745356176426 0.00021827130589263948
1665.9322509765625 0.9997525653244421 0.00021834321871193798
1665.9530639648438 1.0000315412167697 0.0002185504913524496
1665.9739379882812 0.9993212678906785 0.00021851774496640564
1665.9947509765625 1.0007614879583102 0.00021855368632366383
1666.0155639648438 1.0001296986524062 0.00021831917162421307
1666.0364379882812 1.0001982649304317 0.00021841892519409124
1666.0572509765625 1.000213840817069 0.00021832801732766136
1666.0780639648438 0.9991507394657553 0.00021857802316870324
1666.0989379882812 1.0000519727813768 0.00021832008670309412
1666.1197509765625 1.000092525331958 0.00021824254007769592
1666.1405639648438 1.0002884841097708 0.0002180924082389965
1666.1614379882812 1.0000535146183391 0.00021830881155041933
1666.1822509765625 1.000019572298803 0.00021814441147747005
1666.2030639648438 1.0000539118507423 0.00021797871201454757
1666.2239379882812 0.9998148452100409 0.0002180504746841554
1666.2447509765625 0.9994214223209633 0.00021809647234412983
1666.2655639648438 1.0002024587238239 0.00021819022066834164
1666.2864379882812 1.000243161397614 0.00021853179328519786
1666.3072509765625 1.0002303353729363 0.0002183663181007608
1666.3280639648438 1.0001934650457476 0.00021867264182392874
1666.3489379882812 0.9998714388737433 0.0002184355036838678
1666.3697509765625 0.9998868380362037 0.0002184217224664042
1666.3905639648438 0.999490222886756 0.0002186766263202175
1666.4114379882812 0.9998027686578199 0.0002188652683426148
1666.4322509765625 1.0004809752863404 0.0002184020327488408
1666.4530639648438 1.0009182106933343 0.00021854030010092393
1666.4739379882812 0.999572392688557 0.00021802824217536529
1666.4947509765625 0.9994236320803105 0.00021819560276544728
1666.5155639648438 1.0002027996936518 0.00021781645364356752
1666.5364379882812 1.000156181170641 0.0002178622778682287
1666.5572509765625 0.9993356633140188 0.00021787686762965428
1666.5780639648438 1.0005842565651961 0.00021776998383916786
1666.5989379882812 0.9996667957297507 0.00021791018228605827
1666.6197509765625 1.0005851953049094 0.00021800538773773066
1666.6405639648438 0.9992776495869109 0.00021800080317011406
1666.6614379882812 1.000209741656281 0.00021820474602687894
1666.6822509765625 1.0002143584851453 0.0002185097150235088
1666.7030639648438 1.0006185601338593 0.00021840205503437446
1666.7239379882812 0.9996585017747718 0.0002182016292842059
1666.7447509765625 0.9993400366952504 0.00021803691344474073
1666.7655639648438 1.0000308803068823 0.0002181435303422866
1666.7864379882812 0.9999775955058414 0.00021791960933088546
1666.8072509765625 1.0004961832438872 0.00021793298835406474
1666.8280639648438 1.0000207712000788 0.00021815077055725894
1666.8489379882812 0.999689723228681 0.00021763501838255404
1666.8697509765625 1.000547598057544 0.00021774375468678922
1666.8905639648438 0.999884689247946 0.0002180246778542318
1666.9114379882812 0.9999708672820705 0.0002176634449035094
1666.9322509765625 0.9994040078221986 0.00021785237013034712
1666.9530639648438 0.9995689444367559 0.0002182286165835014
1666.9739379882812 1.000716150515049 0.00021804614513306594
1666.9947509765625 1.0001157635140336 0.00021816004222977275
1667.0155639648438 1.0002958617206463 0.00021817039400614678
1667.0364379882812 0.9993992675364463 0.00021811848803423388
1667.0572509765625 1.0001738521400885 0.0002180548993593648
1667.0780639648438 0.9998078023873335 0.00021816764500570525
1667.0989379882812 1.0002218323217726 0.00021808778352242132
1667.1197509765625 1.0000872307090207 0.00021805910716220095
1667.1405639648438 0.9997611553059175 0.00021808817001427706
1667.1614379882812 1.000118195944365 0.00021794329426775338
1667.1822509765625 1.0035475533318363 0.00021938053224158192
1667.2030639648438 0.9976877305775327 0.000217585401106361
1667.2239379882812 0.9944158606872423 0.00021759687858505027
1667.2447509765625 0.9949144392103136 0.00021741466804457905
1667.2655639648438 0.9977560867735764 0.0002178297136042811
1667.2864379882812 0.9997566232289629 0.00021817557038031964
1667.3072509765625 0.9998467451294454 0.0002181247707917834
1667.3280639648438 1.0005589257576735 0.00021816191897453736
1667.3489379882812 1.0004372062788385 0.0002180615318965899
1667.3697509765625 1.000227889426025 0.00021822435352847807
1667.3905639648438 0.9990695055319013 0.00021816981471461746
1667.4114379882812 0.9995537526742593 0.00021855542188026808
1667.4322509765625 1.0000498079184246 0.00021841888372604594
1667.4530639648438 1.0005605457065314 0.00021800986368502686
1667.4739379882812 1.0006829850221333 0.00021781448754733062
1667.4947509765625 0.9994997296221269 0.00021771944258049938
1667.5155639648438 0.999572060549259 0.00021763450131771393
1667.5364379882812 1.0002271216727008 0.00021781004095220677
1667.5572509765625 1.0000788818789386 0.0002176155954746368
1667.5780639648438 0.999595291070171 0.00021786203686339348
1667.5989379882812 1.0005847343859828 0.00021786785683205974
1667.6197509765625 1.0003036145225934 0.00021790760157721674
1667.6405639648438 0.9995404702017487 0.00021809880603010275
1667.6614379882812 0.9998616958753838 0.00021829329214072878
1667.6822509765625 1.0001233107760241 0.00021837146330181025
1668.6405639648438 0.9997107806250861 0.0002232503371102369
1668.6614379882812 1.0005795791484198 0.00022413913850525627
1668.6822509765625 0.999820028432728 0.00022538967875242579
1668.7030639648438 0.9996976602021401 0.0002261746398777146
1668.7239379882812 1.0002472562897864 0.0002274363659017232
1668.7447509765625 0.9996502406656192 0.0002287343372968092
1668.7655639648438 1.0004577503428145 0.00022968897736121307
1668.7864379882812 1.000783132344268 0.00023102418179753514
1668.8072509765625 0.9987219478505602 0.00023203590509569475
1668.8280639648438 1.0004953457788033 0.00023304829834168214
1668.8489379882812 1.000181195181293 0.00023361986673026803
1668.8697509765625 0.9997038953094994 0.00023392939210437337
1668.8905639648438 0.9998798031829048 0.00023400965873245566
1668.9114379882812 1.0002020955294446 0.0002338917331336366
1668.9322509765625 0.9993885314151775 0.00023377973603021414
1668.9530639648438 1.0002571682446102 0.00023322887430401022
1668.9739379882812 0.9996976649333169 0.00023297804840274024
1668.9947509765625 1.0011738820475968 0.00023303169040053714
1669.0155639648438 0.9995592276060911 0.00023313226003513138
1669.0364379882812 0.9999698690277592 0.00023360253606485143
1669.0572509765625 1.0005131118805257 0.00023400522280392512
1669.0780639648438 0.9992732535946048 0.00023454534492929063
1669.0989379882812 0.9999170468054976 0.00023478170938390694
1669.1197509765625 1.000044300220678 0.00023486037261298364
1669.1405639648438 0.9998526677766556 0.0002348417543656625
1669.1614379882812 1.0006927339141665 0.00023490104417700803
1669.1822509765625 0.9992111565205528 0.00023510340592375044
1669.2030639648438 1.0006471956200527 0.00023504590518644782
1669.2239379882812 0.9997294806588947 0.00023522423768453167
1669.2447509765625 0.9998168070741791 0.0002353819519418837
1669.2655639648438 1.0004016183756193 0.0002352772170397165
1669.2864379882812 0.9996483758696888 0.00023538380928954684
1669.3072509765625 0.9998956145108586 0.00023551599822552893
1669.3280639648438 1.0000215600740308 0.0002355211353617421
1669.348876953125 1.0003083850699062 0.00023582624074275024
1669.3696899414062 1.000765106242157 0.00023602148167870693
1669.3905639648438 0.9990012046735812 0.00023610212400684965
1669.411376953125 0.9995430650970718 0.0002362604174526058
1669.4321899414062 1.000357008332081 0.0002366695092238742
1669.4530639648438 1.0002583893560852 0.00023713490277797874
1669.473876953125 1.0007491343210053 0.00023726342975078493
1669.4946899414062 0.999878000793067 0.00023765537348072305
1669.5155639648438 0.9990210465725801 0.00023851269314708419
1669.536376953125 0.9997247556976805 0.00023860215529328943
1669.5571899414062 1.0009156550865443 0.0002387125810546425
1669.5780639648438 1.0002981846174177 0.0002386243488486976
1669.598876953125 0.9987197930379047 0.0002387154382809703
1669.6196899414062 1.0007305812386809 0.00023850574158192572
1669.6405639648438 0.9994424482043118 0.00023856585915521083
1669.661376953125 1.0006829235807675 0.0002381193240923725
1669.6821899414062 1.0000047693643506 0.00023793484099488886
1669.7030639648438 1.0003900880913026 0.0002375884023420522
1669.723876953125 0.9988178772037836 0.00023722162601141214
1669.7446899414062 1.0002857198999084 0.000237232649371361
1669.7655639648438 1.000288229137397 0.00023703750522151022
1669.786376953125 1.0002248244990712 0.00023685865995777043
1669.8071899414062 1.000308768857023 0.00023686700677089847
1669.8280639648438 0.9991363682009494 0.0002370869387565831
1669.848876953125 1.0007545326045577 0.0002370249026278316
1669.8696899414062 0.9996287823652338 0.0002371154609594494
1669.8905639648438 0.9999851311353282 0.00023678404098317776
1669.911376953125 0.9999963016801243 0.00023658865844448262
1669.9321899414062 1.0005537211549338 0.00023599944531956099
1669.9530639648438 0.9992618423891063 0.00023551583455031796
1669.973876953125 0.9996077886623707 0.00023487978444442227
1669.9946899414062 0.9997440312452047 0.00023425254036552246
1670.0155639648438 1.0009035292916484 0.00023399979113769754
1670.036376953125 1.0005429161879216 0.0002335560995016263
1670.0571899414062 0.9995746143582089 0.00023332285328149977
1670.0780639648438 1.0000801122958274 0.00023331545680383835
1670.098876953125 1.0000600506452277 0.00023341128970451888
1670.1196899414062 0.9996294053268346 0.00023337282081913632
1670.1405639648438 0.9989223776720882 0.00023338773763342577
1670.161376953125 1.0011035197703775 0.0002331012250001017
1670.1821899414062 1.0006864599314007 0.00023290471392488316
1670.2030639648438 0.9994854843319579 0.00023264422881939077
1670.223876953125 0.9997485503539668 0.0002324823220472185
1670.2446899414062 1.000238015785306 0.00023217598428207955
1670.2655639648438 0.9994097970236906 0.0002319828477197408
1670.286376953125 1.000246340841851 0.00023151361719907747
1670.3071899414062 0.9998345296225682 0.000231466741025156
1670.3280639648438 1.0010460165036525 0.00023133385969397423
1670.348876953125 0.9998209904766421 0.00023182298011138337
1670.3696899414062 0.9995110942488727 0.00023125671881454423
1670.3905639648438 0.999830197799581 0.00023143269926626002
1670.411376953125 1.000170172774741 0.0002313791763330373
1670.4321899414062 0.9997433736793986 0.00023141412961491889
1670.4530639648438 0.9999488667719181 0.00023135533427232302
1670.473876953125 1.0000705710953572 0.00023175709044239755
1670.4946899414062 1.0007562943499273 0.00023151318372193586
1670.5155639648438 0.9998127541111456 0.00023182068760453496
1670.536376953125 0.9996083153318197 0.0002322571678862888
1670.5571899414062 0.9993874318297854 0.00023223798840105877
1670.5780639648438 1.0004501336400258 0.00023231925405409505
1670.598876953125 1.0008340138173841 0.00023252783601022167
1670.6196899414062 0.999645123658503 0.00023285313529388532
1670.6405639648438 1.0001219524515548 0.00023299021943812634
1670.661376953125 0.9987899015410615 0.00023316641658620242
1670.6821899414062 1.0005613266408357 0.00023307568667224328
1670.7030639648438 1.000143340622325 0.00023310023896368497
1670.723876953125 1.0004543183522028 0.00023292101877564884
1670.7446899414062 1.0003467586380144 0.00023307106573436107
1670.7655639648438 0.9994424183043362 0.0002331040949090214
1670.786376953125 0.9997789695608245 0.00023344749382698065
1670.8071899414062 0.9996046485351465 0.0002332988627907234
1670.8280639648438 1.0006413721340206 0.0002333991200268745
1670.848876953125 1.0001284526147967 0.0002333886273595325
1670.8696899414062 0.9997630816534842 0.0002332643387822079
1670.8905639648438 0.9997492544362793 0.00023323778889984797
1670.911376953125 1.0000295667831935 0.00023268936790865483
1670.9321899414062 1.0000357075324369 0.00023233202945738252
1670.9530639648438 1.000151994310323 0.00023178699972240509
1670.973876953125 1.000177069785601 0.0002314511415040025
1670.9946899414062 0.9999391454123145 0.00023102559122347558
1671.0155639648438 0.9994778671121045 0.0002309645186644091
1671.036376953125 0.9998518888381447 0.00023054595096182724
1671.0571899414062 1.0007543086288584 0.00023041686800162305
1671.0780639648438 1.0001894549640808 0.0002302839316432195
1671.098876953125 0.9998640277119597 0.0002302683038283987
1671.1196899414062 0.999386164070567 0.00023050549396609962
1671.1405639648438 1.000353455550004 0.00023050538694295854
1671.161376953125 1.0006838249103307 0.00023034853084026995
1671.1821899414062 0.9989856928332151 0.00023040151686427068
1671.2030639648438 1.0001497468718203 0.0002303997838906863
1671.223876953125 1.0002425876147092 0.00022996485960032843
1671.2446899414062 0.9999252004984576 0.0002298026189873182
1671.2655639648438 0.9998384260229478 0.000229212539184837
1671.286376953125 1.0007162359831094 0.00022920152380105966
1671.3071899414062 0.998953732126389 0.00022885965252803913
1671.3280639648438 1.0002108507146859 0.0002286688579999333
1671.348876953125 1.0001408356550314 0.00022884989964085044
1671.3696899414062 1.0004708289636302 0.00022845107150891862
1671.3905639648438 1.0001608433800777 0.00022855929996229454
1671.411376953125 0.9995375146746069 0.00022839576640978259
1671.4321899414062 0.9994152938885427 0.00022873185975735694
1671.4530639648438 1.0008800497330679 0.00022857086779253755
1671.473876953125 0.9999893551250704 0.00022861470840458752
1671.4946899414062 0.9998709232063584 0.0002287242181087896
1671.5155639648438 0.9991244007292307 0.00022874062291790694
1671.536376953125 1.0004833090328378 0.00022900377122075209
1671.5571899414062 1.0004923607564415 0.00022901667156762783
1671.5780639648438 1.0000972897525289 0.000229024443273688
1671.598876953125 0.9994182719399933 0.00022897836764690713
1671.6196899414062 1.0002151904469014 0.00022923546840114407
1671.6405639648438 1.0002433509469557 0.00022922082468150836
1671.661376953125 0.9959646420320416 0.00022894887039897761
1671.6821899414062 0.9917922963049867 0.0002292870617484355
1671.7030639648438 0.9922977798135331 0.00022900316511924836
1671.723876953125 0.9978404795413239 0.0002291956104712004
1671.7446899414062 0.9999556359287382 0.00022944572363559824
1671.7655639648438 1.0008029015345254 0.00022976513729665917
1671.786376953125 0.9994985585511064 0.0002296197590033998
1671.8071899414062 0.9995552695900944 0.0002298554803621783
1671.8280029296875 1.0001676311422478 0.00022978736172262864
1671.8488159179688 0.9991961274600751 0.00022997799314103696
1671.8696899414062 0.9998476472486982 0.00022995492368204149
1671.8905029296875 1.0008787140966884 0.00022977865267471514
1671.9113159179688 1.0001139246096364 0.00022974897270951992
1671.9321899414062 1.0002774612066383 0.00022920389659927064
1671.9530029296875 0.9987251252633821 0.00022864094540802566
1671.9738159179688 1.0004787779242903 0.0002287322181000343
1671.9946899414062 0.999996932999456 0.0002282173161392559
1672.0155029296875 1.0005395659174094 0.0002280271598007473
1672.0363159179688 0.9993817931840888 0.00022793595548401693
1672.0780029296875 1.0002493578007734 0.0002277120231584936
1672.0988159179688 1.0000718633863517 0.00022750977969876785
1672.1196899414062 1.0005357385902816 0.0002275204555637003
1672.1405029296875 0.9994045715908304 0.00022738205549460027
1672.1613159179688 1.000088368001232 0.00022740775506198906
1672.1821899414062 0.9997504821048274 0.00022723446590749334
1672.2030029296875 0.9998245633195972 0.00022714489750216968
1672.2238159179688 1.0000978995350531 0.00022695481789659238
1672.2446899414062 1.0005087334895897 0.0002265978508422717
1672.2655029296875 0.9999495191613991 0.00022617610250422288
1672.2863159179688 0.9991434337106408 0.00022597540548425715
1672.3071899414062 1.0006675925473993 0.00022559077964099492
1672.3280029296875 0.999944377845029 0.00022574791147133004
1672.3488159179688 1.0002774174619673 0.00022536697618505029
1672.3696899414062 0.9996685044417322 0.0002253540796616623
1672.3905029296875 0.9999529100224082 0.0002254699463298259
1672.4113159179688 1.0006012497158348 0.00022542634771183684
1672.4321899414062 0.9997050885487647 0.00022567553426051853
1672.4530029296875 1.000145574961205 0.00022564738440887275
1672.4738159179688 0.9995280175296068 0.00022562054666575034
1672.4946899414062 0.999604430170598 0.00022562082961998507
1672.5155029296875 1.0003163177502967 0.00022596033319541753
1672.5363159179688 1.0003486498526264 0.00022611830222870767
1672.5571899414062 0.9997421586626546 0.0002260795553134527
1672.5780029296875 1.000199319385894 0.00022581072635263262
1672.5988159179688 0.9999344184376413 0.00022577986234388316
1672.6196899414062 0.9998494703136982 0.00022576979751721678
1672.6405029296875 1.0005276190260077 0.00022586738057143026
1672.6613159179688 1.0000336136358252 0.00022576677781101784
1672.6821899414062 0.999251892543864 0.00022588585127470797
1672.7030029296875 1.0004583938322043 0.00022618115890371107
1672.7238159179688 0.9993776626993495 0.00022609107469665792
1672.7446899414062 1.0000725307473133 0.00022614827281350363
1672.7655029296875 1.0008653994166663 0.00022654241219682058
1672.7863159179688 1.0001476720839628 0.0002265691101388617
1672.8071899414062 0.9997192531616258 0.00022695429794289455
1672.8280029296875 0.9997430279445716 0.00022726249157559747
1672.8488159179688 0.9994028047601489 0.00022720093625476693
1672.8696899414062 1.0006250948970896 0.00022707830631324394
1672.8905029296875 0.999347209534847 0.00022684337470045207
1672.9113159179688 1.0003849932996745 0.00022655495119501881
1672.9321899414062 1.0006935726745425 0.00022642381097075754
1672.9530029296875 0.999640461580323 0.00022631416320252842
1672.9738159179688 0.9998652380418339 0.00022611497150508417
1672.9946899414062 0.9996414865412899 0.00022578203646479687
1673.0155029296875 1.0003841559177131 0.00022574596743426875
1673.0363159179688 1.0003775716239058 0.00022564405281361893
1673.0571899414062 0.9991798517023491 0.00022557970238113806
1673.0780029296875 1.000898184415424 0.00022544283734595027
1673.0988159179688 0.9991342262002998 0.00022536128945555708
1673.1196899414062 1.000286570412723 0.00022532481520781559
1673.1405029296875 1.0004098746224728 0.00022538320022684073
1673.1613159179688 0.999856550680362 0.00022541044195816006
1673.1821899414062 1.0000159435371543 0.0002253656097893014
1673.2030029296875 0.9998723049634861 0.0002252174832485252
1673.2238159179688 0.9994523621061306 0.00022508721690538917
1673.2446899414062 1.0001917171902976 0.0002252825203647324
1673.2655029296875 1.00044317754831 0.0002246632443577111
1673.2863159179688 0.9999997094133958 0.00022447215160584013
1673.3071899414062 0.9997621714847041 0.0002240666988567219
1673.3280029296875 0.999608446659084 0.00022423918376344296
1673.3488159179688 1.0002576099002132 0.00022382763446010285
1673.3696899414062 1.0006937319541895 0.0002238957400321962
1673.3905029296875 1.000121909438882 0.00022392687450606942
1673.4113159179688 0.9994100620953792 0.00022417505559532328
1673.4321899414062 0.9994769777203989 0.00022425532273455704
1673.4530029296875 1.0006276853469964 0.0002243331330862551
1673.4738159179688 1.0202928502227275 0.0002726320047497453
1673.4946899414062 1.0001765615269675 0.0002242972369905065
1673.5155029296875 0.9995800955328188 0.0002244434504766702
1673.5363159179688 1.0004450251568737 0.00022455637840408326
1673.5571899414062 0.9994938979379786 0.0002247134727485261
1673.5780029296875 1.0002366434076841 0.00022475086356968873
1673.5988159179688 0.9997193486177322 0.000224915910619175
1673.6196899414062 0.9999584498274681 0.00022484495386500367
1673.6405029296875 1.0003646082410047 0.00022501677596987318
1673.6613159179688 0.999987886776509 0.0002250887341630455
1673.6821899414062 0.9998794413599114 0.00022517616579210037
1673.7030029296875 1.0006395683459082 0.0002253679672094696
1673.7238159179688 0.9992166009252739 0.00022570176039364638
1673.7446899414062 0.9997881398814611 0.0002256896325461454
1673.7655029296875 1.0000060182587782 0.00022588606671462882
1673.7863159179688 1.0003317147587099 0.0002257467855043175
1673.8071899414062 1.000679108043796 0.00022589599403790618
1673.8280029296875 0.9996274912336645 0.0002259348371508269
1673.8488159179688 1.0000644247534587 0.00022617030520302785
1673.8696899414062 0.999636937328523 0.00022629653064743055
1673.8905029296875 0.9997855107871417 0.0002258447816142742
1673.9113159179688 0.9999737180977658 0.00022571394659436797
1673.9321899414062 1.0000557959834873 0.00022542236731460692
1673.9530029296875 1.0009778829973333 0.00022511852123480733
1673.9738159179688 0.9990814457280467 0.00022472512000320407
1673.9946899414062 1.00009147884378 0.0002244924721838563
1674.0155029296875 1.0001733253799554 0.00022431575413596315
1674.0363159179688 0.9997931187514959 0.00022423433259590212
1674.0571899414062 0.9997561474216945 0.00022417920325665808
1674.0780029296875 1.000248336864734 0.0002240928148850536
1674.0988159179688 1.0002990146488084 0.00022392848809208018
1674.11962890625 1.000266952420288 0.00022405428892268833
1674.1404418945312 0.9994879131448011 0.0002240301705258508
1674.1613159179688 1.000326477904188 0.00022389284037643712
1674.18212890625 0.9992703167062036 0.0002240252502563071
1674.2029418945312 1.0005604817653027 0.00022400153323220374
1674.2238159179688 0.9996564881029738 0.00022395774965184198
1674.24462890625 1.0005749585432253 0.0002235368044278449
1674.2654418945312 1.0001317765794249 0.00022332617316048458
1674.2863159179688 0.9987581562745755 0.00022309841365058993
1674.30712890625 1.00058018490624 0.00022309476577744874
1674.3279418945312 1.000546449137849 0.00022263700134989072
1674.3488159179688 1.000008163457853 0.00022246129044772942
1674.36962890625 0.9993201412438664 0.00022229455944108655
1674.3904418945312 1.000321795806238 0.00022265882322387306
1674.4113159179688 0.999792661680131 0.0002222633292393421
1674.43212890625 1.0008546185397462 0.00022249930405690186
1674.4529418945312 0.9993344592554765 0.00022258345286253154
1674.4738159179688 0.9995226581767692 0.00022245281905497604
1674.49462890625 1.0003370813915293 0.0002226455915123732
1674.5154418945312 1.0003768068678391 0.00022289217082244775
1674.5363159179688 0.9998594895080632 0.00022321853476823752
1674.55712890625 1.0000719158969882 0.00022318170983872827
1674.5779418945312 1.0003852569351943 0.0002233387954920976
1674.5988159179688 0.9994441005114494 0.00022339578142567987
1674.61962890625 0.9998038773080161 0.00022355605483966528
1674.6404418945312 0.9995428546309255 0.0002235913327659199
1674.6613159179688 1.000787804013762 0.00022410699946432037
1674.68212890625 1.0003892271343595 0.0002241305964552813
1674.7029418945312 0.9989120762743727 0.00022416338094049588
1674.7238159179688 1.0010311087776709 0.00022440135426902435
1674.74462890625 1.0002059717711798 0.0002245433041046327
1674.7654418945312 0.999303928253923 0.00022457242497717
1674.7863159179688 0.9996408361324485 0.00022478363003827938
1674.80712890625 1.0001481484279997 0.00022491389606985523
1674.8279418945312 0.9999314003393666 0.0002249182817019412
1674.8488159179688 1.0008523570883907 0.00022518218177582295
1674.86962890625 0.9998931323251571 0.0002248693326434808
1674.8904418945312 0.9997245735988295 0.0002245989635295885
1674.9113159179688 0.9993325205589098 0.00022449568719269127
1674.93212890625 1.0004834212193339 0.00022413555714696613
1674.9529418945312 1.0000517049868012 0.00022382356427256994
1674.9738159179688 0.9995209907331248 0.00022384357856032174
1674.99462890625 1.0005325523028594 0.00022318179009469025
1675.0154418945312 1.0003471497347243 0.00022289701203198945
1675.0363159179688 0.9996495066328671 0.00022326610403840432
1675.05712890625 0.9999450606308631 0.0002227922095512992
1675.0779418945312 0.9994486884386203 0.00022301420363335055
1675.0988159179688 1.0009212308638409 0.00022295267584206051
1675.11962890625 0.999892780819325 0.0002228576777897614
1675.1404418945312 1.0002615711484266 0.0002227920793789839
1675.1613159179688 0.99970111906113 0.00022287668440394695
1675.18212890625 0.9990905987617094 0.000222441176272179
1675.2029418945312 1.0000672965299726 0.00022254475114508174
1675.2238159179688 1.0000172392776139 0.0002222977475550702
1675.24462890625 1.000797799945041 0.00022230916813238314
1675.2654418945312 1.000820175956806 0.00022231905344999927
1675.2863159179688 0.9996844741165933 0.00022169742277205128
1675.30712890625 0.9990577457281992 0.00022143800651512635
1675.3279418945312 0.9998381005047629 0.0002212505180179132
1675.3488159179688 1.0004327689331047 0.00022120521398933928
1675.36962890625 0.9994735439686859 0.0002210544457880786
1675.3904418945312 1.0001026571827025 0.00022103322391515986
1675.4113159179688 1.0007221908710546 0.00022117244895328837
1675.4529418945312 0.9995650981493555 0.00022155521913430252
1675.4738159179688 1.000636141256899 0.00022140974166086092
1675.49462890625 0.9999641102413891 0.00022153480904537503
1675.5154418945312 0.9992159198810175 0.00022178980207758465
1675.5363159179688 1.0003346467364511 0.00022188229502119545
1675.55712890625 0.9994535161371172 0.00022180805921943606
1675.5779418945312 1.0007322759203638 0.00022183153034716077
1675.5988159179688 0.9993306901429656 0.0002220740548603456
1675.61962890625 1.0003475156719228 0.00022174313278158265
1675.6404418945312 1.0005528475761598 0.00022186299570867016
1675.6613159179688 0.9994321803831833 0.00022182536099742603
1675.68212890625 1.0003296721716075 0.00022179003582432905
1675.7029418945312 0.9994581880197828 0.00022183629999088965
1675.7238159179688 1.0001747974009847 0.00022196525172194962
1675.74462890625 1.0001077879777793 0.0002221401334163053
1675.7654418945312 0.999823376052495 0.00022211380780826092
1675.7863159179688 1.0011071872828947 0.00022233110172758337
1675.80712890625 0.9992684966661901 0.0002224484195531302
1675.8279418945312 0.9991727951064734 0.00022257764715055738
1675.8488159179688 1.0004323946732383 0.00022282002932499196
1675.86962890625 1.0006535792056466 0.00022275776741337926
1675.8904418945312 1.0000759585176842 0.00022269744254753426
1675.9113159179688 0.999285534719086 0.00022253625990195072
1675.93212890625 1.0001539915431088 0.00022226782214004157
1675.9529418945312 0.9997710135402832 0.00022212494213148776
1675.9738159179688 1.000120333659175 0.00022180806175186733
1675.99462890625 1.0005185135666093 0.00022151584396194247
1676.0154418945312 0.9997547899640773 0.00022132996382266058
1676.0363159179688 1.0004386859549286 0.000221257815582123
1676.05712890625 1.0004547984221337 0.0002213457119888533
1676.0779418945312 0.9993438768159197 0.00022119806044482228
1676.0988159179688 0.9997406435593487 0.00022113059544482872
1676.11962890625 0.9953650782611904 0.00022096993687199153
1676.1404418945312 0.9939661684627061 0.00022132208599766096
1676.1613159179688 0.9962244623965166 0.0002211050806105481
1676.1820678710938 0.9996838340445788 0.00022147059701413093
1676.2029418945312 1.0004889077535322 0.00022127750269548705
1676.2237548828125 0.9997462480597292 0.00022097249597003926
1676.2445678710938 1.0005598187265874 0.00022149821237329325
1676.2654418945312 0.9994566423117272 0.00022095391413176984
1676.2862548828125 1.00028870152479 0.00022048301487985527
1676.3070678710938 0.9996260205710714 0.00022036919856516232
1676.3279418945312 0.9998775649811114 0.00022011201579708685
1676.3487548828125 1.000606359298832 0.00021979924537211828
1676.3695678710938 1.0000121526191865 0.00021971017363560318
1676.3904418945312 0.9997967311303524 0.00021968811482745646
1676.4112548828125 0.9997990068231242 0.00021976851409574583
1676.4320678710938 1.0000655674813106 0.0002198204502447288
1676.4529418945312 0.9995871019592885 0.00022003005632300623
1676.4737548828125 1.0002358401655471 0.00021989815251383145
1676.4945678710938 1.0001855194231937 0.0002203304586539074
1676.5154418945312 1.0006606650822487 0.00022012717163173018
1676.5362548828125 0.9998117169129789 0.00022024221718169192
1676.5570678710938 0.9992117165110072 0.00022051657070889185
1676.5779418945312 0.9999969438840816 0.0002203567878854624
1676.5987548828125 0.9999822646158333 0.000220472119585665
1676.6195678710938 1.000715216945276 0.00022046760994151596
1676.6404418945312 0.9996649081407178 0.0002203095886995075
1676.6612548828125 0.9998716540944597 0.00022033104891239837
1676.6820678710938 1.0003186236835588 0.00022062569561113115
1676.7029418945312 1.0002566476691885 0.00022043321103497633
1676.7237548828125 0.999877424687708 0.0002205700324311759
1676.7445678710938 0.998640898534329 0.00022088461757114808
1676.7654418945312 1.0007603460023695 0.00022082098945405853
1676.7862548828125 1.0000307635090697 0.00022083629051821712
1676.8070678710938 1.0007879892400642 0.00022096874883912836
1676.8279418945312 1.000250124873311 0.00022084457983265174
1676.8487548828125 0.9987494351543599 0.00022096485702201407
1676.8695678710938 1.000222819252496 0.00022103950573697912
1676.8904418945312 1.0004194895422251 0.00022102854199791837
1676.9112548828125 0.9995366164809402 0.00022083849385331363
1676.9320678710938 0.9996447108320781 0.00022051596399621923
1676.9529418945312 1.0001736156392176 0.00022026038210542354
1676.9737548828125 1.0009632793907661 0.00021991008305271052
1676.9945678710938 1.0000695917028048 0.00021958672731022915
1677.0154418945312 0.99922633063974 0.00021970691084393214
1677.0362548828125 1.0002546480857972 0.00021950836248474257
1677.0570678710938 0.9999805780005434 0.00021949162225445406
1677.0779418945312 1.0000981147221724 0.00021937886946943948
1677.0987548828125 0.9994407076618719 0.00021954857612114183
1677.1195678710938 0.9998355614041603 0.00021944325752448038
1677.1404418945312 1.0008594126078307 0.00021951704629854374
1677.1612548828125 1.0005689154039206 0.00021949574341868615
1677.1820678710938 0.9996080087944411 0.00021952426358907133
1677.2029418945312 0.9989317947361062 0.00021930710397778793
1677.2237548828125 0.9998156498920701 0.00021918370742733247
1677.2445678710938 1.000754521001784 0.00021914897560479046
1677.2654418945312 0.9999434844461084 0.00021899211276595626
1677.2862548828125 1.0009167077000996 0.00021859981457552686
1677.3070678710938 0.9990004574806993 0.00021830176638679594
1677.3279418945312 0.999915365637762 0.00021794689395224288
1677.3487548828125 0.9997430067870094 0.00021788235781635605
1677.3695678710938 1.0004668921385176 0.00021774244941318656
1677.3904418945312 1.0002291631591578 0.00021796668506292562
1677.4112548828125 1.0007011102613645 0.00021775631281114932
1677.4320678710938 0.9990156026421892 0.00021794428042148733
1677.4529418945312 0.9993421240273138 0.0002180351533987188
1677.4737548828125 1.000810114708621 0.0002182588498293292
1677.4945678710938 1.0004098649764672 0.0002182712940077967
1677.5154418945312 1.0000138390719946 0.00021847157867252548
1677.5362548828125 0.9996701717961627 0.0002187638275839445
1677.5570678710938 0.9995400048439252 0.00021852066318389215
1677.5779418945312 0.9997446610547015 0.00021860057473993384
1677.5987548828125 1.0003526270497263 0.00021848022036545536
1677.6195678710938 1.000119746122693 0.00021851043082873252
1677.6404418945312 1.000343460429306 0.00021836631216973608
1677.6612548828125 0.9999016106739693 0.00021838976091252885
1677.6820678710938 0.9998397166542097 0.00021822652339895237
1677.7029418945312 0.9998440999660326 0.00021848904647745184
1677.7237548828125 0.9999349608987537 0.00021841432311947136
1677.7445678710938 1.0006007716760983 0.00021842625144667208
1677.7654418945312 0.9997972542763605 0.0002184273524598933
1677.7862548828125 0.9999426966338354 0.0002186124684463602
1677.8070678710938 0.9994997993597683 0.00021860204970560604
1677.8279418945312 1.0004542916204366 0.0002188138779393314
1677.8487548828125 1.0005407406552207 0.00021885719790258346
1677.8695678710938 0.9990663077801052 0.00021888560878709692
1677.8904418945312 0.9998234381825654 0.0002187135098106737
1677.9112548828125 1.0004146530321885 0.00021848504266716674
1677.9320678710938 1.0001583510781438 0.00021838125319312943
1677.9529418945312 1.0002849972426369 0.000218280458788561
1677.9737548828125 0.999842604479416 0.00021808462873541771
1677.9945678710938 0.9997876668890773 0.0002176669770605437
1678.0154418945312 0.9994854314631133 0.00021758125535453204
1678.0362548828125 1.001664967629473 0.00021750251688804087
1678.0570678710938 0.998396240801845 0.0002173696529051056
1678.077880859375 1.000455407291722 0.0002176465120154165
1678.0986938476562 0.9998936721053865 0.0002176015105064664
1678.1195678710938 1.0007864192388145 0.00021801277410408773
1678.140380859375 0.9993684014704539 0.00021806173919256902
1678.1611938476562 1.00021225031044 0.00021823139770469304
1678.1820678710938 0.9997410737036222 0.000217929272881734
1678.202880859375 0.9998442602625448 0.00021821652320202378
1678.2236938476562 1.0003217306292915 0.00021856648035353406
1678.2445678710938 1.000131558574846 0.00021795970591755671
1678.265380859375 0.9996797502906166 0.00021798957948441879
1678.2861938476562 0.9994748594908485 0.00021786337790778061
1678.3070678710938 1.0006314514719856 0.0002175299956632726
1678.327880859375 1.0003245402152057 0.00021726300264731838
1678.3486938476562 0.9998422100261121 0.000217250903564642
1678.3695678710938 1.0004412096987552 0.0002171758782260426
1678.390380859375 0.9993156533677402 0.0002172076857197636
1678.4111938476562 0.9995796711728607 0.00021711403125035476
1678.4320678710938 0.9996350795044271 0.00021717475742768615
1678.452880859375 1.000855652970815 0.00021724452949355743
1678.4736938476562 1.0003878824448396 0.00021717491028499128
1678.4945678710938 1.000257619849103 0.00021728974116302452
1678.515380859375 0.9991009763066044 0.00021736321783312593
1678.5361938476562 1.0001244574055574 0.00021749423708763055
1678.5570678710938 0.9999920373496026 0.00021769862524326634
1678.577880859375 1.000312564902309 0.00021773095660190646
1678.5986938476562 1.00042076397632 0.00021783332575971127
1678.6195678710938 0.9990464294825442 0.00021770044593925805
1678.640380859375 1.0000859635729689 0.00021766692825750118
1678.6611938476562 1.0002783544873115 0.00021758580611272495
1678.6820678710938 1.0001115744177187 0.00021754309274575024
1678.702880859375 0.9997154598265664 0.00021726832830166963
1678.7236938476562 0.999809327266583 0.000217229070880131
1678.7445678710938 1.00013337015924 0.00021712496089939658
1678.765380859375 1.0004737433674773 0.00021711826930060214
1678.7861938476562 1.000565370652271 0.00021743298837317718
1678.827880859375 0.9985952136455537 0.00021748298389444038
1678.8486938476562 1.0006997367612982 0.00021740768053018377
1678.8695678710938 0.9997767530720312 0.00021761617285886588
1678.890380859375 1.0001367176679783 0.0002174447862206088
1678.9111938476562 1.0001664388305465 0.00021743381359740275
1678.9320678710938 0.999661094239246 0.00021771269058856472
1678.952880859375 0.9998868650454609 0.00021746211217553026
1678.9736938476562 1.0004375899851887 0.00021695821148197037
1678.9945678710938 0.9998829098028895 0.0002166252246691688
1679.015380859375 0.9999518936649595 0.0002164509829589297
1679.0361938476562 0.9998557988107526 0.00021644435363350005
1679.0570678710938 0.9997974358825363 0.0002163110815381649
1679.077880859375 1.0006673331338487 0.00021645909115925778
1679.0986938476562 0.9996502180174617 0.0002166259933069667
1679.1195678710938 1.0002421102957195 0.00021646306706666878
1679.140380859375 0.9999922063210206 0.0002166243776872177
1679.1611938476562 0.9994148346240845 0.00021664830678775826
1679.1820678710938 1.0006197971038047 0.0002166098314034921
1679.202880859375 0.9996254645780551 0.0002168060998174419
1679.2236938476562 0.9996538980673568 0.00021646489532754334
1679.2445678710938 1.0004947718321382 0.00021633933201622386
1679.265380859375 1.000165160136926 0.00021616192010697673
1679.2861938476562 0.9995144979234949 0.00021620220048731642
1679.3070678710938 1.001038397224967 0.00021596716407092038
1679.327880859375 0.9993774877602272 0.00021561422885241194
1679.3486938476562 0.9996405437689558 0.00021546901967303412
1679.3695678710938 0.9997704168196831 0.0002151646324901065
1679.390380859375 1.0005624097322252 0.00021510542494135578
1679.4111938476562 0.9999015395311744 0.0002151976424569938
1679.4320678710938 0.9999167601063008 0.0002149144274514456
1679.452880859375 1.0000307438739922 0.00021503965292054737
1679.4736938476562 1.0001214276321817 0.0002152574747927049
1679.4945678710938 0.9999164587216636 0.00021529235960566175
1679.515380859375 1.0004830081619172 0.00021543382478536382
1679.5361938476562 0.9993995046071098 0.00021517328937427114
1679.5570678710938 1.000015724612321 0.00021509230066468887
1679.577880859375 0.9997637856960468 0.00021508481234083947
1679.5986938476562 1.0003262968934932 0.0002148997137612511
1679.6195678710938 1.000002407688387 0.0002148206125946793
1679.640380859375 1.0000424613314731 0.00021455650002618828
1679.6611938476562 0.9998498871569187 0.0002143563266180216
1679.6820678710938 1.0003241941665495 0.00021451818035578488
1679.702880859375 1.000162422948781 0.00021427625701282623
1679.7236938476562 0.9998662525842277 0.00021446263388062798
1679.7445678710938 0.9995638577448849 0.00021416866299423366
1679.765380859375 1.0000209482868354 0.00021423321095775122
1679.7861938476562 1.000451588755324 0.0002145303844759485
1679.8070068359375 0.9999528316540557 0.00021449020462280843
1679.8278198242188 1.0003499730153018 0.0002148269813092519
1679.8486938476562 0.9986638885718736 0.00021447013293561306
1679.8695068359375 1.0001231432479392 0.000214469457976297
1679.8903198242188 1.0005766749221214 0.0002144944336022938
1679.9111938476562 1.0003488698506107 0.00021480869904533746
1679.9320068359375 1.0003430053775746 0.00021433359339731656
1679.9528198242188 0.99913324716253 0.0002143731088230632
1679.9736938476562 0.999701709448146 0.00021412538992867527
1679.9945068359375 1.000474877044192 0.00021411932924884173
1680.0153198242188 1.0008703377386323 0.00021395498830517785
1680.0361938476562 0.9993966587463264 0.00021370182339607144
1680.0570068359375 0.9992277917098291 0.00021375303871780548
1680.0778198242188 1.000289865625039 0.00021376491067101047
1680.0986938476562 1.0001264278979953 0.00021388782743251487
1680.1195068359375 1.0007048045403089 0.00021403005596377502
1680.1403198242188 0.9996021623131945 0.00021401107804979485
1680.1611938476562 0.9996745821906939 0.0002142829643232555
1680.1820068359375 0.9998156841108545 0.0002143941742736828
1680.2028198242188 1.0007588549112314 0.00021463272920158646
1680.2236938476562 1.0002318521907687 0.00021443656716615763
1680.2445068359375 0.9991956158797266 0.0002145074125889187
1680.2653198242188 0.9998101913015809 0.00021469748366169782
1680.2861938476562 1.0001869887909511 0.0002143409899508734
1680.3070068359375 0.9996295153900595 0.00021424727027544011
1680.3278198242188 1.0009054739723888 0.0002141040283033022
1680.3486938476562 0.9999799841918925 0.00021400296677692008
1680.3695068359375 0.9995165601575359 0.00021388684273845337
1680.3903198242188 1.000129812944522 0.00021406096025949854
1680.4111938476562 1.000282924535695 0.0002139741951026189
1680.4320068359375 0.9994663852940572 0.00021410133086549105
1680.4528198242188 1.0005709805754788 0.00021421634835691854
1680.4736938476562 0.9999529729607867 0.00021453173561251877
1680.4945068359375 0.9994533129424026 0.000214565271063183
1680.5153198242188 1.0009954174251015 0.0002145629068231692
1680.5361938476562 0.9994538130220574 0.00021464147130878178
1680.5570068359375 0.9989093638990688 0.00021463377739095867
1680.5778198242188 0.9949497888464638 0.00021441393904951157
1680.5986938476562 0.9930017986551837 0.0002142919165275828
1680.6195068359375 0.9975016838222092 0.0002146249640474325
1680.6403198242188 0.9994231886204424 0.00021491510037314614
1680.6611938476562 1.0020558764766936 0.00021487247845625545
1680.6820068359375 1.00062880474292 0.000214433012199694
1680.7028198242188 1.0007020573275776 0.00021423142146289776
1680.7236938476562 0.9993565767013575 0.00021423767895092385
1680.7445068359375 0.999877393564129 0.00021405582835933427
1680.7653198242188 0.999823829048438 0.00021395662864330588
1680.7861938476562 1.0004939193417548 0.0002141866134441525
1680.8070068359375 0.99977054781907 0.00021420556167745474
1680.8278198242188 1.0000540777895608 0.0002144467523399196
1680.8486938476562 1.000212442462504 0.0002144276844982436
1680.8695068359375 0.9993451740183624 0.00021458867660464876
1680.8903198242188 1.000129826663854 0.00021474410868260727
1680.9111938476562 1.0002587997624883 0.0002145998981904258
1680.9320068359375 1.0006193096684222 0.00021446036419313678
1680.9528198242188 0.9996373771850566 0.0002143654796921004
1680.9736938476562 0.999245947807859 0.00021437537934574876
1680.9945068359375 1.000146485630272 0.00021434378038404987
1681.0153198242188 1.0007712294346576 0.0002141921671891915
1681.0361938476562 0.999756879952027 0.00021396779395201727
1681.0570068359375 0.9991957138561731 0.00021407908874432102
1681.0778198242188 1.0003302765021125 0.00021392282287533275
1681.0986938476562 1.000512939212013 0.00021394681316147133
1681.1195068359375 1.0002264755553 0.00021405107367125628
1681.1403198242188 0.9996440759637214 0.0002143201410601432
1681.1611938476562 0.9998782187065521 0.00021432953600186252
1681.1820068359375 0.999834070959672 0.00021428265390171337
1681.2028198242188 1.0001903865224975 0.00021452091308753852
1681.2236938476562 1.0002418876765116 0.00021442172012069074
1681.2445068359375 0.999912318599404 0.00021435056654111486
1681.2653198242188 0.9999000710156555 0.00021440202121822104
1681.2861938476562 0.9995936463070184 0.000214288059859077
1681.3070068359375 0.9995073966543578 0.00021422627937629687
1681.3278198242188 1.001099699975744 0.00021402685012717065
1681.3486938476562 1.0002405823856009 0.00021366549201550989
1681.3695068359375 0.9998098049224283 0.00021342188224876204
1681.3903198242188 0.9999732943414734 0.00021335453719149345
1681.4111328125 0.9991724249987781 0.00021320743697158346
1681.4319458007812 1.000355414365092 0.00021345636135348305
1681.4528198242188 1.0002267741617294 0.00021348322700053167
1681.4736328125 0.9997314768695128 0.00021384498159407136
1681.4944458007812 1.000878211731632 0.00021404159222813832
1681.5153198242188 0.999503474810177 0.00021419987135362723
1681.5361328125 0.9996698134825505 0.000214287444176307
1681.5569458007812 0.9996331567884396 0.0002145541937372378
1681.5778198242188 1.0008755991783995 0.0002144103316277169
1681.5986328125 0.9999029719124938 0.0002144870100739659
1681.6194458007812 0.999511426857352 0.00021446712340243056
1681.6403198242188 1.0002319787719725 0.0002146069066693599
1681.6611328125 1.0001344005607962 0.00021431756248276132
1681.6819458007812 1.000205595341943 0.00021443730197330177
1681.7028198242188 0.9997102099527502 0.0002139887486581151
1681.7236328125 0.9997734559839362 0.00021404087818883643
1681.7444458007812 1.000014987522528 0.00021386072805919444
1681.7653198242188 0.9998964252586069 0.0002139187203813563
1681.7861328125 1.00039869206783 0.00021417113069685168
1681.8069458007812 1.0000940712078772 0.00021412457742665353
1681.8278198242188 1.0002933905260187 0.0002142983858805451
1681.8486328125 0.9995018418835818 0.00021455936816131048
1681.8694458007812 0.9993227396664003 0.00021445578393119796
1681.8903198242188 1.0008760705273951 0.00021458428349051096
1681.9111328125 1.0000305103846048 0.0002147834605675451
1681.9319458007812 0.9996660655330625 0.00021441508550266178
1681.9528198242188 0.9998891177536967 0.0002145087590331239
1681.9736328125 0.9999871723177295 0.00021435990520685396
1681.9944458007812 1.0007689837585874 0.0002144126425812591
1682.0153198242188 0.999569095698918 0.0002145077912753075
1682.0361328125 0.9998166505068782 0.00021419525102857144
1682.0569458007812 1.0002897389900387 0.0002143868691406063
1682.0778198242188 0.9997943023183614 0.00021413326015531033
1682.0986328125 1.0000943626817738 0.00021414837118065606
1682.1194458007812 0.9996097743812183 0.0002145873564784801
1682.1403198242188 0.9999575556161694 0.00021430728543131273
1682.1611328125 1.0019922655966493 0.00021438957670893665
1682.2028198242188 1.000495326938449 0.0002150587714374035
1682.2236328125 0.9995976081692259 0.0002148296399073632
1682.2444458007812 1.000695425776112 0.00021459567371962605
1682.2653198242188 0.9995773974353246 0.00021474032439896022
1682.2861328125 0.9999149396994129 0.00021478769281469215
1682.3069458007812 0.9999928895582127 0.0002145391727356425
1682.3278198242188 0.99947502332862 0.0002145706461025593
1682.3486328125 1.000459828722755 0.00021444812319088005
