time flux flux_err
1624.9718627929688 0.9969001803127757 0.00017735505500376307
1624.9927368164062 0.9993398083741298 0.0001797194078622266
1625.0135498046875 1.0003111669024116 0.00018253007529389265
1625.0343627929688 1.0006220850280594 0.00018550599423226963
1625.0552368164062 1.0001094162051984 0.00018876545666440356
1625.0760498046875 0.9997390602284025 0.00019164774223698154
1625.0968627929688 1.000049840184224 0.00019409477045710487
1625.1177368164062 1.0007667440550312 0.00019592834017335113
1625.1385498046875 1.0001940538175829 0.0001974426257229825
1625.1593627929688 0.9981752723026647 0.00019880417044970092
1625.1802368164062 0.999661924922776 0.00019986429220607518
1625.2010498046875 0.9970945855165284 0.00020034388978884275
1625.2218627929688 0.9963283231397777 0.00020093605589822136
1625.2427368164062 0.999049779752238 0.000201694187197773
1625.2636108398438 0.9959984874133231 0.0002022842546935404
1625.284423828125 0.9955485028448884 0.0002030618586144964
1625.3052368164062 0.9938555794018776 0.00020406207865582418
1625.3261108398438 0.9991126623332263 0.00020526532064375435
1625.346923828125 0.9977773841108404 0.00020620716095836057
1625.3677368164062 0.9977722901081422 0.00020707690170270113
1625.3886108398438 1.0009917252056106 0.00020759396026047108
1625.409423828125 1.0009743448268422 0.00020775699930337098
1625.4302368164062 1.0011413183686542 0.0002078773860987001
1625.4511108398438 0.9996504191911939 0.00020757242272103466
1625.471923828125 0.99809077889976 0.00020763386836545952
1625.4927368164062 0.9974562434777218 0.00020779725718646214
1625.5136108398438 0.9997589507822073 0.00020785170096658274
1625.534423828125 1.0005002956662723 0.00020766210093252433
1625.5552368164062 1.0003685174929986 0.00020733704599125547
1625.5761108398438 1.000180231660523 0.00020711407904694902
1625.596923828125 1.0004637590293128 0.00020657240194180433
1625.6177368164062 0.9997697307027849 0.00020593259797300372
1625.6386108398438 0.999945786224519 0.00020551174723239528
1625.659423828125 0.9997488309300844 0.0002054818481823121
1625.6802368164062 0.9994329833126702 0.00020513281386332823
1625.7011108398438 0.9970896028056285 0.00020531017884196275
1625.721923828125 0.9977136070890947 0.0002054278078488191
1625.7427368164062 0.9995707535608682 0.00020562844086601664
1625.7636108398438 1.0004296103883996 0.0002059082017677311
1625.784423828125 1.0005571789948282 0.00020608799663264453
1625.8052368164062 1.0000023230073076 0.00020630458276721581
1625.8261108398438 1.0006665203810805 0.00020630535857105108
1625.846923828125 0.9993829766344635 0.00020628801726975938
1625.8677368164062 1.0004679352139507 0.00020622908364245298
1625.8886108398438 0.9984706091983815 0.000205845292744429
1625.909423828125 1.0019210515902857 0.00020519156525195383
1625.9302368164062 1.000222968951262 0.00020453504879640438
1625.9511108398438 0.9996085584881726 0.00020375615973265885
1625.971923828125 0.9993425375663632 0.0002027966504113752
1625.9927368164062 0.9992086276838089 0.00020193673431385538
1626.0136108398438 1.0009277925557505 0.0002011988373613577
1626.034423828125 1.0001350154340074 0.00020054978144279118
1626.0552368164062 0.9996812715553993 0.00020008375747751782
1626.0761108398438 1.0007875639640118 0.00019977111101064012
1626.096923828125 1.0000905793531558 0.00019951062140124903
1626.1177368164062 0.9999827349264305 0.00019919148109626502
1626.1386108398438 0.9993822124759935 0.00019894737008254568
1626.159423828125 0.9993150551177177 0.00019856472778410802
1626.1802368164062 1.0003293325771847 0.00019821349986721764
1626.2011108398438 0.9999433391496173 0.00019756279714661361
1626.221923828125 1.000709862655246 0.00019698663343265297
1626.2427368164062 1.0007758570837868 0.00019656605326477566
1626.2636108398438 0.9996643267460649 0.00019554988292217436
1626.284423828125 0.99919791596428 0.00019477394284095047
1626.3052368164062 0.9994123930105687 0.00019437953202063672
1626.3261108398438 1.0003791931657047 0.0001934811683052005
1626.346923828125 0.9999368810819568 0.0001930322156286282
1626.3677368164062 1.0007250084478267 0.0001926044903818543
1626.3886108398438 1.0001678289874414 0.00019204126534873905
1626.409423828125 0.9994158651079745 0.00019192135539428142
1626.4302368164062 1.0000278991624776 0.00019164725182511366
1626.4511108398438 0.9987956301371448 0.00019161196596728362
1626.471923828125 1.0002063364922915 0.0001911968426550108
1626.4927368164062 1.000073535220448 0.00019116920311853248
1626.5136108398438 1.000113034155051 0.00019126487819474348
1626.534423828125 1.0011745785177855 0.00019100804935092916
1626.5552368164062 0.9994851120383582 0.00019093225139849075
1626.5761108398438 0.999898397277387 0.0001909333783586704
1626.596923828125 1.0003688480754265 0.0001908326616525568
1626.6177368164062 0.9999225109945811 0.0001907347269119786
1626.6386108398438 0.9998116334365453 0.00019057900063492461
1626.659423828125 1.0000832790297869 0.00019042723403894156
1626.6802368164062 1.000438869191735 0.00019049401989393967
1626.7011108398438 0.9998412507940724 0.00019052503575267064
1626.721923828125 0.9999887258151464 0.00019045630357186804
1626.7427368164062 0.9997465761421254 0.000190631049127873
1626.7636108398438 0.9999429299319703 0.00019074481195195466
1626.784423828125 1.0002019462995424 0.0001910652353518154
1626.8052368164062 0.9997678458708046 0.000191118653650331
1626.8261108398438 1.0005916713026697 0.0001912656756943245
1626.846923828125 0.9996035696318064 0.00019138326341661536
1626.8677368164062 0.9998985170165072 0.00019135575629754915
1626.8886108398438 1.0003353453705115 0.00019122007059426728
1626.909423828125 0.9997571508088974 0.00019089668268607772
1626.9302368164062 0.9980158244374724 0.00019051552125641302
1626.9511108398438 0.9995012090660678 0.00019043664872122964
1626.971923828125 0.9985865520874793 0.0001897955690855656
1626.9927368164062 1.000538878831006 0.00018961564544350617
1627.0136108398438 1.0003533539496103 0.0001893763282852467
1627.034423828125 0.999495203981619 0.00018904863995278717
1627.0552368164062 0.9997989482593835 0.00018854276047176524
1627.0761108398438 1.0000789678957764 0.00018833015351605716
1627.096923828125 1.0004357006608762 0.00018849140196700823
1627.1177368164062 1.000016920204393 0.0001882239278873959
1627.1386108398438 0.9999081583738135 0.00018793759240152546
1627.159423828125 1.000164136290227 0.0001879583353917516
1627.1802368164062 0.999650148126562 0.00018779573130482487
1627.2011108398438 0.9998184945830366 0.00018774383059746156
1627.221923828125 1.0005363759933052 0.00018761998854967127
1627.2427368164062 0.9995780700712729 0.0001875184923213607
1627.2636108398438 1.0004791595633884 0.00018718248873614055
1627.284423828125 0.9992651490151266 0.00018653662899533702
1627.3052978515625 1.0003619410185853 0.00018631145222564505
1627.3261108398438 0.9996299119580736 0.000185888881034192
1627.3469848632812 1.0004877984426228 0.00018552130912111379
1627.3677978515625 0.9999824312387406 0.00018521972287065928
1627.3886108398438 1.0002327963848034 0.00018488113637263196
1627.4094848632812 0.9997370561563531 0.00018450534402420554
1627.4302978515625 1.0001892863219222 0.0001845754320544825
1627.4511108398438 0.9995201029429223 0.000184065824370738
1627.4719848632812 1.0001429017163541 0.00018401333923814987
1627.4927978515625 0.9997797790030658 0.0001839480949489165
1627.5136108398438 1.000648660293792 0.00018381530445372947
1627.5344848632812 1.0000706672952588 0.00018417540467289997
1627.5552978515625 0.9992174318219186 0.00018359227361293008
1627.5761108398438 0.9982662306653256 0.00018364239417199238
1627.5969848632812 0.9998377786449733 0.0001837493742700611
1627.6177978515625 1.0005187175958155 0.00018364157439791116
1627.6386108398438 1.0005207350896266 0.0001836626145168273
1627.6594848632812 0.9997567422858654 0.0001838703172772258
1627.6802978515625 1.000017421136204 0.00018361710029702358
1627.7011108398438 0.9995793155856952 0.00018361947946554294
1627.7219848632812 0.999881381591225 0.0001837642341581036
1627.7427978515625 0.9999974013201125 0.00018362094698559496
1627.7636108398438 1.000299725329469 0.00018368954390372022
1627.7844848632812 1.0004243256115637 0.00018372929253046108
1627.8052978515625 0.9996481867799446 0.00018386738421186243
1627.8261108398438 0.9999899742355918 0.00018404455106827973
1627.8469848632812 0.9997936299558645 0.00018406901463007634
1627.8677978515625 0.9999923707234074 0.00018405712129563784
1627.8886108398438 1.0003060323495438 0.00018403251862059522
1627.9094848632812 0.9996034389404341 0.0001839410588175434
1627.9302978515625 1.0001311502986356 0.00018367438695547625
1627.9511108398438 0.9999157378649065 0.00018395638016770524
1627.9719848632812 1.0005185169155895 0.00018342819156750965
1627.9927978515625 0.9995665680854637 0.00018316537708169378
1628.0136108398438 1.000103251570815 0.0001830100192599045
1628.0344848632812 1.000241321845996 0.0001828036622224358
1628.0552978515625 0.9998101678430346 0.0001826765739780796
1628.0761108398438 1.0012671901568497 0.0001825875817614998
1628.0969848632812 1.0013132124910094 0.00018253277054343888
1628.1386108398438 0.9980408171833641 0.0001822723408948208
1628.1594848632812 0.9999257909153606 0.0001821013785732344
1628.1802978515625 0.9978683662715693 0.00018193004379610215
1628.2011108398438 0.999524521727719 0.00018177489414681561
1628.2219848632812 1.0012007372426974 0.0001816086592316149
1628.2427978515625 1.0005520723898516 0.00018142222456154515
1628.2636108398438 1.0006672702885657 0.00018112492082173858
1628.2844848632812 0.9996361799378498 0.00018102265088408827
1628.3052978515625 0.9994313400266122 0.00018083829851386966
1628.3261108398438 1.0003590592832425 0.0001804416884485376
1628.3469848632812 1.0002532395405779 0.00018031838142063182
1628.3677978515625 1.0000410948228757 0.00018004566745028782
1628.3886108398438 0.9993625501630563 0.00017968256489421525
1628.4094848632812 1.0002810933130937 0.00017953048120794945
1628.4302978515625 1.0004015819508727 0.00017947276851411922
1628.4511108398438 0.9999651071512886 0.00017938239300263834
1628.4719848632812 0.9993125696018694 0.00017904398970620722
1628.4927978515625 1.0006817996449369 0.00017910476997392636
1628.5136108398438 0.9998111766694617 0.00017894428125561586
1628.5344848632812 0.9999925266928605 0.00017884241015508323
1628.5552978515625 0.9995943475950076 0.00017884668693825753
1628.5761108398438 1.0006068225003646 0.00017877255663815013
1628.5969848632812 1.0012748356062584 0.00017892453131441934
1628.6177978515625 0.9995331361059119 0.00017889000464169544
1628.6386108398438 1.0003359533786698 0.0001790429114785592
1628.6594848632812 0.999758620725362 0.00017867248948128255
1628.6802978515625 1.0001217875268473 0.0001787648700769161
1628.7011108398438 1.0002982139983043 0.00017882763876511976
1628.7219848632812 0.999159808695893 0.00017862560427643156
1628.7427978515625 1.0007476025557502 0.00017867939697757993
1628.7636108398438 0.9994723183196629 0.00017884526845754015
1628.7844848632812 1.000913295471863 0.00017874856399693233
1628.8052978515625 0.9997556852821097 0.00017869832325593325
1628.8261108398438 0.9993403397035399 0.00017874867412520846
1628.8469848632812 0.9999349424632608 0.000178829273260592
1628.8677978515625 1.0003029406449955 0.00017891313068169235
1628.8886108398438 1.0003285166159437 0.00017894647958535787
1628.9094848632812 0.9999459749811951 0.0001787966870991751
1628.9302978515625 0.9994810172150073 0.0001788413744604819
1628.9511108398438 0.9998821076740251 0.00017876429120095965
1628.9719848632812 1.0008661647729862 0.00017873462583070041
1628.9927978515625 0.9999735358461506 0.00017855722360226808
1629.0136108398438 0.9994916256549577 0.0001784813142635287
1629.0344848632812 0.9998049585058076 0.0001782545876488476
1629.0552978515625 1.0001016801237375 0.00017838837700236013
1629.0761108398438 1.0003946512040423 0.00017804692178546608
1629.0969848632812 0.9999114184001453 0.00017792159375821403
1629.1177978515625 0.9999425391381201 0.00017769195479679559
1629.1386108398438 0.9998834344108866 0.0001776469166678851
1629.1594848632812 0.9998150989757754 0.00017753318026701132
1629.1802978515625 1.0005180575039434 0.0001774110113849755
1629.2011108398438 0.9999159018350409 0.00017739406280325163
1629.2219848632812 0.9995153726091509 0.00017734750668267098
1629.2427978515625 1.0001756712755436 0.00017741471895819854
1629.2636108398438 1.000411873285831 0.00017745356439971522
1629.2844848632812 0.9999445888634461 0.00017734819824026077
1629.3052978515625 0.9994432196904832 0.00017717757474158
1629.3261108398438 1.0001920063036673 0.00017702695590482702
1629.3469848632812 1.0000697078189587 0.00017694103138076405
1629.3677978515625 1.0000599856356231 0.00017684642050171673
1629.388671875 0.9998142831412611 0.0001768084080136644
1629.4094848632812 1.0005224752976782 0.0001768043552790766
1629.4303588867188 1.000059051649244 0.00017644002884994233
1629.451171875 0.999484105660908 0.00017638316689587552
1629.4719848632812 1.0000260880636505 0.00017636139356586172
1629.4928588867188 0.9998097261308385 0.00017646120941951012
1629.513671875 1.000440987729212 0.0001763634219954006
1629.5344848632812 0.999780866226898 0.0001763104513728535
1629.5553588867188 0.9999473340441113 0.00017625547597756872
1629.576171875 1.0003187923721006 0.00017622049125245133
1629.5969848632812 0.9998495495375075 0.00017624201333900404
1629.6178588867188 0.9999193807639686 0.0001763776615222379
1629.638671875 1.0001097529914404 0.00017633524955705326
1629.6594848632812 0.9999646466927076 0.0001763259262027305
1629.6803588867188 0.9998331555419074 0.0001766849003955927
1629.701171875 1.0000273537401816 0.00017646549723031419
1629.7219848632812 0.9999084381971773 0.00017647375058270682
1629.7428588867188 1.0004263338526156 0.00017666337506274152
1629.763671875 0.9999653243181069 0.00017652856901358193
1629.7844848632812 0.999652599931151 0.0001764123351430567
1629.8053588867188 0.999889115563243 0.00017656078964217858
1629.826171875 1.0002042436123688 0.00017677920473805074
1629.8469848632812 1.0002260042106796 0.00017674612577537742
1629.8678588867188 0.9999975687853595 0.00017666767695237367
1629.888671875 0.9996223678531084 0.0001767865138114666
1629.9094848632812 1.0001436271670767 0.00017666224200253857
1629.9303588867188 1.0002438302145538 0.00017681819395387623
1629.951171875 0.999800945537023 0.00017670451502423514
1629.9719848632812 0.9996222118026887 0.00017676452682755756
1629.9928588867188 1.0005738379761475 0.00017662502022704486
1630.013671875 1.0000155456856248 0.00017654247266610403
1630.0344848632812 0.9999839218637442 0.00017646209657021228
1630.0553588867188 0.9995636338466389 0.00017642934449252088
1630.076171875 1.0003545101459932 0.00017631410052440437
1630.0969848632812 1.0000777795872597 0.00017633085056481754
1630.1178588867188 0.9997113998957454 0.0001763898159026364
1630.138671875 1.0000360244004183 0.00017617447647662397
1630.1594848632812 0.9999459722509012 0.0001760012738494753
1630.1803588867188 1.0002693166910417 0.00017593164919818972
1630.201171875 0.9997330547500416 0.0001759171494412326
1630.2219848632812 0.9998974237028078 0.00017612737369946709
1630.2428588867188 1.0003308840321892 0.0001758938420341399
1630.263671875 1.00006179711109 0.00017592949324516305
1630.2844848632812 0.9999140024318101 0.0001758103743420824
1630.3053588867188 0.9997239408382349 0.00017579890828609774
1630.326171875 1.0002099173917292 0.0001757434728614172
1630.3469848632812 0.9999563446532406 0.00017563281638689087
1630.3678588867188 1.0003390565634533 0.00017572239682447024
1630.388671875 0.9998079481660416 0.00017561642389910377
1630.4094848632812 0.9999761450138629 0.00017559791149699577
1630.4303588867188 0.9995700765615776 0.00017537346877402195
1630.451171875 1.0002269657872556 0.00017527262092655017
1630.4719848632812 1.0000068965065643 0.00017520917167117156
1630.4928588867188 1.000279165924514 0.00017536746452205136
1630.513671875 1.0003144643221615 0.0001753833294482103
1630.5344848632812 0.9994826596037635 0.0001753559344696208
1630.5553588867188 0.9996325093998002 0.00017529152050357245
1630.576171875 1.0002979023865088 0.00017517647201693005
1630.5969848632812 1.0001342451899184 0.00017531016648614006
1630.6178588867188 1.0001480191053547 0.00017559182651231685
1630.638671875 1.0001045433161555 0.00017542493269142475
1630.6594848632812 0.9997870383665263 0.0001756868443256781
1630.6803588867188 0.999830330785465 0.00017558253786789137
1630.701171875 1.0001847879978496 0.0001754749545448448
1630.7219848632812 0.9999149873168647 0.0001754836062648188
1630.7428588867188 0.9994885847402519 0.00017538030256119118
1630.763671875 1.0000928610109763 0.00017557937399185583
1630.7844848632812 0.9998069580191178 0.0001754844585621865
1630.8053588867188 0.9999374026572684 0.0001756355568941144
1630.826171875 1.000304931013755 0.00017542815064953925
1630.8469848632812 0.9999907321551188 0.00017540227319758737
1630.8678588867188 1.0005725240601095 0.0001755636141763885
1630.888671875 0.9995873619467379 0.0001756354441615854
1630.9094848632812 0.9997751787775618 0.0001755126356204614
1630.9303588867188 0.9998570472157218 0.00017588901755439084
1630.951171875 1.0002177719131395 0.00017553652647195778
1630.9719848632812 1.0000820340135654 0.00017555461212845116
1630.9928588867188 1.000194611325576 0.00017560152295793434
1631.013671875 0.9999648623115277 0.00017556160689762186
1631.0344848632812 0.9997202696620195 0.0001755054842986456
1631.0553588867188 0.9999113980924074 0.0001754936111073177
1631.076171875 1.0002636761510673 0.00017527689813934646
1631.0969848632812 1.000120798589175 0.00017526051998755304
1631.1178588867188 1.000101310684096 0.00017533944642350474
1631.138671875 0.9996810351585752 0.0001751822422532538
1631.1594848632812 0.9999368133163995 0.00017525756343863614
1631.1803588867188 0.9997152207296083 0.00017539662209155755
1631.201171875 1.0003838819959467 0.00017519452818053286
1631.2219848632812 1.0002082318965206 0.00017515126609199007
1631.263671875 0.9997296436224937 0.0001750650173038459
1631.2844848632812 1.000078510594345 0.00017503695030222482
1631.3053588867188 1.0000270738728503 0.0001749743552887869
1631.326171875 1.0001283502993419 0.00017494226612376602
1631.3469848632812 0.999877557634755 0.00017508704292146628
1631.3678588867188 0.9998692109174714 0.00017490676043866775
1631.388671875 0.9997065554202613 0.00017498414281015846
1631.4094848632812 1.0006016506639452 0.00017495114731955097
1631.4303588867188 0.9998551717403594 0.0001747988906128985
1631.451171875 1.0000567024525078 0.00017464871127198376
1631.4719848632812 0.999917177415451 0.00017469023189555088
1631.4928588867188 0.9998026725581916 0.0001746390187033456
1631.513671875 1.0000806064763024 0.00017468647011603964
1631.5344848632812 1.000135999256816 0.0001745839395316128
1631.5553588867188 1.0000062733534019 0.00017462527098565728
1631.5762329101562 0.9997644483673435 0.00017470168438361218
1631.5970458984375 0.999983990706477 0.00017465165662040232
1631.6178588867188 1.0001772583483648 0.00017465800404538307
1631.6387329101562 1.000184004201677 0.0001749817766746744
1631.6595458984375 0.9998434412820365 0.00017462904498425242
1631.6803588867188 1.0000142342072005 0.00017470095645925996
1631.7012329101562 0.9998731880716956 0.00017468131838863074
1631.7220458984375 0.9998874486348263 0.00017473040254399575
1631.7428588867188 1.0003407261149058 0.00017463363550586337
1631.7637329101562 0.9999848206064157 0.00017475618313346857
1631.7845458984375 0.9999271471380766 0.00017476085889585677
1631.8053588867188 0.9998175131515856 0.00017475917531419507
1631.8262329101562 0.9999680317918539 0.00017473007393234614
1631.8470458984375 1.0000819938307972 0.00017492108746762353
1631.8678588867188 1.0002515493584752 0.0001748733222617782
1631.8887329101562 0.9999487842661281 0.00017488861991861665
1631.9095458984375 0.9995976315214241 0.00017488113732553194
1631.9303588867188 1.0001572693473537 0.00017485351320034777
1631.9512329101562 1.0002108483085854 0.00017483947095122944
1631.9720458984375 1.0001125437149376 0.00017478098364000786
1631.9928588867188 1.000053460515075 0.00017477547870085365
1632.0137329101562 0.9997878835317057 0.00017460792531485503
1632.0345458984375 0.9999525526251858 0.00017474669181920526
1632.0553588867188 0.9994575536326904 0.0001745673503101697
1632.0762329101562 1.0003060776527104 0.00017452653690898674
1632.0970458984375 1.0005984814342066 0.0001744334607276223
1632.1178588867188 0.9996527030312328 0.0001746131681128343
1632.1387329101562 0.9999895665737828 0.00017464751666543276
1632.1595458984375 1.0002025950370625 0.00017447562489325265
1632.1803588867188 0.9999161141091772 0.00017455755641712718
1632.2012329101562 0.9998677317068055 0.00017459612629833326
1632.2220458984375 0.9998124114975715 0.00017446824892639466
1632.2428588867188 0.9998937949317902 0.0001744704008071149
1632.2637329101562 1.0002859958269248 0.00017445617297891897
1632.2845458984375 1.0000446999823278 0.00017465118892187514
1632.3053588867188 1.000492811566982 0.00017438931972659966
1632.3262329101562 0.9994536249525963 0.0001744431111646261
1632.3470458984375 0.9996341285235194 0.0001744426911858198
1632.3678588867188 1.00032075354627 0.00017524631385587973
1632.3887329101562 1.0002524002635633 0.00017448225074360107
1632.4095458984375 0.9998426210390989 0.00017431893188178427
1632.4303588867188 1.0001824072193994 0.0001743270587316084
1632.4512329101562 0.9996650762020857 0.00017453722505424545
1632.4720458984375 0.9999739592094388 0.00017432203741399188
1632.4928588867188 1.0002390930179843 0.0001743745790603301
1632.5137329101562 0.9999919106500953 0.00017436456341399928
1632.5345458984375 1.0000018864185833 0.00017433365004026403
1632.5553588867188 0.9999917083059185 0.0001743237275130984
1632.5762329101562 0.9999291488254377 0.00017477499593130882
1632.5970458984375 0.9999218197705112 0.0001744259561306333
1632.6178588867188 0.9996612846662883 0.0001742678731885755
1632.6387329101562 1.000566082713209 0.00017431991521568217
1632.6595458984375 1.0001347002232028 0.00017430811421542528
1632.6803588867188 0.9996283143986845 0.00017446346634565467
1632.7012329101562 0.9997788167568662 0.00017429918194490702
1632.7220458984375 1.0001592138398399 0.00017426520496709215
1632.7428588867188 1.0005327739465806 0.0001743895169555063
1632.7637329101562 0.9997895393667919 0.00017437934291919335
1632.7845458984375 0.9998358404330885 0.00017427917581799905
1632.8053588867188 0.9998554972638094 0.0001742769143607194
1632.8262329101562 1.0000408998080565 0.00017443044933215975
1632.8470458984375 1.0001744504574392 0.00017453095353128892
1632.8678588867188 1.000075258589332 0.0001743765263055095
1632.8887329101562 0.9995095759275962 0.00017457939964841395
1632.9095458984375 1.0003345857846626 0.00017442903942791748
1632.9303588867188 1.000152951153146 0.00017457948784473435
1632.9512329101562 1.0001130701362013 0.00017431020377124494
1632.9720458984375 0.9995287572751558 0.0001743104233177218
1632.9928588867188 0.9999968550685653 0.0001742366248964015
1633.0137329101562 1.0002593386736278 0.00017431913309842945
1633.0345458984375 1.0001068141760876 0.0001742602215715006
1633.0553588867188 0.9996404260915479 0.00017442417233554566
1633.0762329101562 1.0003826502033326 0.00017455617103427921
1633.0970458984375 1.0000371450826724 0.00017439864827304563
1633.1178588867188 1.0000741146526486 0.00017427079419553168
1633.1387329101562 0.9994899722613759 0.0001742295327521442
1633.1595458984375 0.9999504075324352 0.00017427396169844336
1633.1803588867188 0.9999874621975622 0.0001742093741079222
1633.2012329101562 1.0002184338231157 0.0001743145854404942
1633.2220458984375 1.0001988004116706 0.00017415706144442174
1633.2428588867188 1.0001201836965514 0.00017414156209076648
1633.2637329101562 0.9998852163532602 0.00017403910293822505
1633.2845458984375 0.9995521897391952 0.0001740283340062466
1633.3053588867188 1.0003801049871026 0.0001741293190636151
1633.3262329101562 0.9997954808134009 0.00017420962284025342
1633.3470458984375 1.0003370076907199 0.00017410795756838055
1633.3678588867188 1.000155780190378 0.0001742457779120126
1633.3887329101562 0.999346807316023 0.00017402820345000972
1633.4095458984375 1.0001711558611894 0.0001743387499981427
1633.4303588867188 0.9999987877403912 0.00017412170970848969
1633.4512329101562 1.000301213355837 0.0001740234024920644
1633.4720458984375 0.9999528910974373 0.0001739809123773156
1633.4928588867188 0.999706982293378 0.00017398790804810997
1633.5137329101562 1.0000201665994353 0.0001739336838640802
1633.5345458984375 1.000248050201411 0.0001741181435634308
1633.5553588867188 0.9999705551763527 0.00017396457834542226
1633.5762329101562 0.9999396910581807 0.00017400051656288361
1633.5970458984375 0.9998480329774531 0.00017389440322340387
1633.6178588867188 1.0003419623272694 0.00017394555413930262
1633.6387329101562 0.9995810152070652 0.00017412871091383728
1633.6595458984375 1.0001487405480953 0.0001738722373857493
1633.6803588867188 1.0000587429851697 0.00017420850803217812
1633.7012329101562 1.000290804965732 0.00017403285975092482
1633.7220458984375 0.9998394242261498 0.00017387950217250274
1633.7428588867188 0.9995536572280772 0.00017409167687474316
1633.7637329101562 1.000191902316894 0.00017405898779204433
1633.7845458984375 1.0003991144830287 0.0001738932883793533
1633.8053588867188 0.9998285364011912 0.00017394573744313464
1633.8262329101562 0.9995472320995007 0.00017379890648803195
1633.8470458984375 1.0003013130441634 0.0001739428715011851
1633.8678588867188 1.0000558215728867 0.00017387725605997055
1633.8887329101562 1.0005319085304518 0.0001738625457569973
1633.9095458984375 0.9997108293415928 0.00017382732209402413
1633.9303588867188 0.9991790207069736 0.0001739029645901927
1633.9512329101562 1.0001852180399882 0.0001738477147625146
1633.9720458984375 1.0005017696606433 0.00017392570667444182
1633.992919921875 1.0003269165697706 0.00017403352291118766
1634.0137329101562 0.9995747529898388 0.0001737802554678961
1634.0346069335938 0.9999581002450475 0.0001738441637406893
1634.055419921875 0.9999341543415925 0.00017394427402787302
1634.0762329101562 1.0000522111974897 0.00017400818083392538
1634.0971069335938 1.0000453895303323 0.00017401051870847772
1634.117919921875 0.9999061511530452 0.0001738648773492738
1634.1387329101562 1.0002785281802196 0.00017391838471055
1634.1596069335938 0.9997881827007828 0.00017388521835803636
1634.180419921875 1.0000143379670718 0.00017397921049144155
1634.2012329101562 0.9999435965810338 0.00017392658010568625
1634.2221069335938 0.9999154705949844 0.00017385145651722182
1634.242919921875 1.0002519423302552 0.00017380849780052483
1634.2637329101562 1.0000345077835968 0.00017394511377345165
1634.2846069335938 1.0000692826370037 0.00017386495178782564
1634.305419921875 0.9998508692278688 0.00017379728312415585
1634.3262329101562 0.9997592624244241 0.0001738483682125388
1634.3471069335938 0.9998513839500296 0.00017381312546443331
1634.3887329101562 1.000243228973625 0.00017371602725198192
1634.4096069335938 1.0003021312657427 0.00017389056791062128
1634.430419921875 0.9996066554791103 0.00017371117133872736
1634.4512329101562 1.0001167050935782 0.00017367703213825344
1634.4721069335938 1.0004538056291963 0.00017378542780945884
1634.492919921875 0.9998153905172605 0.00017383257496518555
1634.5137329101562 0.9996954924134984 0.00017382949227239016
1634.5346069335938 1.000086268296205 0.0001738270260872618
1634.555419921875 0.999719183131139 0.00017375805975900456
1634.5762329101562 1.0000929534549727 0.00017412789460276816
1634.5971069335938 1.0005459565462005 0.00017392504311289844
1634.617919921875 0.999638102143003 0.00017375763426149694
1634.6387329101562 0.9998373427246315 0.00017364725903846505
1634.6596069335938 1.0001335338720583 0.0001736788374068918
1634.680419921875 1.0002113932922017 0.00017370136211525917
1634.7012329101562 0.9999257358401142 0.00017375680033160455
1634.7221069335938 0.9999922427111906 0.00017388826182492695
1634.742919921875 0.9998678295385656 0.00017365981354294438
1634.7637329101562 0.9998766600354951 0.00017396450891596284
1634.7846069335938 1.0002351443711852 0.00017377296132130472
1634.805419921875 1.0001786449762986 0.00017375542133176797
1634.8262329101562 0.9998128365703592 0.00017391821745084998
1634.8471069335938 0.9996083623266995 0.00017371262137054282
1634.867919921875 1.0005471682592706 0.00017373948841913395
1634.8887329101562 0.9997412478873127 0.00017385089952319773
1634.9096069335938 1.0000437939851574 0.00017395674617970888
1634.930419921875 0.9997033158072502 0.0001737069195529738
1634.9512329101562 1.000222947021598 0.00017382746515631254
1634.9721069335938 1.0004582119719767 0.00017366370842283833
1634.992919921875 0.9997874270126842 0.00017371071722780917
1635.0137329101562 0.9996395898851228 0.00017387924487028577
1635.0346069335938 0.9997740990568318 0.000173647832110692
1635.055419921875 1.000560502610356 0.00017382563677465306
1635.0762329101562 1.0003462529546638 0.00017380998291419505
1635.0971069335938 0.9994412155354524 0.00017375730583755707
1635.117919921875 0.9999573821149492 0.0001736913602785576
1635.1387329101562 1.0002487044821613 0.00017371123474921448
1635.1596069335938 0.9995915184920723 0.00017383320931609243
1635.180419921875 1.0001818323644172 0.00017368774490074792
1635.2012329101562 0.9999898273777342 0.00017376150414653626
1635.2221069335938 1.0004435043953774 0.00017374307947481493
1635.242919921875 0.9994775728285691 0.0001738624996440892
1635.2637329101562 1.0003122441419874 0.0001737240574137413
1635.2846069335938 1.0000073627423658 0.00017388292339644238
1635.305419921875 0.9996181265339078 0.00017375094598493884
1635.3262329101562 1.0003017385814847 0.00017385729231085307
1635.3471069335938 1.0001460592365732 0.00017378941962137572
1635.367919921875 0.9998784324624987 0.00017389741405630504
1635.3887329101562 0.9996100356550697 0.00017378529365174604
1635.4096069335938 1.0001658444094987 0.00017369497260473295
1635.430419921875 1.0001469541955736 0.00017380739820934194
1635.4512329101562 1.0001649317663792 0.00017366239494292468
1635.4721069335938 0.9998863384252266 0.0001737763540558928
1635.492919921875 0.9999443996436439 0.00017380052383835862
1635.5137329101562 0.9998272713665979 0.00017375421089342537
1635.5346069335938 1.0001117123665195 0.00017386080248973316
1635.555419921875 1.0002196082650794 0.00017387239089085784
1635.5762329101562 1.0000872801175225 0.00017382066964175295
1635.5971069335938 0.9996729696335145 0.0001740121784196716
1635.617919921875 1.0000675451737397 0.00017381073916177816
1635.6387329101562 0.9998832041826264 0.00017409642970517064
1635.6596069335938 1.000117278148113 0.00017384697806332422
1635.680419921875 1.0000781352188133 0.00017394018782867455
1635.7012329101562 0.9997359711525728 0.00017389052642474925
1635.7221069335938 1.0002355846140678 0.0001740493203279679
1635.742919921875 1.0000365014259098 0.0001738635769202269
1635.7637329101562 1.0000410707984146 0.00017402007297068686
1635.7846069335938 0.9997934725357784 0.00017373197161716034
1635.805419921875 1.0002597658121632 0.00017388954430991126
1635.8262329101562 0.9997165850701338 0.0001737967720095198
1635.8471069335938 1.0000781411264426 0.00017369703048780553
1635.867919921875 1.000003614602667 0.0001738123558758441
1635.8887329101562 0.9998760038029033 0.00017372843481212289
1635.9096069335938 1.0003007985217447 0.00017369638329228134
1635.930419921875 0.9997990571626432 0.0001739924857627696
1635.9512329101562 1.0001545268051324 0.00017374727678431178
1635.9721069335938 0.9997726861723191 0.00017374965502839698
1635.992919921875 1.0003689938791571 0.00017381517387797518
1636.0137329101562 0.9997702611928616 0.0001740134531455786
1636.0346069335938 0.9999484093498089 0.00017378531070392077
1636.055419921875 1.0001017661566676 0.00017405905567051392
1636.0762329101562 0.9998574911290157 0.00017389824372591656
1636.0971069335938 0.9998159278437954 0.00017377455941413822
1636.117919921875 1.000155717282251 0.000173772460706754
1636.1387329101562 1.0003666952865882 0.00017379791366233468
1636.1596069335938 0.9999766828197216 0.00017388281779693937
1636.180419921875 0.9998282490499081 0.00017383416560011027
1636.2012329101562 0.9998199195300521 0.00017371404889120968
1636.2221069335938 0.9999495629535389 0.00017382040651369953
1636.242919921875 1.0001619561544288 0.00017389949656498323
1636.2637329101562 0.9999763235974315 0.00017400643350623025
1636.2846069335938 1.000132293599934 0.00017405496034147863
1636.305419921875 0.9999971257870016 0.00017404850283488758
1636.3262329101562 1.0001209008409842 0.00017382135746763977
1636.3471069335938 0.9996592449653224 0.00017386060385518265
1636.367919921875 0.9997532341599552 0.0001738880812046729
1636.3887329101562 1.00045249711491 0.00017379449265845067
1636.4096069335938 1.0000094357363107 0.00017373238873379817
1636.430419921875 0.9998149560836526 0.00017390944688672324
1636.4512329101562 1.000173625877275 0.0001738231302374981
1636.4721069335938 1.0001006918341566 0.0001738840226892388
1636.492919921875 0.9997105189130818 0.00017376478662362255
1636.5137329101562 0.999758755088091 0.0001737964078302278
1636.5346069335938 1.0003216707728206 0.00017389383666038423
1636.555419921875 1.0002323370117931 0.00017379302948622303
1636.5762329101562 1.000162159376044 0.00017387347623896575
1636.5971069335938 0.9995363688541488 0.00017378995310969627
1636.617919921875 0.9999911607018969 0.00017372234971780212
1636.6387329101562 1.0000542511453878 0.00017378229678164715
1636.6596069335938 1.0000720821319422 0.00017385915022075188
1636.680419921875 0.9999453017059167 0.00017382579866377206
1636.7012329101562 0.9999443308513081 0.00017380328376911797
1636.7221069335938 1.0004759561788543 0.00017385494683975754
1636.7429809570312 0.9993937584173702 0.00017374448941478708
1636.7637939453125 1.0002283448057103 0.0001740915069263643
1636.7846069335938 1.0000543551718237 0.00017381903192875413
1636.8054809570312 0.9995992776406682 0.0001737837369496422
1636.8262939453125 1.0003706842221423 0.00017373122069024786
1636.8471069335938 1.0001396836244731 0.0001737737666442898
1636.8679809570312 0.9997472138051158 0.0001736218075522189
1636.8887939453125 1.0002368771037906 0.00017378025998059137
1636.9096069335938 0.9995547068018383 0.000173755497577235
1636.9304809570312 1.0004341354213502 0.00017379366955052144
1636.9512939453125 1.000051987373974 0.00017373561512870432
1636.9721069335938 0.9998458365175872 0.00017393165974168603
1636.9929809570312 0.9997457368314577 0.000173801169059134
1637.0137939453125 1.0001251733784402 0.00017381706768944795
1637.0346069335938 1.0000183782177778 0.00017362504781461227
1637.0554809570312 1.0001488934278864 0.00017378510524903115
1637.0762939453125 1.0001329109955754 0.00017374224755088453
1637.0971069335938 0.9998917131879616 0.00017409228946607322
1637.1179809570312 0.9998537513091141 0.00017390564899881516
1637.1387939453125 0.9997159096498694 0.00017366908872809336
1637.1596069335938 1.0002191942990513 0.0001737287609287516
1637.1804809570312 1.0001762537950782 0.00017369459364441193
1637.2012939453125 1.0002485933471366 0.0001737675634294221
1637.2221069335938 0.9998181664822477 0.00017370733726204825
1637.2429809570312 0.9997859991045114 0.00017377057560305126
1637.2637939453125 0.9997620908160381 0.00017373338632175998
1637.2846069335938 1.0000520733422165 0.00017382644393440562
1637.3054809570312 1.0005019958491117 0.00017386632586539985
1637.3262939453125 1.0000652256139895 0.00017397567912995758
1637.3471069335938 0.9995976375272003 0.00017378984726129038
1637.3679809570312 1.0000437187383733 0.0001737694198823891
1637.3887939453125 1.0001280524326452 0.00017383443309153238
1637.4096069335938 1.0000412825231846 0.00017407224886245348
1637.4304809570312 1.000051814108981 0.00017371432219178353
1637.4512939453125 0.9994996809472522 0.00017368827206726555
1637.4721069335938 0.9999558664232631 0.00017368435588152533
1637.5137939453125 1.00034738200538 0.00017359172681440647
1637.5346069335938 1.0013311174138513 0.000173591685747414
1637.5554809570312 1.0000367618275825 0.00017352511655479297
1637.5762939453125 1.0003156095624928 0.00017382671927686203
1637.5971069335938 0.9995965972727902 0.00017366993978192494
1637.6179809570312 1.0001007964505357 0.0001735874270121768
1637.6387939453125 1.0001041236645047 0.00017362498590424693
1637.6596069335938 0.9999018444199972 0.0001737370574157758
1637.6804809570312 1.0001445585646782 0.00017392625180794348
1637.7012939453125 0.9999002289197619 0.00017364795527783112
1637.7221069335938 0.9996505322169246 0.0001738412314211381
1637.7429809570312 1.000072119265356 0.00017359224596436693
1637.7637939453125 1.0001439836783894 0.00017396576493649839
1637.7846069335938 1.0000602430170429 0.00017383360083848544
1637.8054809570312 1.000329489374654 0.0001737105603625282
1637.8262939453125 0.9999315526980112 0.0001737429926089725
1637.8471069335938 0.9996813317527967 0.00017375108088794859
1637.8679809570312 0.9997747585120039 0.00017372864382030702
1637.8887939453125 0.9999294162648616 0.00017397701211815199
1637.9096069335938 1.0001907171674265 0.00017359860135347007
1637.9304809570312 1.0003643216847538 0.00017376120117918825
1637.9512939453125 1.0004500136642527 0.00017362481619747356
1637.9721069335938 0.9994884808723477 0.00017363246815623544
1637.9929809570312 0.9998376082380572 0.0001737585345381803
1638.0137939453125 0.9995600746741862 0.0001737534002823428
1638.0346069335938 1.0000137350275888 0.00017364329625730823
1638.0554809570312 1.0005669722003807 0.00017353293809847364
1638.0762939453125 1.000019225632222 0.00017370064494603779
1638.0971069335938 0.9997257581328357 0.00017358564063817895
1638.1179809570312 1.000490880371361 0.00017348672451263084
1638.1387939453125 0.9999748477770811 0.00017357774904879387
1638.1596069335938 0.9995713043837265 0.00017361727254259097
1638.1804809570312 1.0000627051621602 0.00017372729162995335
1638.2012939453125 1.0001278935284128 0.00017366476272755808
1638.2221069335938 0.9993161171876238 0.0001735698064106363
1638.2429809570312 1.0006459852704814 0.00017370545886530704
1638.2637939453125 1.000342044056366 0.0001736316696205467
1638.2846069335938 0.9995755738329004 0.00017379363218738555
1638.3054809570312 0.9999753705422677 0.0001735601989226325
1638.3262939453125 0.9999542250751294 0.00017359473220324273
1638.3471069335938 1.0000929510656178 0.00017360833227508061
1638.3679809570312 1.0000102088951954 0.00017362350715761994
1638.3887939453125 0.9999488722831137 0.00017354469458588258
1638.4096069335938 1.0000889870754321 0.0001735415891152176
1638.4304809570312 0.9998932237222424 0.00017359058311060168
1638.4512939453125 1.0000853740863052 0.0001735422072381448
1638.4721069335938 1.0001435386909583 0.00017348708237255255
1638.4929809570312 0.9998346577116138 0.0001735340887592719
1638.5137939453125 0.9998291462611328 0.00017355138383070293
1638.5346069335938 1.0000857614441545 0.0001735338247685285
1638.5554809570312 1.0002244708984538 0.00017352865233506788
1638.5762939453125 0.9999131912674722 0.00017361169579517896
1638.5971069335938 1.00011798631398 0.00017364218605338649
1638.6179809570312 0.9999281619752399 0.00017388443006734054
1638.6387939453125 0.9998319720446109 0.00017365901622615876
1638.6596069335938 0.9998028676131654 0.0001739744690000814
1638.6804809570312 1.0001728509917338 0.00017387440215984326
1638.7012939453125 1.0001583034754844 0.0001736306110892213
1638.7221069335938 1.0000910158026775 0.00017379576190289957
1638.7429809570312 0.9997368471712735 0.0001738319358081147
1638.7637939453125 1.0001383924926417 0.00017384496565368135
1638.7846069335938 1.000145593958961 0.0001735778077362182
1638.8054809570312 0.9998689896916734 0.00017368898869440537
1638.8262939453125 0.9998377448337546 0.00017355210250404466
1638.8471069335938 1.000068466421613 0.0001736863685632528
1638.8679809570312 0.9998606318833823 0.00017371979797864274
1638.8887939453125 1.0002869113786044 0.00017355079280260337
1638.9096069335938 1.0001475693831914 0.00017356377949856807
1638.9304809570312 0.9999971369570072 0.0001736884814791575
1638.9512939453125 0.9998665099543086 0.00017359256595810506
1638.9721069335938 0.9999821640201647 0.00017358346132284271
1640.0554809570312 1.0004513504197783 0.00020044187029815482
1640.0762939453125 0.9992929938862252 0.00020092182127692096
1640.0971069335938 1.0002564356640442 0.00020165196103956071
1640.1179809570312 0.9980209208177078 0.0002016026405532251
1640.1387939453125 1.0011488442499465 0.0002014822945416419
1640.1596069335938 0.998400371307071 0.00020112622265549852
1640.1804809570312 0.9994865725640715 0.0002004061212572904
1640.2012939453125 1.000452378301262 0.00019985900449454987
1640.2221069335938 1.0005777517443164 0.0001993151889388477
1640.2429809570312 0.9992917859009864 0.0001983304742782289
1640.2637939453125 0.9979951357740345 0.00019769382993555063
1640.2846069335938 1.0001914603393063 0.00019678638904914388
1640.3054809570312 0.9997879672993625 0.0001960552138707611
1640.3262939453125 0.9978492135214315 0.00019567952227182958
1640.3471069335938 1.0005194267473096 0.0001955241644243092
1640.3679809570312 0.999344029267897 0.00019505581702795714
1640.3887939453125 0.999715262117563 0.00019513626102609668
1640.4096069335938 0.9999750586894671 0.00019523302668371818
1640.4304809570312 1.0007899483620029 0.00019501185252888075
1640.4512939453125 1.0006643162928262 0.00019508831573728557
1640.4721069335938 0.9997775810339108 0.00019519974978053045
1640.4929809570312 0.9990628641013293 0.00019515421828444692
1640.5137939453125 1.000030753930875 0.00019542792374862287
1640.5346069335938 0.9997824147349553 0.00019563542805476367
1640.5554809570312 1.0008858134323078 0.0001957692848903716
1640.5762939453125 0.9992743901925536 0.0001955135941112395
1640.5971069335938 1.0001381572093384 0.00019532137182888415
1640.6179809570312 1.0003272891612176 0.0001949876412772312
1640.6387939453125 0.999512522932326 0.0001947384222495306
1640.6596069335938 1.0003216313311347 0.00019441873439843944
1640.6804809570312 1.0000704461310919 0.00019423042403061107
1640.7012939453125 1.0000491637743258 0.00019424949141328608
1640.7221069335938 1.0003190189668694 0.0001940757763105184
1640.7429809570312 0.999692228668519 0.00019417346764569055
1640.7637939453125 0.9996873171299044 0.00019420129423145137
1640.7846069335938 1.0001389068781164 0.0001941560631994672
1640.8054809570312 0.9999482925254363 0.00019403545437008125
1640.8262939453125 1.0004047765472823 0.00019405316589941746
1640.8471069335938 0.9997584432995092 0.0001936693362051173
1640.8679809570312 0.9997011787813723 0.00019328488491388875
1640.8887939453125 0.9997502434515784 0.00019302323709411166
1640.9096069335938 1.0008875832049537 0.00019238185306892224
1640.9304809570312 0.9999907356125834 0.0001918579400993205
1640.9512939453125 0.999661057632256 0.0001911712362784627
1640.97216796875 0.9990922286471942 0.00019053126166821297
1640.9929809570312 1.0006857964727072 0.0001900364006890784
1641.0138549804688 1.0004464841727065 0.00018971171399909386
1641.03466796875 1.0002003271969355 0.0001892314272031336
1641.0554809570312 0.9994700600910768 0.00018900689095930086
1641.0763549804688 1.000112354655824 0.0001886415781319377
1641.09716796875 0.9995932091761378 0.00018848703622575638
1641.1179809570312 1.000445557704487 0.00018842384122568688
1641.1388549804688 1.0000012990296403 0.00018823334117908084
1641.15966796875 0.9996301035874428 0.00018807998406970453
1641.1804809570312 1.0004789857310201 0.00018842484347440398
1641.2013549804688 0.9998243444045157 0.0001878912891833257
1641.22216796875 1.0000962675567533 0.0001875280054070661
1641.2429809570312 0.9998073584466375 0.00018726211877937953
1641.2638549804688 0.999949271872508 0.00018694462568509304
1641.28466796875 1.0001217386472647 0.0001865940887197318
1641.3054809570312 1.0002565052298584 0.00018619749911304962
1641.3263549804688 0.9996234952641203 0.00018597878965792247
1641.34716796875 0.9995004657976868 0.00018554526711748342
1641.3679809570312 1.000662455138551 0.0001852365448221407
1641.3888549804688 1.0001000776943743 0.00018505828892984938
1641.40966796875 1.0004966526516788 0.00018514000610811546
1641.4304809570312 0.9992134202536779 0.00018504129691756136
1641.4513549804688 0.9999555179805324 0.00018512062363251424
1641.47216796875 1.0002222237579481 0.00018543856567881256
1641.4929809570312 0.9998269685761779 0.00018542381807355225
1641.5138549804688 1.0000630909304447 0.00018549301033068702
1641.53466796875 0.9998035689668853 0.00018572224256593848
1641.5554809570312 1.0009140853625267 0.00018580089382639185
1641.5763549804688 0.9994979088570995 0.0001859682340798423
1641.59716796875 0.9995370937654249 0.0001860286670235731
1641.6179809570312 1.000162979212234 0.00018596673542988295
1641.6388549804688 1.0000908571192837 0.00018607067542965886
1641.65966796875 1.0001689121834216 0.00018623892654992682
1641.6804809570312 0.9999257674894813 0.00018591932766252257
1641.7013549804688 0.9997954868700647 0.00018592418379892027
1641.72216796875 0.9999311682527712 0.00018563780158432317
1641.7429809570312 1.0001415508121099 0.0001855812264300017
1641.7638549804688 1.0003391318927461 0.0001856085604974643
1641.78466796875 0.999752975392842 0.00018563115685328553
1641.8054809570312 1.000057964683732 0.000185769394979404
1641.8263549804688 0.9985291616574025 0.00018577403658211105
1641.84716796875 0.9999166035437744 0.0001855449684924979
1641.8679809570312 1.0002476912246239 0.00018556341358382924
1641.8888549804688 0.9995639732725052 0.00018535602997054603
1641.90966796875 1.0006382375791856 0.0001850437416472762
1641.9304809570312 0.9996614895857509 0.0001847238471389667
1641.9513549804688 1.0003395422623211 0.00018460097840718932
1641.97216796875 0.9998642037980366 0.00018420748819644262
1641.9929809570312 1.0006560554190072 0.0001839495323070061
1642.0138549804688 0.99919046199538 0.00018369706231644318
1642.03466796875 1.0000055306529811 0.0001834160979196749
1642.0554809570312 0.9999431571145989 0.00018360485138406018
1642.0763549804688 1.0005818965866906 0.00018345849291345246
1642.09716796875 1.0000104378122916 0.00018305266063389664
1642.1179809570312 0.9996423230621823 0.00018286164956794965
1642.1388549804688 0.9998184247505236 0.00018310030977073427
1642.15966796875 1.0000953745191774 0.0001828337534515986
1642.1804809570312 1.000328389693847 0.00018292694936249425
1642.2013549804688 0.9997124169969354 0.00018274307803966124
1642.22216796875 0.999888542800856 0.00018268711697160022
1642.2429809570312 0.9999990338187601 0.0001826080355983351
1642.2638549804688 1.000389875975135 0.00018251469113734296
1642.28466796875 1.0001444165793552 0.00018248888242433544
1642.3054809570312 0.9998882124009303 0.00018204731158646075
1642.3263549804688 0.9993979786452712 0.00018181392880474754
1642.34716796875 1.0000737591035584 0.00018160000067117072
1642.3679809570312 1.0001742429882432 0.00018141016737046025
1642.3888549804688 1.0005826359501737 0.0001812935047216339
1642.40966796875 0.9996851529730423 0.00018111722465675282
1642.4304809570312 0.9995361747919393 0.00018120930941668527
1642.4513549804688 1.0000335712340824 0.00018113025240943252
1642.47216796875 1.0002744040154066 0.0001811607208430754
1642.4929809570312 1.0002042767991093 0.00018139730081431914
1642.5138549804688 0.9998942741016175 0.00018126352124221592
1642.53466796875 1.000220495620058 0.00018133225419994834
1642.5554809570312 0.999615516747121 0.00018166801704352304
1642.5763549804688 0.9997578585682629 0.00018166559457372328
1642.59716796875 1.000051811473292 0.00018188818656672586
1642.6179809570312 1.0008253866756869 0.00018186801273133084
1642.6388549804688 0.9995482724007848 0.00018209168405424673
1642.65966796875 0.9998078605567022 0.00018203461932429478
1642.6804809570312 0.9999614678058752 0.00018198631961322236
1642.7013549804688 0.9999343143179572 0.0001818974722367936
1642.72216796875 0.9998647105859402 0.00018191151428970104
1642.7429809570312 1.0005312061641403 0.0001820859741732717
1642.7638549804688 0.999942678871427 0.00018176729579822283
1642.78466796875 0.9999416122590904 0.0001817463961018088
1642.8054809570312 0.9997677995967928 0.0001818572451929789
1642.8263549804688 1.0004486156392227 0.00018187452992764468
1642.84716796875 0.9998145548483351 0.00018176881624382192
1642.8679809570312 0.9997594102192043 0.00018152958945809262
1642.8888549804688 0.999871668304079 0.00018141289297868163
1642.90966796875 1.000106090514554 0.00018123596636563112
1642.9304809570312 1.000240335073542 0.00018088046987277983
1642.9513549804688 0.999869311389075 0.00018071774373291024
1642.97216796875 0.9997549609687965 0.00018046048105037024
1642.9929809570312 1.0003990634181292 0.00018024494362787707
1643.0138549804688 1.0002224203835253 0.00018008804239463746
1643.03466796875 0.9994730561038148 0.00018009375244872246
1643.0554809570312 1.000278228247066 0.00017980654809830952
1643.0763549804688 0.9998517788974386 0.00017972604487702284
1643.09716796875 1.0002944985575974 0.00017958685225436728
1643.1179809570312 0.9997133613231992 0.00017975428231357203
1643.1388549804688 0.999507838250661 0.00017972401981547974
1643.15966796875 1.0003772455605533 0.00017955139571542133
1643.1804809570312 1.0008504991276208 0.00017943783681558428
1643.22216796875 0.9992929399572162 0.00017931602899335928
1643.2429809570312 1.0001460208503714 0.00017917953583570265
1643.2638549804688 0.9997436202573551 0.0001789951403366105
1643.28466796875 0.9997059697049834 0.00017899461202341667
1643.3054809570312 1.0003072782280487 0.00017885628053540567
1643.3263549804688 1.0002341145541933 0.00017868083019649357
1643.34716796875 1.0001834090817485 0.00017859702738165728
1643.3679809570312 0.9999356624882881 0.0001783286325248484
1643.3888549804688 0.999392924160228 0.00017818324613769467
1643.40966796875 1.000433256686346 0.0001782145916959936
1643.4304809570312 0.9998783699589038 0.0001781578587075032
1643.4513549804688 1.000031045895161 0.0001781571406819675
1643.47216796875 0.9999988209693925 0.0001781009716969903
1643.4929809570312 1.0000624382132122 0.0001781180132873301
1643.5138549804688 0.9999515391345766 0.0001781287004858168
1643.53466796875 0.9998959432977907 0.00017816699498502458
1643.5554809570312 1.0001976454444383 0.00017822365690446787
1643.5763549804688 0.9998312729104012 0.000178443368304776
1643.59716796875 1.0000550499977998 0.00017838158014408883
1643.6179809570312 1.000119307812725 0.0001784991627212098
1643.6388549804688 0.9996687017791386 0.00017866396300655768
1643.65966796875 1.0005314476394127 0.00017858812996364228
1643.6804809570312 1.000158363919842 0.00017881676600527092
1643.7013549804688 0.999377302042904 0.00017863447902016392
1643.72216796875 0.9997520993280886 0.0001786427352268471
1643.7429809570312 1.0005566260507293 0.0001788435090319016
1643.7638549804688 0.9999799917913241 0.00017865838932667067
1643.78466796875 0.9998128558182763 0.000178610167869577
1643.8054809570312 0.999941988889661 0.00017861730859625223
1643.8263549804688 0.9999110165348492 0.00017870526974755402
1643.84716796875 1.0003650168693075 0.00017858956229172208
1643.8679809570312 0.9999082242569417 0.00017870451142288607
1643.8888549804688 0.9999745854479208 0.00017848718367025182
1643.90966796875 1.0001878623101794 0.00017834878577130547
1643.9304809570312 0.9995652439560229 0.00017828776145720795
1643.9513549804688 1.000106380449013 0.00017817502342981338
1643.97216796875 1.0003054557941944 0.00017834514065898573
1643.9929809570312 0.9997958048980753 0.00017795573518652796
1644.0138549804688 0.9999059759473958 0.00017777055968854662
1644.03466796875 1.0000223202534688 0.0001776047249405214
1644.0554809570312 1.0000992434139555 0.00017754187595209105
1644.0763549804688 1.000321083351429 0.0001774555611643936
1644.09716796875 0.999958542949299 0.00017747805396257268
1644.1179809570312 0.9994764630945162 0.00017729518117881777
1644.1388549804688 0.9999992921646006 0.0001773088480869777
1644.15966796875 1.0000196299796171 0.00017717246048767028
1644.1804809570312 1.000150054105461 0.00017722699696350963
1644.2013549804688 1.0000384980894776 0.00017720712601258256
1644.22216796875 1.0000533612891862 0.00017708524642927418
1644.2429809570312 1.0004563222865264 0.00017706832094062892
1644.2638549804688 0.9993424650320201 0.0001771667733258591
1644.28466796875 1.0000689529254545 0.00017696856432901776
1644.3054809570312 0.9999145090849846 0.00017694242414769171
1644.3263549804688 1.0001244357648815 0.0001768970377814425
1644.34716796875 1.0003627598695155 0.00017685710135958914
1644.3679809570312 0.99980761978429 0.0001767045729221922
1644.3888549804688 0.9997092610192012 0.0001769946204290459
1644.40966796875 1.0002778342109835 0.00017686371625368226
1644.4304809570312 0.9999146860765593 0.00017664375707178174
1644.4513549804688 0.9997740968821806 0.000176623565429241
1644.47216796875 1.000197465916047 0.0001765952416816314
1644.4929809570312 1.000130122141596 0.0001766450638710251
1644.5138549804688 1.0000578146269217 0.00017661616338740586
1644.53466796875 0.9998278161573622 0.00017670376473593965
1644.5554809570312 0.999855429066164 0.00017677792135259728
1644.5763549804688 1.00010818893284 0.00017692764386021624
1644.59716796875 1.0000044827433872 0.00017685691375349597
1644.6179809570312 0.9999407784835087 0.00017704705213813623
1644.6388549804688 0.9999122703513166 0.00017711112408889886
1644.65966796875 1.0002643213252975 0.00017695314248741616
1644.6804809570312 0.9999850358557301 0.00017710171154632355
1644.7013549804688 1.0002037035070994 0.00017705502628969524
1644.72216796875 0.9997796834546138 0.00017712855677846432
1644.7429809570312 0.9998571199804418 0.00017699971420468303
1644.7638549804688 0.9999175495834625 0.00017734399854581586
1644.78466796875 1.0000118415833397 0.00017719709681913363
1644.8054809570312 1.0004534664993816 0.0001773445423276687
1644.8263549804688 0.999718486534269 0.0001771622373828481
1644.84716796875 0.9997144353885071 0.00017701966328031576
1644.8679809570312 1.0002822409549679 0.00017705025320461937
1644.8888549804688 0.9998537328013545 0.00017705981128184376
1644.90966796875 1.0003884059916819 0.0001772290917866944
1644.9304809570312 1.0000942781003237 0.00017718744692900464
1644.9513549804688 0.9993302693587615 0.0001768916902708769
1644.97216796875 1.000023876224604 0.0001767209366122382
1644.9929809570312 1.0005067276319617 0.00017688965168077207
1645.0138549804688 0.9999732869547071 0.00017657812054773007
1645.03466796875 0.9999436497423844 0.00017668928497212365
1645.0554809570312 0.9998416981972443 0.00017651989429581775
1645.0763549804688 1.0000775431541782 0.00017640087309453767
1645.09716796875 0.9998076280394896 0.00017648961312830355
1645.1179809570312 1.0000051479821717 0.00017641379706819537
1645.1388549804688 1.000140102460242 0.00017638007211233709
1645.15966796875 1.0001023282024308 0.0001763607751543323
1645.1804809570312 0.9998075589810531 0.0001764798305153055
1645.2013549804688 0.9999725326195315 0.00017628782267692183
1645.22216796875 1.0003877140145399 0.0001762934783037016
1645.2429809570312 0.9998323806847684 0.00017618076775774826
1645.2638549804688 0.9998365984258418 0.00017620267742885678
1645.28466796875 0.999701110936343 0.0001762148098532887
1645.3054809570312 1.0004469803505172 0.00017617995543349
1645.3263549804688 1.00016751220979 0.0001760364693400705
1645.34716796875 0.9997891814698258 0.0001760603149925927
1645.3679809570312 0.9997619486885896 0.00017624448277569335
1645.3888549804688 1.0003139567339945 0.00017617295574593955
1645.40966796875 0.9999037441161267 0.00017587518210468862
1645.4304809570312 1.0000817092498089 0.0001759637837864618
1645.4513549804688 1.0001358474731215 0.00017579851273708335
1645.47216796875 0.9993903077480569 0.0001759542183798262
1645.4929809570312 1.0002751945765411 0.0001757920318149048
1645.5138549804688 1.0002019449430286 0.00017575047386086406
1645.53466796875 0.9996572046702376 0.00017579895457439757
1645.5554809570312 1.0000963681096708 0.00017582393368013792
1645.5763549804688 1.0002955554573514 0.00017583001374190795
1645.59716796875 1.00023389892375 0.0001760171882305088
1645.6179809570312 0.9995772019730614 0.0001760563708199798
1645.6388549804688 1.0001419963469818 0.0001761369631037961
1645.65966796875 0.9999031052764489 0.00017614549087499406
1645.6804809570312 0.9997731407571693 0.00017632518214454165
1645.7013549804688 1.0001289292975042 0.00017657071763352422
1645.72216796875 1.0000677543328773 0.00017619690115637515
1645.7429809570312 0.9998712682941471 0.0001761576940453083
1645.7638549804688 1.0002034757954543 0.00017632215221859935
1645.78466796875 1.0000657766596788 0.0001762552436039661
1645.8054809570312 0.9997298261507613 0.0001760807846371077
1645.8263549804688 1.0000190196893863 0.00017603876197191297
1645.84716796875 1.0002317045763334 0.00017606599658706582
1645.8679809570312 1.0000524373323545 0.00017607464718170097
1645.8888549804688 1.0000542448607583 0.0001759882412452051
1645.90966796875 0.9999373359904349 0.00017597589064492352
1645.9304809570312 0.9995993932867842 0.00017603967688490312
1645.9513549804688 0.9999424021906266 0.00017589833857158298
1645.97216796875 1.0003403610724557 0.00017609437871471815
1645.9929809570312 1.0000571273706678 0.00017583450584234112
1646.0138549804688 0.999953865378473 0.00017581502403235955
1646.03466796875 1.000179930135328 0.00017571827262385519
1646.0554809570312 0.999918576418614 0.00017565373462689714
1646.0763549804688 1.0000404705904826 0.00017571075994658888
1646.09716796875 0.999352785816817 0.00017562922341112042
1646.1179809570312 1.0002578629085717 0.00017560487792477711
1646.1388549804688 1.0002122269846392 0.0001757271418236006
1646.15966796875 1.0000697069780335 0.00017551433926815427
1646.1804809570312 1.000159512822572 0.0001756342800111109
1646.2013549804688 1.0000491313564497 0.00017559168522708385
1646.22216796875 0.9995149186388824 0.00017555523095011044
1646.2429809570312 1.0002644452758627 0.00017557373872472752
1646.2638549804688 0.9998391206556616 0.00017558490346330732
1646.28466796875 0.9998757166575802 0.00017547137112432822
1646.3054809570312 1.0000687884131452 0.00017542937484941513
1646.34716796875 1.0002294308398192 0.00017544582720574597
1646.3679809570312 0.9999941714738121 0.00017524830742960185
1646.3888549804688 1.0002881443479381 0.0001751936072967647
1646.40966796875 0.999522185848186 0.00017528536326219912
1646.4304809570312 1.0000105672350048 0.00017520055424168703
1646.4513549804688 1.00029504537739 0.00017539818440203634
1646.47216796875 0.9998317222504162 0.00017530172954703026
1646.4929809570312 1.0000353073470714 0.00017530165791151728
1646.5138549804688 0.9998130485023986 0.0001752609760114935
1646.53466796875 1.0001746560625153 0.00017529058117669302
1646.5554809570312 0.9997769936577946 0.0001754542488100089
1646.5763549804688 1.0001239510173106 0.00017540122583277674
1646.59716796875 0.9999877463086411 0.000175295102878528
1646.6179809570312 1.000015964197334 0.0001753717770589038
1646.6388549804688 1.0002555334534067 0.000175418414877295
1646.65966796875 1.0000899377303238 0.00017534163660763648
1646.6804809570312 0.99980149236082 0.00017538327386098848
1646.7013549804688 0.9997207941447773 0.0001753324112422688
1646.72216796875 0.9999188682697934 0.0001754287731152415
1646.7430419921875 1.0001646604404857 0.00017546772273519995
1646.7638549804688 1.0002251952793368 0.00017567070779631717
1646.7847290039062 1.0000403074404112 0.00017540630792706874
1646.8055419921875 0.9999975999972196 0.00017548069439895118
1646.8263549804688 0.9998208315118564 0.00017550966022748866
1646.8472290039062 0.9999862814901858 0.00017546141238066973
1646.8680419921875 1.0000261999187001 0.00017539703979715924
1646.8888549804688 0.9998988682633377 0.00017548939220148787
1646.9097290039062 1.0002015488609366 0.00017550267526600055
1646.9305419921875 0.9999027144782761 0.00017530359224335218
1646.9513549804688 0.9999243079571749 0.000175501059675695
1646.9722290039062 0.999645134985792 0.00017529508524070765
1646.9930419921875 1.0007238770558453 0.0001753373923839581
1647.0138549804688 1.0000585199064902 0.0001753676925642646
1647.0347290039062 0.9998432304247364 0.00017543962670519997
1647.0555419921875 0.9996965533286264 0.00017527900164685393
1647.0763549804688 0.9995847072028516 0.00017532096742668262
1647.0972290039062 1.0004658472677241 0.00017544285971339126
1647.1180419921875 1.0003781758472512 0.00017529190152414722
1647.1388549804688 0.9999931226787313 0.00017530095375007407
1647.1597290039062 0.9997982921733422 0.00017523711575983844
1647.1805419921875 0.9996144529777112 0.0001752379453218449
1647.2013549804688 1.000016773248742 0.00017514592359455287
1647.2222290039062 1.0001001812162216 0.000175268656787962
1647.2430419921875 1.0002592529606764 0.000175095802293951
1647.2638549804688 1.0002834623970727 0.0001751249796101712
1647.2847290039062 0.999662857481175 0.0001751991536844308
1647.3055419921875 1.000128774974411 0.0001752386309068555
1647.3263549804688 0.9994656487030575 0.00017503831534779036
1647.3472290039062 1.00018810604592 0.00017516729042851582
1647.3680419921875 1.0004032431488383 0.00017510110115220512
1647.3888549804688 0.9996674700965065 0.0001749602684092347
1647.4097290039062 1.000156051557919 0.00017499450729082695
1647.4305419921875 0.9999449612019081 0.00017507654256083163
1647.4513549804688 1.0001370790999653 0.0001750631132807519
1647.4722290039062 0.9997723220090862 0.0001752627153231522
1647.4930419921875 1.0001162692949592 0.0001749700572095492
1647.5138549804688 0.9999142343915807 0.0001752125804775858
1647.5347290039062 1.0002242467998423 0.00017501841416024872
1647.5555419921875 0.9997444701247787 0.00017508584200495633
1647.5763549804688 1.000304528742755 0.00017515729924045078
1647.5972290039062 0.9997718458022611 0.00017513367936686661
1647.6180419921875 0.9998507743972987 0.00017522056809704493
1647.6388549804688 1.0000539565221647 0.00017520640131504407
1647.6597290039062 1.0000075955318841 0.0001751392422640117
1647.6805419921875 1.000093486274858 0.00017524558457669207
1647.7013549804688 1.000315838363575 0.00017512883005149296
1647.7222290039062 0.9996868084270658 0.00017507816880404453
1647.7430419921875 0.9999261781072796 0.00017508335548954782
1647.7638549804688 1.0000508027726975 0.00017531233408279783
1647.7847290039062 0.99997969113504 0.0001751157870434378
1647.8055419921875 1.0000698830348556 0.00017505470281387454
1647.8263549804688 0.9997194806142591 0.0001750926516128025
1647.8472290039062 1.0004619957687078 0.00017504473088692082
1647.8680419921875 1.0002081109813543 0.0001750526826490871
1647.8888549804688 0.9997018540977929 0.00017495755644598643
1647.9097290039062 0.9996734117985295 0.00017525530404209082
1647.9305419921875 0.9999118343577186 0.00017520792490672817
1647.9513549804688 1.000275761518001 0.0001750256863414666
1647.9722290039062 1.000139594506809 0.00017502338768372638
1647.9930419921875 0.9999888593089196 0.00017500714193339378
1648.0138549804688 0.9998702337758467 0.00017496665867305355
1648.0347290039062 1.000100386987305 0.00017493573154999512
1648.0555419921875 1.0000417882574923 0.00017536291979783258
1648.0763549804688 0.9996250755832948 0.00017486241286217736
1648.0972290039062 1.000200552518483 0.0001748466227957048
1648.1180419921875 1.0000576390505518 0.00017505257684693
1648.1388549804688 1.0001932426062743 0.00017499484695590747
1648.1597290039062 1.0000811012107271 0.00017507490859311814
1648.1805419921875 0.9997332195000612 0.00017480944406901423
1648.2013549804688 0.9995465175734601 0.00017505102361718944
1648.2222290039062 1.0004941364742646 0.00017503430980102003
1648.2430419921875 1.0001657718431016 0.00017495900095223076
1648.2638549804688 0.9998183992822359 0.00017491196872662697
1648.2847290039062 0.9998951242104304 0.000175175133421597
1648.3055419921875 0.9999864840758241 0.00017482513889496785
1648.3263549804688 1.0001070531564793 0.00017497196578601833
1648.3472290039062 1.000068099537635 0.0001747110420818284
1648.3680419921875 0.9999240291967832 0.0001748627356211776
1648.3888549804688 0.9999671884250722 0.00017490747232642366
1648.4097290039062 1.0000622075700885 0.00017498264878118943
1648.4305419921875 1.0001267059081187 0.00017478853117203772
1648.4513549804688 0.9997974243265013 0.000174755663745049
1648.4722290039062 0.9997023636114902 0.0001745882939432194
1648.4930419921875 1.0005000583763561 0.00017469499697323116
1648.5138549804688 0.9999347107298225 0.00017482331777798346
1648.5347290039062 0.9999412930500834 0.00017483020793253388
1648.5555419921875 0.9997351771481298 0.0001746550627707675
1648.5763549804688 1.0002954121357217 0.0001746643406796448
1648.5972290039062 1.0001449808530514 0.00017453073681023224
1648.6180419921875 0.9995685792904252 0.0001746844547676843
1648.6388549804688 1.000166529827468 0.00017460524191510103
1648.6597290039062 1.000252471824598 0.00017467617071303235
1648.6805419921875 1.0000337388828526 0.0001746124313767804
1648.7013549804688 0.9995324299930104 0.00017490805322487957
1648.7222290039062 1.000029945862466 0.000174619369809733
1648.7430419921875 1.0001571528327748 0.00017460800893347438
1648.7638549804688 1.0001264517320667 0.00017458845407492357
1648.7847290039062 1.0000956655767341 0.00017463351348323834
1648.8055419921875 1.000205559330656 0.00017460034085437968
1648.8263549804688 0.9992051256195066 0.00017466851755174506
1648.8472290039062 1.0001066442607274 0.00017459073547177465
1648.8680419921875 1.000316909442977 0.00017480865474087663
1648.8888549804688 1.0003596934223538 0.00017469425615612252
1648.9097290039062 0.9998198146028657 0.0001746457122343306
1648.9305419921875 0.9995812565229077 0.00017473337372950358
1648.9513549804688 1.000091122768953 0.00017468594717811713
1648.9722290039062 1.000069749197499 0.00017479076086814602
1648.9930419921875 1.0002368520551401 0.0001746091978062181
1649.0138549804688 0.9998500863600813 0.000174751125363228
1649.0347290039062 1.0001202580192912 0.00017469332393907073
1649.0555419921875 0.9995750218075381 0.00017461257881880976
1649.0763549804688 1.0001161383262158 0.00017460981794730732
1649.0972290039062 1.0001784068928858 0.00017467242875489014
1649.1180419921875 1.0001963829085296 0.00017457762724305874
1649.1388549804688 1.000128479017478 0.00017467733390281188
1649.1597290039062 0.9994563532442969 0.00017469186723507448
1649.1805419921875 1.000289230889917 0.00017460977420051798
1649.2013549804688 0.9996555211692827 0.0001747209688378359
1649.2222290039062 1.0001131762196864 0.0001745633747126385
1649.2430419921875 1.0003033510448256 0.00017460002506309232
1649.2638549804688 1.0000215553450313 0.00017458982441541566
1649.2847290039062 1.0000987114352093 0.0001746667122659564
1649.3055419921875 0.9996831997227443 0.00017474422968192637
1649.3263549804688 0.9997639174238437 0.00017472469035103831
1649.3472290039062 1.000221533671217 0.00017517901708885068
1649.3680419921875 0.9999928620704944 0.00017462452087958714
1649.3888549804688 1.000244808596893 0.0001745749001188164
1649.4097290039062 0.999617674772441 0.00017470914903639992
1649.4305419921875 1.000136830598078 0.00017461525555690288
1649.4722290039062 1.000093200473855 0.00017459203131602236
1649.4930419921875 1.0003453646071845 0.0001745724853090783
1649.5138549804688 0.9997673167705302 0.0001746163022896363
1649.5347290039062 0.9995879636308931 0.00017475759156516222
1649.5555419921875 1.0002408204862012 0.00017470790344332616
1649.5763549804688 1.0001163995243296 0.00017473795241769815
1649.5972290039062 1.0000560628479551 0.00017478578464870167
1649.6180419921875 0.9998275553147181 0.00017469607858179676
1649.6388549804688 0.9997058228591537 0.00017486580163386133
1649.6597290039062 1.0002234793651064 0.00017488205007884353
1649.6805419921875 1.0000936748500076 0.00017481099251665642
1649.7013549804688 1.0003683396533904 0.0001748151504508929
1649.7222290039062 0.9996920804303912 0.00017469318629444167
1649.7430419921875 0.9999519465380015 0.00017479867177922862
1649.7638549804688 0.9999090111355916 0.00017471463812921003
1649.7847290039062 0.9998386212241599 0.00017462123076496244
1649.8055419921875 1.0002571872964394 0.00017504406245062956
1649.8263549804688 1.0001793945299726 0.00017496499368135725
1649.8472290039062 0.9999752866751803 0.00017470977942891363
1649.8680419921875 0.9996369100614563 0.00017466155702706935
1649.8888549804688 1.000177234062246 0.00017476149791800726
1649.9097290039062 1.0000889026717572 0.00017463371862961035
1649.9305419921875 1.0000016417934305 0.00017465934289793376
1649.9513549804688 0.9997580534530607 0.00017471465648220355
1649.9722290039062 1.0001081718300708 0.00017462018834826643
1649.9930419921875 1.0000468307582493 0.0001747609353330341
1650.0138549804688 1.0001214507687815 0.0001746402045556416
1650.0347290039062 1.0004737567504165 0.0001747605958131194
1650.0555419921875 0.99951737450569 0.00017482127448451742
1650.0763549804688 0.9995119307403725 0.00017484561720927815
1650.0972290039062 0.9999494136873508 0.00017466737832652564
1650.1180419921875 1.0003428175854459 0.000174897483973012
1650.1388549804688 1.0002282002366418 0.00017474351372104226
1650.1597290039062 1.0002569865584734 0.00017477159548595793
1650.1805419921875 0.9997742608595636 0.00017503356646926546
1650.2013549804688 0.9996851623319704 0.00017468644959640515
1650.2222290039062 0.999970973018891 0.00017486099055591907
1650.2430419921875 1.0002545930320474 0.00017506829289645455
1650.2638549804688 0.9997530937261713 0.00017469868432707346
1650.2847290039062 1.0002393563677103 0.0001747849190239095
1650.3055419921875 1.000224656956049 0.00017478918650412395
1650.3263549804688 0.9996231515628368 0.000175172650163168
1650.3472290039062 1.0001074783014754 0.00017467884592030795
1650.3680419921875 0.9999691002104906 0.00017462661007742146
1650.3888549804688 0.9998218313546277 0.00017480118821640203
1650.4097290039062 1.000312006147119 0.0001747643477523105
1650.4305419921875 1.0000177769122398 0.00017485431927443494
1650.4513549804688 0.999802613522886 0.00017463050808632388
1650.4722290039062 1.0002099852040653 0.00017471336202875765
1650.4930419921875 0.9995593410766835 0.000174935308500495
1650.5138549804688 1.0001628803325304 0.00017475236081115764
1650.5347290039062 1.0002730836853746 0.0001748010777692818
1650.5555419921875 0.9998960778102405 0.00017485855594387008
1650.5763549804688 1.0000049848574906 0.00017473409296847486
1650.5972290039062 0.9999453686764588 0.0001747798649945682
1650.6180419921875 1.000052695420444 0.00017472643571504867
1650.6388549804688 1.0000591158198773 0.00017469988934375717
1650.6597290039062 0.9998098752359466 0.00017472063926589272
1650.6805419921875 1.000050331515154 0.0001748642648040288
1650.7013549804688 0.9999585046210078 0.00017474254387382619
1650.7222290039062 1.0002371208360818 0.00017483883291887403
1650.7430419921875 1.0000120099241583 0.00017493947821094753
1650.7638549804688 0.999882802095908 0.00017484257629096848
1650.7847290039062 0.9995577379552069 0.0001748073131532427
1650.8055419921875 0.9999631082099774 0.00017472353269754723
1650.8263549804688 1.0007537677175535 0.0001749193807501303
1650.8472290039062 1.0000101775466115 0.00017496131773972543
1650.8680419921875 0.9997752246957233 0.00017473885413345796
1650.8888549804688 0.999744478556719 0.00017488248283468758
1650.9097290039062 0.9999808415369235 0.00017482021918605275
1650.9305419921875 1.0002808011273179 0.00017491138452504902
1650.9513549804688 0.9998298159188005 0.00017500663694883158
1650.9722290039062 0.9998712125908115 0.00017472756477151006
1650.9930419921875 1.0002119843221189 0.00017474749265174744
1651.0138549804688 1.0000382500305756 0.00017490505009232527
1651.0347290039062 1.000060645071053 0.00017494043562199665
1651.0555419921875 0.999782541089147 0.00017491334183988
1651.0763549804688 1.0002411107047782 0.0001750462796316693
1651.0972290039062 1.0000343686888293 0.00017483697467889368
1651.1180419921875 0.99970581307244 0.00017486650378893725
1651.1388549804688 0.9999121141101909 0.00017482742189997235
1651.1597290039062 1.0000341139469295 0.0001748899998996707
1651.1805419921875 1.0000776002616147 0.00017489220958864186
1651.2013549804688 1.0004594723633944 0.00017504713083612994
1651.2222290039062 0.9997784690820918 0.00017502102948189992
1651.2430419921875 0.999729673843834 0.00017477606147897758
1651.2638549804688 0.9998588152588457 0.0001747947717515802
1651.2847290039062 1.0001164638908233 0.0001749969473672529
1651.3055419921875 1.0002838610683449 0.00017483460166969707
1651.3263549804688 0.9998080206391746 0.00017477296395395262
1651.3472290039062 1.0001446339692606 0.0001747531703253252
1651.3680419921875 0.9999866980059631 0.0001749521545784675
1651.3888549804688 0.9997774880843441 0.0001750646251357737
1651.4097290039062 1.0003017619224444 0.00017506206048825449
1651.4305419921875 1.0000689647045227 0.00017485206357194792
1651.4513549804688 0.9995085689332219 0.00017518954498130712
1651.4722290039062 1.0001781515198407 0.00017490190958410046
1651.4930419921875 1.0000669536619418 0.00017486474525910814
1651.5138549804688 1.0001054827520623 0.0001747889263028007
1651.5347290039062 0.9998282548327665 0.00017500571156091197
1651.5555419921875 1.0001196030008723 0.00017477647572713688
1651.5763549804688 0.9999250297790857 0.00017488572150386322
1651.5972290039062 1.0001285592355806 0.00017484114419179307
1651.6180419921875 0.9999064810842442 0.00017486308757941007
1651.6388549804688 1.0000491606535649 0.0001747825169271828
1651.6597290039062 0.999756542008 0.00017480682931769354
1651.6805419921875 1.0003282411584693 0.00017478970197455136
1651.7013549804688 0.9999198514013622 0.00017504920300355034
1651.7222290039062 0.9998033361407654 0.00017477750747651219
1651.7430419921875 0.9998996973459224 0.0001750458865149742
1651.7638549804688 1.000286053564514 0.00017481966716316092
1651.7847290039062 1.0005584819561353 0.00017496655060499037
1651.8055419921875 0.999488792361699 0.00017505259371500146
1651.8263549804688 0.9995662164589776 0.0001748891388971684
1651.8472290039062 1.0000898812106314 0.0001750564435770486
1651.8680419921875 1.000271109709064 0.00017487041941867577
1651.8888549804688 1.0000195450635694 0.0001751228325972332
1651.9097290039062 1.000110618383823 0.00017489193361849072
1651.9305419921875 1.000093897863395 0.00017520331256953874
1651.9513549804688 0.9995656283793432 0.00017486394914466107
1651.9722290039062 1.0002871403979583 0.00017493740365398468
1651.9930419921875 0.9997648437372739 0.00017511269240758987
1652.0138549804688 0.9999487284141078 0.0001748953384502932
1652.0347290039062 1.0001587260386247 0.00017504712344845757
1652.0555419921875 1.0002508787296227 0.00017488806511606916
1652.0763549804688 1.0000093098611798 0.00017482635462415922
1652.0972290039062 0.9996611747859211 0.0001749014154811324
1652.1180419921875 1.0001146660927804 0.0001748797713917727
1652.1388549804688 0.9999762023181291 0.0001750846330246284
1652.1597290039062 0.9998849537103077 0.000174927576442786
1652.1805419921875 1.0000753297006868 0.0001751047346238159
1652.2013549804688 1.0000635761517904 0.0001749080767098307
1652.2222290039062 0.9999111284417143 0.0001748816674295059
1652.2430419921875 1.0002720459393397 0.00017496697548070647
1652.2638549804688 0.9997930925923405 0.0001749707458438937
1652.2847290039062 1.0002531999123712 0.0001749158989335347
1652.3055419921875 0.9997408452852973 0.00017503839524323902
1652.3263549804688 0.9998866667903095 0.00017503783873391686
1652.3472290039062 0.999916096145734 0.00017501174673876792
1652.3680419921875 1.0004175107314255 0.0001750403434517745
1652.3888549804688 1.000099325133521 0.00017505456838411515
1652.4097290039062 0.9995511528442674 0.0001751223954582708
1652.4305419921875 1.0000002074970276 0.00017503372828703694
1652.4513549804688 1.000282331331136 0.0001751474815770518
1652.4722290039062 0.9997714490188915 0.00017503369496570394
1652.4930419921875 0.9999237868720182 0.00017488913479979387
1652.5138549804688 1.000293699129031 0.00017494953167660144
1652.5347290039062 0.9998713532502107 0.0001749904853660455
1652.5555419921875 1.000437162521695 0.00018552818817427463
1652.5763549804688 0.9996004068624391 0.0001853387305748053
1652.5972290039062 0.999596900992613 0.0001852775066019193
1652.6180419921875 0.9999666389787151 0.00018531955211170768
1652.6388549804688 1.0003732654950541 0.00018556865243842544
1652.6597290039062 1.0006674373508209 0.00018544515771164863
1652.6805419921875 0.9997238036085856 0.000185566322766178
1652.7013549804688 0.9995231751230271 0.00018554181015224916
1652.7222290039062 0.9999008991863299 0.0001855929253112394
1652.7430419921875 1.0000654193175103 0.00018555311946893212
1652.7638549804688 1.0001141251150718 0.0001853789301868647
1652.7847290039062 1.0001828827398653 0.00018542351447526465
1652.8055419921875 1.0000959471429827 0.00018534450276440633
1652.8263549804688 1.0002965581898906 0.00018548771342948806
1652.8472290039062 1.000201994818735 0.00018542936677728728
1652.8680419921875 0.9995538270964439 0.0001854913352998789
