time flux flux_err
1624.9718627929688 0.9951321713622648 0.00026582297212510755
1624.9927368164062 1.0005040787639898 0.00026930082695316094
1625.0135498046875 1.0032512371350963 0.00027392934865104435
1625.0343627929688 1.0017397553991885 0.0002782500025885017
1625.0552368164062 0.9990685591575 0.00028305675033547074
1625.0760498046875 1.000015582729774 0.0002880286013462751
1625.0968627929688 0.9997821705405988 0.0002923673430109464
1625.1177368164062 1.0008955711738214 0.00029568054582737715
1625.1385498046875 1.000161010333096 0.0002991096588939758
1625.1593627929688 0.9967099313898988 0.00030142331812406164
1625.1802368164062 1.0005366819863502 0.00030348788380949224
1625.2010498046875 0.9996578000606613 0.0003052197515306591
1625.2218627929688 0.9980152049456128 0.0003060935941872938
1625.2427368164062 1.0013506473230427 0.0003072577224372568
1625.2636108398438 0.9999552366146345 0.0003087500349104873
1625.284423828125 0.9971067186812871 0.00031012473142910993
1625.3052368164062 0.9989263801278175 0.0003120041101275893
1625.3261108398438 1.0012695952436208 0.00031323180444562136
1625.346923828125 0.9994022456396071 0.0003149626505227703
1625.3677368164062 1.000354111980017 0.0003158282418224015
1625.3886108398438 1.0044094334066855 0.0003164600508940968
1625.409423828125 1.0046687395375729 0.00031700170335083875
1625.4302368164062 1.0035847602415835 0.0003165188707768548
1625.4511108398438 0.9987251556719918 0.00031624075278231415
1625.471923828125 0.9971661693477041 0.000315715951008209
1625.4927368164062 0.9987936461843836 0.00031545905076664266
1625.5136108398438 1.0007436596884203 0.00031623126962639054
1625.534423828125 1.0001935493921028 0.0003161333198321164
1625.5552368164062 0.9999888876578651 0.0003158173347222605
1625.5761108398438 1.001473347843286 0.0003157486021670183
1625.596923828125 1.0009553229378725 0.0003152156029936725
1625.6177368164062 0.9999563750813444 0.0003144464012400956
1625.6386108398438 0.9993781511567623 0.00031396918736965846
1625.659423828125 0.9989173407946863 0.00031356149982250827
1625.6802368164062 0.9998229179346343 0.0003133099869714447
1625.7011108398438 0.9966709883122329 0.00031341663163599845
1625.721923828125 0.999926228859918 0.00031362621175913264
1625.7427368164062 0.9996622655330261 0.00031367385056514023
1625.7636108398438 0.9996718932897739 0.00031373927190421036
1625.784423828125 1.0010830324790092 0.00031407819074601227
1625.8052368164062 1.0004753864265685 0.00031402161495185885
1625.8261108398438 1.0008538273068766 0.00031469696004862263
1625.846923828125 0.9994072641720109 0.0003147465886286141
1625.8677368164062 1.000188090838942 0.0003146566905012283
1625.8886108398438 0.999966192943108 0.00031441754138060646
1625.909423828125 1.0019091168690142 0.00031392528643298464
1625.9302368164062 1.000212420990698 0.00031238801877617623
1625.9511108398438 0.9995577985176283 0.0003118501434332017
1625.971923828125 0.999250660174508 0.00031073559670768286
1625.9927368164062 1.0001134066396902 0.0003095167440594112
1626.0136108398438 1.0000708480854419 0.00030845416810973577
1626.034423828125 0.9999806411614754 0.0003076951459847463
1626.0552368164062 0.9990113655586786 0.0003064462035412506
1626.0761108398438 1.0011581033857446 0.00030630159832861146
1626.096923828125 1.001002668490572 0.00030560839602953964
1626.1177368164062 0.9992607922069446 0.00030538900841080475
1626.1386108398438 1.0005101999880337 0.00030533292694105897
1626.159423828125 0.9994805394642602 0.00030453324772646446
1626.1802368164062 0.9988311615449205 0.0003040206458625017
1626.2011108398438 1.0001775589823443 0.0003029694022558515
1626.221923828125 1.0009472869690277 0.0003021505948321208
1626.2427368164062 1.0003525275856515 0.0003008824509038553
1626.2636108398438 1.0001763875921168 0.0002998803613142524
1626.284423828125 0.9963485079704134 0.0002979409899035478
1626.3052368164062 0.9986287895597861 0.0002968114386411716
1626.3261108398438 1.000408029661653 0.0002958622768990089
1626.346923828125 0.9998340539231934 0.0002953172440583794
1626.3677368164062 1.0005947932845427 0.00029431945124002156
1626.3886108398438 1.0001373120475476 0.0002939853965123988
1626.409423828125 1.000002443874405 0.0002933111684205017
1626.4302368164062 0.9995014820524425 0.00029257188710873997
1626.4511108398438 0.9996414889166185 0.00029228263795524445
1626.471923828125 1.0009165628419292 0.00029193758533456574
1626.4927368164062 0.9994425456436631 0.00029220726617088416
1626.5136108398438 1.0002568035633201 0.000291914040431811
1626.534423828125 1.0011677081112906 0.00029168274364086837
1626.5552368164062 0.9989649913613077 0.0002917044501865668
1626.5761108398438 0.9990350990201191 0.00029163279928706004
1626.596923828125 1.0004872477287559 0.0002914308672855259
1626.6177368164062 1.000036704880677 0.00029147575849404315
1626.6386108398438 1.0000200246795603 0.00029126091976504136
1626.659423828125 1.0005036788110544 0.00029080056692662676
1626.6802368164062 0.9994802682314994 0.0002907485852747773
1626.7011108398438 1.0001052036791591 0.00029117053168564787
1626.721923828125 1.0009198353758189 0.00029131924854711974
1626.7427368164062 0.999577340535874 0.00029153399217690825
1626.7636108398438 0.9998472350404033 0.00029182247738526767
1626.784423828125 1.0000618755606663 0.0002923764274946786
1626.8052368164062 0.9994239404246404 0.00029265258955424295
1626.8261108398438 0.9995326527490046 0.00029300081052816137
1626.846923828125 1.0002112827133631 0.00029322347429048683
1626.8677368164062 1.0007039943047766 0.00029294666487575887
1626.8886108398438 1.0002148877109647 0.00029278338607053
1626.909423828125 1.0012444092173103 0.0002922420361016312
1626.9302368164062 0.9987417438962523 0.0002923079504483646
1626.9511108398438 0.9990871950015794 0.00029146079323380357
1626.971923828125 1.0000704907691835 0.0002906453001306617
1626.9927368164062 0.9994699083341684 0.0002896943349611765
1627.0136108398438 1.0004311634850147 0.00028889922711000676
1627.034423828125 0.9977971008087756 0.00028854878484238565
1627.0552368164062 1.00016348773502 0.0002881627316759202
1627.0761108398438 1.0004808187445917 0.0002878448184539015
1627.096923828125 1.0012643634209046 0.000287547324781425
1627.1177368164062 0.9980573239572098 0.0002873088759217044
1627.1386108398438 0.9996406247951178 0.00028701639437720956
1627.159423828125 0.9989230737858611 0.00028699605940808606
1627.1802368164062 1.0002768083011007 0.00028676509961987005
1627.2011108398438 0.9996037956546268 0.00028675615064407755
1627.221923828125 1.0003517825445276 0.0002864509365242939
1627.2427368164062 0.9994674542473228 0.00028582990219705874
1627.2636108398438 1.0004312836507314 0.0002855207821658048
1627.284423828125 1.0001471201792802 0.0002846288745875664
1627.3052978515625 1.0024707338326515 0.0002842275914447304
1627.3261108398438 0.9991190387770021 0.0002835662032064023
1627.3469848632812 1.0011520272342622 0.0002826794511519441
1627.3677978515625 0.9996104637824371 0.00028190670231493945
1627.3886108398438 1.0001156966000804 0.00028131874136666404
1627.4094848632812 0.9993267924301812 0.00028052923645537363
1627.4302978515625 1.0008168155755979 0.00028031944748825496
1627.4511108398438 0.9999168759107148 0.00027980731387878437
1627.4719848632812 0.999684144017519 0.0002795817340958941
1627.4927978515625 0.9999843601825765 0.0002792603121191496
1627.5136108398438 1.0005611922010997 0.00027900464062692864
1627.5344848632812 1.0000103285960429 0.0002788673963437635
1627.5552978515625 0.9987995644872121 0.0002789823780773787
1627.5761108398438 0.9969352297779425 0.00027886179038687583
1627.5969848632812 1.0004393189218652 0.0002787529066099641
1627.6177978515625 1.00069158317376 0.00027900375299200815
1627.6386108398438 1.0005620372682624 0.00027882444957362117
1627.6594848632812 1.0002206850817859 0.0002786063691537791
1627.6802978515625 0.9989770164667147 0.0002788152588001884
1627.7011108398438 0.9998875369712991 0.00027895999149619565
1627.7219848632812 1.0001407485660898 0.00027902850208912495
1627.7427978515625 1.0001400299068286 0.00027881405949689537
1627.7636108398438 0.9996662812934031 0.0002793158233507965
1627.7844848632812 1.0014127099970278 0.00027898440697636485
1627.8052978515625 0.9987568814754374 0.0002792428539860126
1627.8261108398438 0.9985027850878488 0.0002792538194751752
1627.8469848632812 1.0002386874482052 0.00027954011462882325
1627.8677978515625 0.9996596996312104 0.00027998860282168596
1627.8886108398438 1.0001611727105613 0.0002796858594078446
1627.9094848632812 1.0002537271561056 0.00027954634615239395
1627.9302978515625 1.0005722445207628 0.0002791879601280881
1627.9511108398438 0.9995102863441058 0.0002792890632322279
1627.9719848632812 1.0001972135515262 0.00027859169419368226
1627.9927978515625 0.9986752522292257 0.00027823829818361613
1628.0136108398438 1.0011283056115488 0.00027829407384016456
1628.0344848632812 0.9997581704345494 0.00027753012769256746
1628.0552978515625 0.9997938672106116 0.00027717619664452425
1628.0761108398438 1.0009354496083107 0.00027660340967678804
1628.0969848632812 1.0002583685114461 0.00027665379945800454
1628.1386108398438 0.9968073850227859 0.0002760908659535031
1628.1594848632812 0.9994980228572483 0.0002758495189501475
1628.1802978515625 0.9963840062115967 0.0002753497730322814
1628.2011108398438 0.9991061059863193 0.0002752291079743254
1628.2219848632812 1.000014720125065 0.0002750350310977595
1628.2427978515625 1.0006370394476674 0.00027484042504721996
1628.2636108398438 1.0005719283685797 0.000274603714294749
1628.2844848632812 0.9998627759401646 0.00027440593664788916
1628.3052978515625 0.9993689265405148 0.0002736203288613058
1628.3261108398438 0.9995542019314849 0.00027342704561261175
1628.3469848632812 1.0001727478553937 0.0002726616975617135
1628.3677978515625 1.000180957349486 0.0002724026429098355
1628.3886108398438 0.9972566905124376 0.00027198467636451275
1628.4094848632812 1.0002993581734416 0.00027141097270051343
1628.4302978515625 1.0009021514021117 0.00027107023007487885
1628.4511108398438 0.9993905992826614 0.00027114877589856493
1628.4719848632812 0.9995272239927782 0.0002706033325323224
1628.4927978515625 0.9997475705467805 0.0002705405017596604
1628.5136108398438 1.0000594258381437 0.00027040610830522866
1628.5344848632812 0.9970052336048861 0.000270248040611247
1628.5552978515625 1.0004106489115547 0.00027017887022257866
1628.5761108398438 0.9995966088218506 0.0002702470148626243
1628.5969848632812 1.00066859993844 0.00027000633491983957
1628.6177978515625 0.9976050820813602 0.0002700991279369257
1628.6386108398438 0.9999952966822214 0.0002701335506155096
1628.6594848632812 0.9995230845018043 0.0002705072779167038
1628.6802978515625 0.9997959652993531 0.0002703136580816569
1628.7011108398438 1.0000131171481421 0.0002702258963091208
1628.7219848632812 0.9971228832230361 0.00027088315693029843
1628.7427978515625 1.000999991825638 0.0002701062338626126
1628.7636108398438 0.9987043315393961 0.00027021491683500317
1628.7844848632812 1.0013730467732833 0.00027077778186751077
1628.8052978515625 0.9996575526443883 0.00027034611021487095
1628.8261108398438 0.9987274476067698 0.0002707899306785846
1628.8469848632812 1.0005765223035787 0.0002706044420936515
1628.8677978515625 1.000234868626811 0.0002704948102034712
1628.8886108398438 1.000177520646841 0.0002706356404667357
1628.9094848632812 0.9999789736921751 0.00027044348054650833
1628.9302978515625 0.9998797615587932 0.0002704396787448805
1628.9511108398438 1.0002034632839811 0.00027056953932464925
1628.9719848632812 0.9999311436622621 0.000270200623554874
1628.9927978515625 0.9996914991717659 0.00026999196614194376
1629.0136108398438 0.9993033970754669 0.00026996126370946327
1629.0344848632812 1.0008736574702968 0.0002698540109069933
1629.0552978515625 1.0005929183803322 0.00026982573943142496
1629.0761108398438 1.0000007345715132 0.00026958434670087993
1629.0969848632812 0.9997537173124792 0.0002691212021266919
1629.1177978515625 0.9994696029952302 0.00026929803333287906
1629.1386108398438 0.9992524427982279 0.0002692887738112166
1629.1594848632812 1.0006167373103965 0.00026871090808098293
1629.1802978515625 1.0012602067338652 0.00026858946629660545
1629.2011108398438 0.9991879979578475 0.00026861458048781187
1629.2219848632812 0.9995794553213189 0.0002683041972648238
1629.2427978515625 0.9998722099277928 0.0002681248393584504
1629.2636108398438 1.0004070467840624 0.00026836362196119715
1629.2844848632812 1.000874796612778 0.0002687396582527606
1629.3052978515625 0.9985666000664783 0.00026807448633450406
1629.3261108398438 1.0003175721835744 0.00026791821701399067
1629.3469848632812 1.0000298824814242 0.0002675742655028806
1629.3677978515625 1.000505642495805 0.0002676298203948017
1629.388671875 0.9998197686787437 0.00026785403745656307
1629.4094848632812 1.0005039838323597 0.000267402858633567
1629.4303588867188 0.9993458954244122 0.00026740634359613747
1629.451171875 0.9996890611973478 0.00026718344050396305
1629.4719848632812 1.0004826647580733 0.0002672573686966875
1629.4928588867188 1.0003079118379072 0.0002673572813976846
1629.513671875 0.999918212259033 0.00026730486403581143
1629.5344848632812 0.9999020146318744 0.0002670222724651471
1629.5553588867188 0.9985819484544146 0.00026697068808827847
1629.576171875 1.0008307754752062 0.00026706570155473307
1629.5969848632812 1.0007033465696669 0.0002671896000356051
1629.6178588867188 0.9997553469507965 0.00026742210536030573
1629.638671875 1.0005551672545938 0.00026710270708255594
1629.6594848632812 0.9990585573836371 0.00026716733639506844
1629.6803588867188 0.9999413847509547 0.0002673846378340699
1629.701171875 1.0004983905253906 0.00026720721080287195
1629.7219848632812 0.9999556352618697 0.0002674629440971009
1629.7428588867188 1.0000810325337526 0.0002673316617022115
1629.763671875 0.9994973516403376 0.0002672608961162997
1629.7844848632812 1.0001440635915702 0.00026719972328341073
1629.8053588867188 1.0000231306394665 0.000267186588831703
1629.826171875 1.0000097337292626 0.0002671989261145497
1629.8469848632812 1.0008288920812318 0.00026759380090468144
1629.8678588867188 0.9992500582604005 0.00026759900124225254
1629.888671875 0.9996858978881022 0.00026758470528111397
1629.9094848632812 1.0000909284390547 0.0002676939342245186
1629.9303588867188 1.0004400513434735 0.00026754195863499337
1629.951171875 1.000546412220816 0.00026785567428019933
1629.9719848632812 0.9992740264993721 0.0002675164837552033
1629.9928588867188 0.9996288463773431 0.00026749998493008127
1630.013671875 1.0003077957334598 0.00026741568567188116
1630.0344848632812 0.999947777407749 0.00026746535787303187
1630.0553588867188 0.9998556360544694 0.00026759577175411464
1630.076171875 1.0004256850072726 0.0002673837670151259
1630.0969848632812 1.0005753322376687 0.00026689659953858943
1630.1178588867188 0.999165687920687 0.00026690073409431223
1630.138671875 0.9997509041722878 0.0002671629166751601
1630.1594848632812 1.000559522237427 0.00026754021533340256
1630.1803588867188 1.000174678602332 0.00026704671119932177
1630.201171875 1.0000963789281168 0.0002671514175630279
1630.2219848632812 0.9987661098325611 0.00026721479260805736
1630.2428588867188 0.9999340717667792 0.00026699569589934435
1630.263671875 1.0009305069186831 0.00026714288880851095
1630.2844848632812 1.000011571787256 0.0002670079453855249
1630.3053588867188 1.0004086848744587 0.0002667998366985041
1630.326171875 0.999614574640727 0.00026673617631606044
1630.3469848632812 0.9996990315181599 0.00026718090537137547
1630.3678588867188 1.0002193489568818 0.0002670037217272535
1630.388671875 1.0003772537898377 0.00026658450563561974
1630.4094848632812 0.9994900989824762 0.0002664405351197814
1630.4303588867188 1.0000085191528503 0.00026645138847804207
1630.451171875 1.0000157923891584 0.0002666431196901532
1630.4719848632812 1.000145840002869 0.0002663988277300422
1630.4928588867188 0.9996632323954147 0.0002664104232958602
1630.513671875 1.0004782324442187 0.0002665130499176646
1630.5344848632812 0.9993962588611791 0.0002664696346102028
1630.5553588867188 1.0009330431126073 0.0002664073834892183
1630.576171875 0.9994811204202745 0.0002663658616602935
1630.5969848632812 0.9997239175620556 0.00026662249870893385
1630.6178588867188 0.9995835833820355 0.00026654454509811797
1630.638671875 1.0006888284268673 0.0002666725196620309
1630.6594848632812 1.0000711085143044 0.00026675031623074846
1630.6803588867188 1.000192831803551 0.00026680846436317866
1630.701171875 0.9996259436981317 0.0002666746261492377
1630.7219848632812 1.0002289474967165 0.0002664242528147247
1630.7428588867188 0.999823194349481 0.00026675660988489025
1630.763671875 1.0000362012734152 0.0002665010695604187
1630.7844848632812 0.9996941732199568 0.0002664084221371035
1630.8053588867188 1.0002509276659226 0.0002667292706003334
1630.826171875 1.0002200005582496 0.00026638261298448155
1630.8469848632812 0.9996020758295573 0.00026650945296361795
1630.8678588867188 1.0005271405462086 0.00026657107349955844
1630.888671875 0.9995377626316799 0.0002665430945407934
1630.9094848632812 0.9999032387879484 0.0002666315376639088
1630.9303588867188 1.0002479756466385 0.00026657910812211486
1630.951171875 1.0001481749393164 0.0002669775489941606
1630.9719848632812 1.0000401255679905 0.00026759932951885663
1630.9928588867188 0.9997801731199512 0.00026704170230459624
1631.013671875 0.9996750752459604 0.00026657439889781707
1631.0344848632812 1.0007230071703928 0.00026660172510487213
1631.0553588867188 0.9996920357528849 0.0002665663975364122
1631.076171875 0.9998647071205118 0.0002664100839982325
1631.0969848632812 0.9998735416616296 0.0002664232882163386
1631.1178588867188 1.000675883312475 0.00026648169334970377
1631.138671875 1.0001590183446663 0.0002663832038422737
1631.1594848632812 0.9989456137984682 0.0002666121263986041
1631.1803588867188 0.9997702241619633 0.00026641314900599804
1631.201171875 1.0001083868090128 0.0002666977596949479
1631.2219848632812 1.0010106149475813 0.0002662431459667731
1631.263671875 0.9998558936391988 0.0002663096226935209
1631.2844848632812 0.9998041903530628 0.0002667371851321399
1631.3053588867188 0.999648279374326 0.0002663640976880897
1631.326171875 1.000427273242011 0.000266694714589645
1631.3469848632812 0.9996906198088239 0.00026668582135273426
1631.3678588867188 0.9999774173576156 0.0002671057123753723
1631.388671875 1.0002129119652572 0.00026634042521522414
1631.4094848632812 0.9999854789211657 0.0002667996530764617
1631.4303588867188 1.0001930450117098 0.0002664124857962344
1631.451171875 0.9999828664479937 0.0002665089554069033
1631.4719848632812 0.9995801434279633 0.00026630602038952856
1631.4928588867188 1.000309311394754 0.00026660659012333216
1631.513671875 0.9993325584037213 0.00026659012667938463
1631.5344848632812 1.0004941821633035 0.00026644589982363523
1631.5553588867188 1.000592109643401 0.0002663466758707179
1631.5762329101562 0.999240619851727 0.00026643351147848603
1631.5970458984375 1.0000072933865856 0.00026640127664624095
1631.6178588867188 1.0001251333192585 0.0002666619212246724
1631.6387329101562 0.9998343125579565 0.00026636885976868285
1631.6595458984375 0.9999611704827968 0.00026649619817573083
1631.6803588867188 1.0006412534261997 0.0002663067740264045
1631.7012329101562 1.0000280245669444 0.00026621002883546067
1631.7220458984375 0.9995433537247649 0.0002664591455593157
1631.7428588867188 1.0002126822837156 0.00026633306941539655
1631.7637329101562 0.9998498218554261 0.0002664453052357771
1631.7845458984375 0.9996889370710684 0.00026625008885645984
1631.8053588867188 1.0003326287757737 0.00026631683589059974
1631.8262329101562 0.9998715455549413 0.0002661744336242087
1631.8470458984375 1.0003694764193083 0.00026616326084634765
1631.8678588867188 0.9994462396477343 0.0002663746820273915
1631.8887329101562 1.0003228490091867 0.0002662941366415913
1631.9095458984375 1.000332297927223 0.00026637996007688325
1631.9303588867188 0.9992214877061761 0.00026639699113142884
1631.9512329101562 1.000123820114802 0.000266215150857033
1631.9720458984375 1.0002955975985068 0.0002661778473600836
1631.9928588867188 1.0002561382923238 0.00026644050737334934
1632.0137329101562 0.9999110296222902 0.000266563302928857
1632.0345458984375 1.0002816249436906 0.0002661861837299314
1632.0553588867188 0.9996305647905293 0.0002660596733702506
1632.0762329101562 0.9998446924707912 0.00026620572695403797
1632.0970458984375 0.9997966419637498 0.0002666153576764241
1632.1178588867188 1.0001102212912032 0.0002666180580486527
1632.1387329101562 1.0001810214617513 0.0002663277656062261
1632.1595458984375 1.000535152927186 0.00026645123433947666
1632.1803588867188 0.9992307782235327 0.00026606720520216774
1632.2012329101562 0.9999576031890915 0.00026706762751227176
1632.2220458984375 0.9999294782048521 0.0002663311668439888
1632.2428588867188 1.000456407896697 0.0002663330557530045
1632.2637329101562 0.999883564177135 0.00026660768994161423
1632.2845458984375 0.9999232383130113 0.00026645867625529597
1632.3053588867188 1.0003994561193719 0.0002665122620555173
1632.3262329101562 0.9995426289300724 0.0002663859751300249
1632.3470458984375 1.0001846002615828 0.00026622270930025925
1632.3678588867188 0.999958945671804 0.0002663351744089258
1632.3887329101562 1.0001705487624355 0.0002668519149591476
1632.4095458984375 1.0000669943619045 0.0002664848893540031
1632.4303588867188 0.9996203640320077 0.0002665459848152548
1632.4512329101562 0.9994992931406464 0.00026632810574253997
1632.4720458984375 1.0007666038342076 0.0002667398141403534
1632.4928588867188 1.0002475129943347 0.0002666453108217696
1632.5137329101562 1.0001488012014936 0.0002663029341466966
1632.5345458984375 0.9997826680257587 0.0002663134593351745
1632.5553588867188 0.9989762855520289 0.0002662576774872667
1632.5762329101562 0.9998832385660278 0.00026626830841707574
1632.5970458984375 1.0010739777192768 0.00026645623654282237
1632.6178588867188 1.0001956917835615 0.00026649398370982586
1632.6387329101562 0.9997038626049611 0.00026641560592018354
1632.6595458984375 0.9992693638901415 0.0002662071127590971
1632.6803588867188 1.0002850819953113 0.0002665508087960825
1632.7012329101562 1.0005300362233893 0.0002665078236994823
1632.7220458984375 1.000023203489749 0.0002663506900202623
1632.7428588867188 0.9999531969932731 0.00026598456145234006
1632.7637329101562 0.9997116636387292 0.0002666827663078546
1632.7845458984375 0.9997389791522697 0.00026646222870555105
1632.8053588867188 1.0008501159306096 0.0002662679955930198
1632.8262329101562 0.9997130584928654 0.0002665983984049162
1632.8470458984375 0.9991881202978596 0.0002660394760722866
1632.8678588867188 1.0003112345352991 0.0002660509539759492
1632.8887329101562 1.000154286231062 0.0002663266579474378
1632.9095458984375 1.0005700704556744 0.00026608087991541324
1632.9303588867188 0.9996684567507479 0.00026638288388201826
1632.9512329101562 1.0000979479413534 0.00026615983782553337
1632.9720458984375 0.9992451041800249 0.000266173454324594
1632.9928588867188 1.0003110758899472 0.0002668200717578436
1633.0137329101562 1.0008824945164203 0.00026610497529447715
1633.0345458984375 0.9996200649672746 0.0002663237020540653
1633.0553588867188 0.99948884102568 0.0002662860640336431
1633.0762329101562 1.0002486483319042 0.0002661307823521978
1633.0970458984375 0.9997177180161004 0.00026633598484110074
1633.1178588867188 0.9999552526674158 0.0002662761242636625
1633.1387329101562 1.000520378213836 0.00026632948996316915
1633.1595458984375 1.0002411240341103 0.0002665802516613436
1633.1803588867188 0.9994747548229912 0.00026644655060833723
1633.2012329101562 1.0000833435966328 0.00026646180183838265
1633.2220458984375 0.9997637524553542 0.0002663229205642238
1633.2428588867188 1.0002801973477693 0.0002670364338712586
1633.2637329101562 1.0000581456771573 0.00026669958778564965
1633.2845458984375 0.9997189868925825 0.0002669534616019145
1633.3053588867188 0.9999745223906152 0.00026616965471475574
1633.3262329101562 1.0001431762985646 0.0002665516216851939
1633.3470458984375 1.0004488618605403 0.0002664464329661129
1633.3678588867188 0.9998079905186088 0.00026665942595951233
1633.3887329101562 0.9998270373663104 0.000267376793954504
1633.4095458984375 0.999887514625132 0.0002663028549990119
1633.4303588867188 0.9997647186305612 0.0002661465204769737
1633.4512329101562 1.0002696607995185 0.00026632122997927014
1633.4720458984375 1.0003001766162272 0.00026618115055883183
1633.4928588867188 0.9999500081955809 0.00026622499129215195
1633.5137329101562 0.9994073518182439 0.00026625229187294527
1633.5345458984375 1.0004617704071355 0.0002661892053653315
1633.5553588867188 1.0004139051259968 0.0002665810459915879
1633.5762329101562 0.9992873010855432 0.000266496115418333
1633.5970458984375 0.9998681116375377 0.0002663702200259076
1633.6178588867188 1.000079060548864 0.00026639614324622815
1633.6387329101562 1.0004021941124117 0.0002663172616783245
1633.6595458984375 1.0004064792623417 0.00026654753880531466
1633.6803588867188 0.9990098575203177 0.00026645277224636075
1633.7012329101562 1.00073459188546 0.00026643677003818604
1633.7220458984375 0.9997285023977 0.00026668794119962
1633.7428588867188 1.0002272939439751 0.0002666436977044882
1633.7637329101562 0.9998725204649027 0.0002664583421743728
1633.7845458984375 0.9999973194396549 0.00026660881966459926
1633.8053588867188 0.9998706044813163 0.0002665544159456327
1633.8262329101562 0.9995289542701993 0.00026650707876023843
1633.8470458984375 1.0003856387778036 0.0002666196883639994
1633.8678588867188 0.9998995420049618 0.0002665680693641119
1633.8887329101562 1.0006035431732057 0.0002665132490815449
1633.9095458984375 1.0001847124752965 0.0002663242224861652
1633.9303588867188 0.9993464697226889 0.00026659921836673226
1633.9512329101562 0.9996053802986598 0.0002667545322850667
1633.9720458984375 1.0004582064685166 0.0002666256582469668
1633.992919921875 1.0002976927310556 0.00026638411333878686
1634.0137329101562 0.9997297580064954 0.0002665857283342791
1634.0346069335938 1.0001224602054937 0.00026694022936775793
1634.055419921875 0.9996377049209586 0.0002664120625529523
1634.0762329101562 0.9996927406370968 0.00026669554423054795
1634.0971069335938 1.000780577435041 0.0002664481104467113
1634.117919921875 1.0001024600237136 0.00026661457490229
1634.1387329101562 0.9998370156044223 0.0002662815054893519
1634.1596069335938 1.0000369664747613 0.0002664901681603255
1634.180419921875 0.9991962635944628 0.0002666269203048651
1634.2012329101562 1.0003986131816316 0.0002663652447573005
1634.2221069335938 1.0001874720380488 0.0002668147847169938
1634.242919921875 1.0005102958109742 0.0002664547722525778
1634.2637329101562 0.9997750051328499 0.00026645400615671203
1634.2846069335938 0.9996499378813745 0.00026655076056744307
1634.305419921875 0.9998864903084717 0.00026673883890997467
1634.3262329101562 0.9995471809402877 0.0002663097072253246
1634.3471069335938 1.0002780167511751 0.0002663099494708209
1634.3887329101562 1.000170958653701 0.000265982974095425
1634.4096069335938 0.9988202311366878 0.0002661378211549683
1634.430419921875 0.9986923510563712 0.0002660348368241733
1634.4512329101562 0.9989580670018976 0.00026583970301117686
1634.4721069335938 0.9990148996576341 0.00026621764333295143
1634.492919921875 0.9997224339576692 0.00026647986626174866
1634.5137329101562 0.9998361454453715 0.0002665011564783667
1634.5346069335938 1.0006094526449556 0.0002660505261695597
1634.555419921875 1.0003868151915372 0.0002660366062980215
1634.5762329101562 0.9996169741722778 0.00026588333191640285
1634.5971069335938 0.9998697276734941 0.0002661349773994597
1634.617919921875 1.0001624755925764 0.00026620933120830693
1634.6387329101562 1.0002131372232692 0.00026612513015465786
1634.6596069335938 0.9996801696756203 0.0002661169969314
1634.680419921875 0.9997076226797029 0.0002662145890262705
1634.7012329101562 1.0002398974633442 0.00026592436698033947
1634.7221069335938 1.000385157237591 0.0002660198088567626
1634.742919921875 0.9999185502273624 0.00026611764272916607
1634.7637329101562 0.9999275520689165 0.0002662743480932993
1634.7846069335938 0.9995906061334594 0.00026604611901875566
1634.805419921875 1.0004600353566817 0.00026648989127002877
1634.8262329101562 1.0000013939282753 0.00026631669033480874
1634.8471069335938 0.9999648087919247 0.00026609773869821823
1634.867919921875 0.9996992911272661 0.0002658096712332368
1634.8887329101562 0.9999046451160396 0.0002662313386160746
1634.9096069335938 1.00026570348882 0.0002663677842738682
1634.930419921875 1.0002468198522665 0.00026635179798107343
1634.9512329101562 1.000294597534907 0.00026586398910901076
1634.9721069335938 0.9991387549105986 0.0002664658581265169
1634.992919921875 1.0004216160925068 0.0002663146615049669
1635.0137329101562 1.0000103339907616 0.0002658859616296915
1635.0346069335938 0.9994155512693057 0.0002662844661060405
1635.055419921875 1.0002734639091002 0.00026630030936821737
1635.0762329101562 1.0003726266119453 0.0002658461932148889
1635.0971069335938 1.0001860049957467 0.00026595673124590435
1635.117919921875 0.9998589875236578 0.00026595356365523293
1635.1387329101562 0.9999967627026551 0.0002663477727354747
1635.1596069335938 0.9991972527828835 0.0002660167750592152
1635.180419921875 1.0006203052661824 0.0002658767000696087
1635.2012329101562 1.0001492244625176 0.00026627547404599745
1635.2221069335938 1.0001319874919032 0.0002661971420330375
1635.242919921875 0.9992966527325888 0.0002658028528298213
1635.2637329101562 1.0001362362040722 0.0002659973941776403
1635.2846069335938 1.0009586645566442 0.00026591202759493956
1635.305419921875 0.9999389119064552 0.0002659335243139613
1635.3262329101562 0.9988806419511568 0.00026601810183773234
1635.3471069335938 1.0001016168414147 0.0002660356777619428
1635.367919921875 1.0000532458849298 0.0002659268763678122
1635.3887329101562 1.0002394605857878 0.00026601341540763147
1635.4096069335938 1.0000596139775246 0.000265528553383967
1635.430419921875 1.0004407253629852 0.00026585101797070874
1635.4512329101562 1.0000888951948208 0.0002656252017967967
1635.4721069335938 0.9997150475077287 0.0002657085644609167
1635.492919921875 0.999483193115121 0.00026578920770347513
1635.5137329101562 0.9996648135758767 0.00026555443818389464
1635.5346069335938 1.0007977144625058 0.00026570906829502983
1635.555419921875 0.999889117217648 0.0002660249945833545
1635.5762329101562 1.0005736323923435 0.00026586957431533505
1635.5971069335938 0.9991459331474851 0.000265589459203751
1635.617919921875 0.9998640687365123 0.0002656280293807054
1635.6387329101562 1.0008241578799542 0.0002662949807229929
1635.6596069335938 0.9995795355801887 0.0002660465070719842
1635.680419921875 0.9999684298218049 0.00026586319803709575
1635.7012329101562 0.9995471169716944 0.0002656338366505038
1635.7221069335938 1.0006856670152005 0.0002656372351467598
1635.742919921875 0.9999775173911167 0.0002655462558252297
1635.7637329101562 0.9998541051216375 0.0002656186173060055
1635.7846069335938 1.0000150777905439 0.0002656296131646914
1635.805419921875 0.9993909696546814 0.0002655974251578904
1635.8262329101562 1.0005614004859749 0.00026562663093026624
1635.8471069335938 1.0000503151024407 0.0002657973549051993
1635.867919921875 1.0000561445194522 0.0002657094712785459
1635.8887329101562 1.0000592013384162 0.0002657686144555339
1635.9096069335938 1.0001372808954048 0.00026582774907773306
1635.930419921875 0.9989070760949359 0.000265357508012626
1635.9512329101562 1.0008224910732164 0.00026551195406335963
1635.9721069335938 1.0003140002864033 0.0002653734913431402
1635.992919921875 0.9996541055900687 0.00026539254221778
1636.0137329101562 1.0001539564809572 0.0002654707416172405
1636.0346069335938 0.999299072325817 0.00026533781140932345
1636.055419921875 1.0007481356141341 0.00026539604481502977
1636.0762329101562 0.9998265328311382 0.0002657300654584196
1636.0971069335938 0.999637726585064 0.000265786483702979
1636.117919921875 1.000099339906825 0.000265394804013849
1636.1387329101562 1.0008448022497916 0.00026565235748649604
1636.1596069335938 0.9994997140541512 0.00026543085693557115
1636.180419921875 0.9997083017620969 0.00026538823526003885
1636.2012329101562 0.9998064260229725 0.0002654350928329673
1636.2221069335938 1.0003184307166688 0.00026536106339617913
1636.242919921875 1.0001761940741343 0.00026564548477052245
1636.2637329101562 1.0003309386976378 0.00026521062570248537
1636.2846069335938 0.9995197176402535 0.00026578554682859043
1636.305419921875 0.9995363241612065 0.00026645190466762604
1636.3262329101562 1.0005244624522287 0.0002655645249387571
1636.3471069335938 0.9999516581600614 0.0002654204603092911
1636.367919921875 1.0001760847596706 0.00026534451793796036
1636.3887329101562 0.9997237869101147 0.0002654106792264628
1636.4096069335938 0.999863414420061 0.00026532365517914806
1636.430419921875 1.0005714764620917 0.0002652153287993678
1636.4512329101562 0.9998059352313556 0.00026502484088809005
1636.4721069335938 0.9993719696221167 0.00026513922280893657
1636.492919921875 1.0005737315318328 0.0002654182458780132
1636.5137329101562 0.9998141457725904 0.00026555701901283073
1636.5346069335938 1.0003009936671992 0.00026553318770050746
1636.555419921875 1.0000300629136354 0.00026556925483212253
1636.5762329101562 0.9994745724301273 0.0002654828283014659
1636.5971069335938 1.000576289756943 0.00026533264952025937
1636.617919921875 0.9993682839675497 0.00026534940281797734
1636.6387329101562 1.0003269400317767 0.0002653444200322374
1636.6596069335938 1.0004945690853304 0.00026549854125739017
1636.680419921875 0.9994091152690794 0.0002652856882352367
1636.7012329101562 0.9998852248572951 0.0002651302779011817
1636.7221069335938 0.9999276538848024 0.0002650628369950805
1636.7429809570312 1.0004784483970266 0.000265160293332491
1636.7637939453125 1.0002286606989772 0.00026498974259498413
1636.7846069335938 0.9995503246806383 0.0002649965295609296
1636.8054809570312 0.999827054805028 0.00026514854471274235
1636.8262939453125 1.000255579886609 0.0002657018324057093
1636.8471069335938 1.0002391306984266 0.0002654449159532651
1636.8679809570312 0.9991806737772033 0.00026486612917225866
1636.8887939453125 1.0004942475788863 0.00026501260627488844
1636.9096069335938 1.0001919480376562 0.0002648720495262268
1636.9304809570312 0.9997633400082018 0.0002648108628657974
1636.9512939453125 1.000604447229307 0.00026491247918311237
1636.9721069335938 0.9993000764824738 0.0002647388491716725
1636.9929809570312 1.0000227001549566 0.0002652473193148196
1637.0137939453125 0.9998830077483097 0.00026486362496679154
1637.0346069335938 1.0003374815778057 0.00026509323222653004
1637.0554809570312 1.0000687984852428 0.00026516161067730726
1637.0762939453125 1.0004875961553525 0.0002649052856929221
1637.0971069335938 0.9998468430304213 0.00026511776234421325
1637.1179809570312 0.9990089968550558 0.0002648432658622654
1637.1387939453125 1.0002153987341902 0.0002648500179196981
1637.1596069335938 0.9996931851606153 0.00026491702980222935
1637.1804809570312 1.0008644720172488 0.000264776784265369
1637.2012939453125 1.000042824761399 0.0002651491045850781
1637.2221069335938 0.9996983835213584 0.0002648841020782546
1637.2429809570312 1.0002304144362604 0.0002647562026243852
1637.2637939453125 0.999739225047401 0.000264806543525032
1637.2846069335938 0.9997865463121776 0.0002653140471489481
1637.3054809570312 1.000384894735871 0.00026494028475470156
1637.3262939453125 1.0002684879549892 0.0002648037970989088
1637.3471069335938 0.9991927846814433 0.0002652924181381634
1637.3679809570312 1.000366853981862 0.0002651508011045398
1637.3887939453125 1.0004209847693368 0.0002647755717892673
1637.4096069335938 1.0020059008057807 0.00026478688072253655
1637.4304809570312 0.9998470239827245 0.00026490690095381045
1637.4512939453125 1.0000484487671863 0.0002649427559258944
1637.4721069335938 0.9988052610177713 0.00026467148420452057
1637.5137939453125 1.0003506488236986 0.0002656832226019884
1637.5346069335938 1.0006734840583926 0.00026458130522537786
1637.5554809570312 1.0005012746499127 0.0002644988690740775
1637.5762939453125 1.0000203969477246 0.0002644957834682313
1637.5971069335938 0.9990679742959682 0.0002650433003222976
1637.6179809570312 0.9997528161433072 0.0002646108487654451
1637.6387939453125 1.000555936688567 0.0002645567341888225
1637.6596069335938 1.0003969653806648 0.0002647912622514605
1637.6804809570312 0.9998986661220132 0.00026474674958198096
1637.7012939453125 0.9996590108731918 0.00026457571342121167
1637.7221069335938 0.9999445962244665 0.0002649115940593346
1637.7429809570312 1.000026331259759 0.0002645107624467468
1637.7637939453125 1.0002948806834244 0.00026467287931997716
1637.7846069335938 0.9994218442663836 0.00026466177938544986
1637.8054809570312 0.9998390027159931 0.0002647953125033997
1637.8262939453125 1.0006730762944045 0.00026436772233829557
1637.8471069335938 1.0000088017791777 0.00026423932288960854
1637.8679809570312 1.0003912366483663 0.000264417101162465
1637.8887939453125 0.9998828414949854 0.00026432313488133213
1637.9096069335938 0.9989917228328941 0.00026434976669815135
1637.9304809570312 1.0001824586634567 0.0002643292549569245
1637.9512939453125 1.0002873495078972 0.00026425785014046204
1637.9721069335938 1.0002566244217999 0.00026439764955814624
1637.9929809570312 1.0001132176576697 0.0002643982927250204
1638.0137939453125 0.9999757821590308 0.00026436286517184365
1638.0346069335938 0.999338675062432 0.0002648405890642684
1638.0554809570312 1.0008469790624959 0.0002642799068523535
1638.0762939453125 0.999466835463792 0.0002642912949396033
1638.0971069335938 0.999921482611958 0.0002647265072914872
1638.1179809570312 0.9999945269796885 0.00026446832543339883
1638.1387939453125 1.0001150568659058 0.0002645366968986193
1638.1596069335938 1.0004581408740159 0.0002642142992453964
1638.1804809570312 0.9997670216210242 0.0002643183043073256
1638.2012939453125 0.9995800159387569 0.0002641203582371063
1638.2221069335938 0.999983819016889 0.0002645981607308799
1638.2429809570312 1.0004020598801011 0.0002645013440480457
1638.2637939453125 1.0004040112384904 0.0002644901783146271
1638.2846069335938 0.9998107879006977 0.00026420637200431755
1638.3054809570312 0.999200129140593 0.00026433980154917506
1638.3262939453125 0.9998740231580291 0.000264131332039228
1638.3471069335938 1.0007303277612039 0.00026418387405123143
1638.3679809570312 0.9999781685430577 0.00026411703544251683
1638.3887939453125 1.0005672351752442 0.0002644342972695243
1638.4096069335938 0.9989215433959567 0.0002639780976206871
1638.4304809570312 1.000266992475729 0.00026412563435738057
1638.4512939453125 0.9998271239500215 0.0002640312205379941
1638.4721069335938 1.000664650059514 0.00026381816071299464
1638.4929809570312 0.9999078545150631 0.00026421092572060805
1638.5137939453125 0.9995968157735127 0.00026368815711346865
1638.5346069335938 0.9996453109791836 0.000263743823534671
1638.5554809570312 1.0006264973368335 0.0002639235931544375
1638.5762939453125 0.9999950537633582 0.00026470519692885984
1638.5971069335938 0.999706616455814 0.00026432997072071534
1638.6179809570312 1.0002203423488454 0.00026407957099711273
1638.6387939453125 1.0005499914518674 0.00026389022791691415
1638.6596069335938 0.9998362837388841 0.00026380019828155585
1638.6804809570312 0.999292113744601 0.0002638000040976081
1638.7012939453125 0.9995129730360931 0.0002638282747643821
1638.7221069335938 0.9999633604570819 0.00026360195165467143
1638.7429809570312 1.001052542369318 0.0002635009143964284
1638.7637939453125 1.0000865627312656 0.0002634479009304036
1638.7846069335938 1.0003426065437406 0.00026360646183748844
1638.8054809570312 0.999472906334337 0.0002638298211101322
1638.8262939453125 0.9995385002036971 0.00026348269632616556
1638.8471069335938 1.000236221587665 0.0002638210471290665
1638.8679809570312 0.9995512532874035 0.00026339544332104576
1638.8887939453125 1.0004336147999917 0.00026383050439355356
1638.9096069335938 1.000852995213051 0.0002634488395791735
1638.9304809570312 0.9994414858373819 0.0002637248481656836
1638.9512939453125 1.00032255348897 0.000263828174432338
1638.9721069335938 0.999673932903299 0.0002632609739835088
1640.0554809570312 0.999616594763541 0.00030646810598987866
1640.0762939453125 1.0005259898493304 0.0003069966292684266
1640.0971069335938 1.000565013684791 0.00030739311139754867
1640.1179809570312 0.9990210919603995 0.00030775964848534486
1640.1387939453125 1.0024728112921473 0.00030770054741078543
1640.1596069335938 0.9996154177212523 0.0003072838909015871
1640.1804809570312 1.000847441672624 0.00030591865580383004
1640.2012939453125 1.0004188583374847 0.0003050397487559542
1640.2221069335938 0.999664735398422 0.0003038738100392384
1640.2429809570312 1.00036978736292 0.0003026971743944984
1640.2637939453125 0.9971092737939768 0.00030103620465988607
1640.2846069335938 0.9990811789877128 0.00030035335963301434
1640.3054809570312 1.0001883048521067 0.00029910455705262404
1640.3262939453125 0.9976891485575763 0.0002984279999023276
1640.3471069335938 1.0008202857205375 0.00029790445815596123
1640.3679809570312 0.9984752634375281 0.0002976112830834669
1640.3887939453125 1.000113162920335 0.0002976587657494312
1640.4096069335938 1.0009269908593714 0.0002971663475126166
1640.4304809570312 1.0003407969990992 0.0002980697393058071
1640.4512939453125 0.9995631968389068 0.00029750337664845566
1640.4721069335938 0.9999472946240497 0.0002974577832829404
1640.4929809570312 0.9996703005234772 0.0002976993190581468
1640.5137939453125 1.0012033963753804 0.00029810578898927995
1640.5346069335938 0.9989626756291011 0.0002981807118675038
1640.5554809570312 1.0000025860970247 0.00029857863174452407
1640.5762939453125 0.9990551607985437 0.0002983722779297589
1640.5971069335938 1.001165532040038 0.0002979939525816805
1640.6179809570312 1.0005296818718294 0.00029775101862480956
1640.6387939453125 0.9992122889545324 0.0002970895800112227
1640.6596069335938 0.999642481271764 0.0002969967958517756
1640.6804809570312 1.000463632575855 0.0002967166390542483
1640.7012939453125 1.0004349437539577 0.00029630750870891646
1640.7221069335938 1.000388118276891 0.000296520828925811
1640.7429809570312 0.9985890058192736 0.00029634509067680374
1640.7637939453125 1.0004956817965593 0.00029651665456459445
1640.7846069335938 1.0001577730041724 0.00029663762715495794
1640.8054809570312 1.0005344120644006 0.0002961861771885215
1640.8262939453125 0.9995990041218774 0.0002959342420841838
1640.8471069335938 0.9994725860080619 0.00029549973476898444
1640.8679809570312 1.0001753111306393 0.00029479996707614355
1640.8887939453125 1.0002833993443858 0.0002941296621624121
1640.9096069335938 0.9999018650502762 0.00029321593557395196
1640.9304809570312 0.9999647427415074 0.0002921823196376202
1640.9512939453125 1.000615166140435 0.0002920682983789082
1640.97216796875 0.999735105464439 0.0002901360099436789
1640.9929809570312 0.9995785703370991 0.00028968938630788806
1641.0138549804688 1.0002088406552194 0.0002882704494282086
1641.03466796875 0.9994848327602405 0.0002876044026075615
1641.0554809570312 0.9994822609067832 0.00028704613809794525
1641.0763549804688 0.9998309320906869 0.00028699550367045323
1641.09716796875 0.9987780499162295 0.0002864304085740248
1641.1179809570312 0.99958697252577 0.0002864970360865647
1641.1388549804688 1.001573522609183 0.0002861701990847536
1641.15966796875 0.9989987144733937 0.0002859243944972338
1641.1804809570312 0.9993597824777307 0.000285558065544085
1641.2013549804688 1.0002021322636043 0.0002851250267187946
1641.22216796875 0.9997086988316857 0.000284857731297378
1641.2429809570312 1.0003647314067357 0.0002840662793766242
1641.2638549804688 1.0008376572361868 0.0002836564903451728
1641.28466796875 1.000044124601433 0.00028275670008613067
1641.3054809570312 0.9988845574079844 0.0002823009340756883
1641.3263549804688 0.9997211091589905 0.0002814928134183695
1641.34716796875 0.9996181870909739 0.00028100096815269056
1641.3679809570312 1.0015663261323156 0.0002805863175307061
1641.3888549804688 0.9999033406156879 0.00028043113820697086
1641.40966796875 1.0022521769203383 0.0002802180257462637
1641.4304809570312 1.000278366978263 0.0002803592704966495
1641.4513549804688 0.9994655574678997 0.00028100416828240977
1641.47216796875 0.9999241340963825 0.00028063405341349914
1641.4929809570312 0.9989707780869392 0.0002810440329321532
1641.5138549804688 1.0009412665609776 0.00028121571828924554
1641.53466796875 1.0003898752743934 0.0002814226215966965
1641.5554809570312 1.000667831440318 0.00028190815145812196
1641.5763549804688 0.9986771901647141 0.0002820401131665252
1641.59716796875 0.999809771854311 0.0002827114631487842
1641.6179809570312 1.000845571401363 0.0002823964929511564
1641.6388549804688 1.0004602253882446 0.0002831116472079554
1641.65966796875 0.9989301251228707 0.000282374572044382
1641.6804809570312 0.9995300907644601 0.0002823349860002888
1641.7013549804688 1.0002514915896643 0.0002820350553496962
1641.72216796875 1.000654008440552 0.0002823270888635178
1641.7429809570312 1.000369207986229 0.00028159555323619594
1641.7638549804688 0.9996767655386881 0.000281691430116072
1641.78466796875 0.9990494067263892 0.0002817625130794695
1641.8054809570312 1.0012134880778178 0.0002819571884201236
1641.8263549804688 0.9975423184745705 0.0002819036396512215
1641.84716796875 1.0005612344140102 0.0002821868851244196
1641.8679809570312 0.999246529803231 0.0002812486590581889
1641.8888549804688 0.9983797602198154 0.0002811668856932373
1641.90966796875 1.0010446047464763 0.0002804292366157094
1641.9304809570312 0.9999503611927131 0.00027998101792350475
1641.9513549804688 1.0003414654924805 0.0002795590993393438
1641.97216796875 0.9996606368269275 0.0002785631355634354
1641.9929809570312 1.0006625900291695 0.0002782073260078688
1642.0138549804688 0.9995982982509591 0.0002778320661400525
1642.03466796875 1.0001944713570123 0.00027751441070673395
1642.0554809570312 0.9991565872281458 0.00027702146187094076
1642.0763549804688 1.0007535111957455 0.00027674033228573244
1642.09716796875 0.9996766285820274 0.00027647113306975837
1642.1179809570312 1.0001497977450857 0.000276394980398789
1642.1388549804688 1.0002098768410879 0.00027620291799284545
1642.15966796875 1.0001204496562242 0.0002762914767945215
1642.1804809570312 0.9996666915339697 0.00027613885989160317
1642.2013549804688 0.9998503366388831 0.0002759576939903891
1642.22216796875 1.0001837678297083 0.00027583352510672
1642.2429809570312 1.0000670895381567 0.00027550178752201254
1642.2638549804688 1.0000615127194368 0.00027548994225112025
1642.28466796875 1.0000241200345172 0.0002749412283746141
1642.3054809570312 0.9994584341137123 0.0002745754759758667
1642.3263549804688 1.000236401065649 0.0002742115027568538
1642.34716796875 1.0000447981976461 0.00027429998916363613
1642.3679809570312 1.0000928153910498 0.00027373780289832635
1642.3888549804688 1.0002422901704962 0.0002741890759919344
1642.40966796875 1.0000090804391442 0.0002729016777066642
1642.4304809570312 0.9993855047465534 0.00027288740513754675
1642.4513549804688 0.999622924553846 0.00027294093987035857
1642.47216796875 1.0010625209929456 0.00027325218605865907
1642.4929809570312 1.0002193799414927 0.0002733051379952467
1642.5138549804688 0.9994148713747871 0.0002732390301847519
1642.53466796875 1.000060192465098 0.00027350591063988653
1642.5554809570312 1.0000263097948643 0.00027368426557502264
1642.5763549804688 1.0001015128260664 0.0002742881925282518
1642.59716796875 1.0002799934656126 0.00027469615303768897
1642.6179809570312 0.9995788266144605 0.00027480173510107883
1642.6388549804688 0.9996658550020375 0.0002749629581423424
1642.65966796875 0.9995244251368597 0.00027470381276365114
1642.6804809570312 1.0010825761479893 0.00027485400282248193
1642.7013549804688 0.9999442471084842 0.000274960772044666
1642.72216796875 0.9993675271063303 0.00027427497128613466
1642.7429809570312 1.0011252563817168 0.00027436108106028184
1642.7638549804688 0.9992317364231391 0.00027440067084064855
1642.78466796875 1.0001724019122582 0.0002742774125143165
1642.8054809570312 0.9993889567722972 0.00027467128574932377
1642.8263549804688 1.0006740256182332 0.00027416332710055813
1642.84716796875 0.9999920961932537 0.00027394247679988874
1642.8679809570312 0.9996906767410874 0.0002737535296778313
1642.8888549804688 1.0002255066861816 0.00027328971485879197
1642.90966796875 0.9997599269518003 0.00027339300992549595
1642.9304809570312 0.9999225219924709 0.00027298060092739935
1642.9513549804688 1.0004428845166717 0.00027217393848121495
1642.97216796875 1.0001241012285016 0.0002719867841221171
1642.9929809570312 0.9995284952922995 0.0002716300532064336
1643.0138549804688 0.9998379306960214 0.00027091093377717187
1643.03466796875 1.0000568459479422 0.00027074718543643194
1643.0554809570312 1.0004615005952664 0.0002704543064461114
1643.0763549804688 0.9999445340767583 0.00027029278742293544
1643.09716796875 0.999650491472259 0.0002699205343269886
1643.1179809570312 0.9999595872471956 0.0002700303431443208
1643.1388549804688 1.0005491676431706 0.00026995737685100784
1643.15966796875 0.999625988761609 0.00026968846269343844
1643.1804809570312 0.9999202323387361 0.00027004692265915245
1643.22216796875 0.9981078784288756 0.00026975121688078865
1643.2429809570312 1.0002781347397047 0.0002693671874038929
1643.2638549804688 0.9999707532093849 0.0002692940051676832
1643.28466796875 0.9999582748578122 0.00026927987072388496
1643.3054809570312 1.0001509283569427 0.00026935005262975463
1643.3263549804688 0.9996827359272971 0.00026909429266739314
1643.34716796875 0.9998898603410267 0.00026869507360121594
1643.3679809570312 1.0003023881300859 0.00026842408697331377
1643.3888549804688 0.9997904497264226 0.00026854889199303794
1643.40966796875 1.000317348768902 0.00026801956667511973
1643.4304809570312 0.9997363999917941 0.00026795974069034246
1643.4513549804688 0.9998783084956261 0.0002680205657952866
1643.47216796875 0.999720310582499 0.00026797455769986874
1643.4929809570312 1.0007260384618457 0.00026815595344864264
1643.5138549804688 0.9998199626809289 0.0002680060319570109
1643.53466796875 1.0000871177484187 0.0002681758995094263
1643.5554809570312 0.999719736350112 0.0002682266141992745
1643.5763549804688 1.000374311294055 0.00026838019225564866
1643.59716796875 0.99946455976609 0.0002684654792038444
1643.6179809570312 1.0000755581116971 0.0002684639604029456
1643.6388549804688 0.9999291007068043 0.00026865858933035076
1643.65966796875 1.000143446265863 0.00026854319061738277
1643.6804809570312 1.0007431841128036 0.00026869388027754733
1643.7013549804688 0.9998722172005216 0.00026849946037316017
1643.72216796875 0.9990883802177521 0.00026889140314839135
1643.7429809570312 0.9997718899017142 0.0002685548524028049
1643.7638549804688 1.0009086727553445 0.0002687283899090667
1643.78466796875 0.9997145419238709 0.000268708533341855
1643.8054809570312 1.0001265128426824 0.00026847854686994457
1643.8263549804688 1.0001228213876683 0.00026846025771395634
1643.84716796875 0.9996646193504047 0.0002685133743221986
1643.8679809570312 0.999849084007283 0.00026845781398074554
1643.8888549804688 1.0003543300806585 0.0002682635461442916
1643.90966796875 0.9997648465516097 0.0002688242429327945
1643.9304809570312 1.0001179004259575 0.00026816018822061323
1643.9513549804688 0.9998476980138646 0.0002684827919770095
1643.97216796875 1.0007244959021642 0.0002679402982790209
1643.9929809570312 0.9991882379558729 0.0002676676856788852
1644.0138549804688 1.0005784511827913 0.00026732168051055855
1644.03466796875 0.9996415479509662 0.00026710103199544964
1644.0554809570312 0.9996617678313365 0.0002670996511720165
1644.0763549804688 1.0004816674991288 0.0002671272831810987
1644.09716796875 0.9999693673229513 0.0002670061015077122
1644.1179809570312 1.0000247155036401 0.0002665559625645329
1644.1388549804688 0.9996054582824654 0.0002666300179772552
1644.15966796875 1.000231195766767 0.00026639661679827274
1644.1804809570312 1.0001131858863084 0.00026637446215593233
1644.2013549804688 1.0000236874906085 0.0002662772516404483
1644.22216796875 0.9998830324492207 0.00026613397021071753
1644.2429809570312 1.0000123813331454 0.00026645180345926967
1644.2638549804688 1.000427702209623 0.0002663722667031456
1644.28466796875 0.9995996135589134 0.00026675501796000515
1644.3054809570312 0.9999552896985492 0.0002661868179288281
1644.3263549804688 0.9996574346821437 0.00026625621400535075
1644.34716796875 1.0000788898884432 0.00026612338544906405
1644.3679809570312 1.0008964943125576 0.00026591246059992776
1644.3888549804688 0.9994818848006215 0.00026606016456379254
1644.40966796875 1.000184919623106 0.00026567941476600616
1644.4304809570312 0.9994512682528185 0.0002656866483600482
1644.4513549804688 0.9998562451263241 0.000265651725182608
1644.47216796875 1.0002313345511338 0.0002660041000346305
1644.4929809570312 1.000542703900381 0.00026585458411529405
1644.5138549804688 1.0001314465871638 0.00026602104177500925
1644.53466796875 0.9996133875388451 0.00026614396154795073
1644.5554809570312 0.9998436519614192 0.00026597100030075117
1644.5763549804688 0.999949931659774 0.0002661346503899696
1644.59716796875 0.9998078934920429 0.00026637965448490845
1644.6179809570312 1.0003498934563106 0.00026621385105578006
1644.6388549804688 0.9998182011013299 0.0002663074721393629
1644.65966796875 1.000198653361322 0.00026630700495201473
1644.6804809570312 0.9998218634709246 0.00026657140563091667
1644.7013549804688 1.0005436939479588 0.00026651965152922115
1644.72216796875 0.9996175343200427 0.0002668541526958879
1644.7429809570312 0.9995742797273665 0.0002669614757286549
1644.7638549804688 1.000194181818304 0.00026677852450826073
1644.78466796875 1.0006125863411788 0.0002670120135963533
1644.8054809570312 0.9998562719458339 0.00026721638164008176
1644.8263549804688 0.9994116390953598 0.00026670315082636374
1644.84716796875 1.0003032916679806 0.00026650028016306313
1644.8679809570312 0.9998101887651448 0.00026677985578291125
1644.8888549804688 1.0000363390937719 0.000266813012885788
1644.90966796875 1.0004632095686885 0.0002665639701999523
1644.9304809570312 1.0002563639203974 0.00026637261684257665
1644.9513549804688 0.9991545130662713 0.0002661873817861445
1644.97216796875 0.99947226953102 0.0002662694720657078
1644.9929809570312 1.001085172182066 0.0002660244929668592
1645.0138549804688 1.0001606045185747 0.00026621340727700564
1645.03466796875 1.0003832862600783 0.00026607826869089185
1645.0554809570312 0.9990839276570784 0.00026583311435845114
1645.0763549804688 0.9995480628307228 0.00026588359078484153
1645.09716796875 1.0003239102466892 0.000265905705041133
1645.1179809570312 1.0003409829973149 0.0002655784569567246
1645.1388549804688 1.000094260690445 0.0002658283884937316
1645.15966796875 0.9993520148999466 0.00026571783565561237
1645.1804809570312 1.0003481497572204 0.0002658179193239609
1645.2013549804688 1.0006064391289875 0.00026556829470212153
1645.22216796875 0.9996003793528719 0.00026563376970878015
1645.2429809570312 0.9996278458814046 0.000265627436235798
1645.2638549804688 0.9997683972139901 0.0002655122973305924
1645.28466796875 1.000489654311531 0.00026554318670789906
1645.3054809570312 1.0001969156006398 0.00026539240780475067
1645.3263549804688 1.0003697305822974 0.00026543222344399764
1645.34716796875 0.9995177372409706 0.00026581456048557615
1645.3679809570312 0.9999070154292049 0.00026565260132293774
1645.3888549804688 0.9999938791126524 0.0002658747259192573
1645.40966796875 1.0002195724053906 0.00026539967495640943
1645.4304809570312 0.9992024511471294 0.0002654198181394477
1645.4513549804688 1.0003655371301274 0.0002653112132439285
1645.47216796875 1.0010752233112417 0.0002659008725829624
1645.4929809570312 0.9997027019660774 0.0002655060054779079
1645.5138549804688 0.9985519179010549 0.0002650753723063794
1645.53466796875 1.0003033968401942 0.0002655635950720467
1645.5554809570312 1.0004194775522983 0.0002655011980893153
1645.5763549804688 1.0010068037177928 0.0002658008994123573
1645.59716796875 0.9997273858423787 0.00026552243840095483
1645.6179809570312 0.9989853108961348 0.00026578026669650084
1645.6388549804688 1.0000892650189344 0.00026559207672715673
1645.65966796875 1.0001486855688937 0.00026572807756415314
1645.6804809570312 1.0004333819885347 0.000265866409552773
1645.7013549804688 1.0000438137791308 0.0002658568926799626
1645.72216796875 0.9996247593769975 0.00026585615271139184
1645.7429809570312 0.9997055593850291 0.00026567076923515693
1645.7638549804688 1.0002962510775684 0.00026544707167670015
1645.78466796875 1.0005141765590695 0.0002657384836068399
1645.8054809570312 0.9999796317063807 0.0002661473642863164
1645.8263549804688 0.9994235846362535 0.000266077549898563
1645.84716796875 1.0002919464318711 0.000265788077817593
1645.8679809570312 0.9999224548244214 0.00026632979864095046
1645.8888549804688 0.9998212231356142 0.00026565512332085245
1645.90966796875 1.0004839178300218 0.0002656514307020052
1645.9304809570312 0.9994306780740675 0.00026553554350106323
1645.9513549804688 0.9999623153094593 0.0002654715360802082
1645.97216796875 1.000281756693968 0.0002654134706434686
1645.9929809570312 1.0004392708732792 0.0002663350942356624
1646.0138549804688 0.9998739841405502 0.00026524895365498917
1646.03466796875 0.9990578370577848 0.0002656250859428594
1646.0554809570312 1.0008100299807279 0.0002653459813537169
1646.0763549804688 1.0000521413558012 0.0002659020648321317
1646.09716796875 0.999618247612754 0.0002653496590622587
1646.1179809570312 1.0000986575474333 0.00026523593788592176
1646.1388549804688 1.0000889498256724 0.0002659295958294591
1646.15966796875 1.0000606691480112 0.00026539251749303826
1646.1804809570312 1.0001543088030385 0.00026526588344957867
1646.2013549804688 0.9995362347096093 0.0002651527617281214
1646.22216796875 1.0000741285686063 0.00026524991042546257
1646.2429809570312 1.0000829130332287 0.0002651571868121817
1646.2638549804688 0.9994597462645383 0.00026508282015972196
1646.28466796875 1.0010047888457265 0.00026538031058863116
1646.3054809570312 1.0002404806274738 0.0002654183812316978
1646.34716796875 0.9994459566914261 0.0002650071482466571
1646.3679809570312 0.9994990811391664 0.00026531780076107235
1646.3888549804688 1.0004496692672866 0.00026520704712621287
1646.40966796875 1.0000934560305224 0.00026514127232695215
1646.4304809570312 0.9997663364749395 0.00026516155238686274
1646.4513549804688 1.0003976096234248 0.0002650751130985469
1646.47216796875 0.999966183299388 0.00026516924074732653
1646.4929809570312 0.9993961955571419 0.00026536129114542806
1646.5138549804688 1.0001386984189162 0.0002651444041285948
1646.53466796875 0.9996678614056871 0.0002652653488091836
1646.5554809570312 1.000557057362356 0.00026514362285262106
1646.5763549804688 1.0006954910478907 0.0002655918009553307
1646.59716796875 0.9992141731966695 0.0002653036740533354
1646.6179809570312 0.999978830987254 0.000265489406771768
1646.6388549804688 0.9995929906189023 0.0002654941377998452
1646.65966796875 1.0003538600131727 0.00026551960456073766
1646.6804809570312 1.0004697029042948 0.0002654533110499399
1646.7013549804688 1.0003039837593222 0.00026531465505227886
1646.72216796875 0.9990199714083728 0.0002652815492046356
1646.7430419921875 1.0003630098881584 0.00026559460602311837
1646.7638549804688 0.9997385212446527 0.00026586479550316566
1646.7847290039062 0.9999176647782336 0.0002652598590120644
1646.8055419921875 1.0008778216714498 0.00026530696098635986
1646.8263549804688 0.9995907429173461 0.000265372499637429
1646.8472290039062 0.9996670735805745 0.0002653354425154733
1646.8680419921875 1.0001990549818267 0.0002654711640830825
1646.8888549804688 1.0000819592410057 0.00026532766642098517
1646.9097290039062 0.9999777901920013 0.0002655068798226667
1646.9305419921875 0.9996824350552344 0.0002654524433426086
1646.9513549804688 1.0004195635485555 0.00026568595002724225
1646.9722290039062 0.9995720903220333 0.0002656536086826691
1646.9930419921875 1.0001196830913262 0.00026540290137973065
1647.0138549804688 1.0003624895777112 0.0002654302247298902
1647.0347290039062 0.99998643826997 0.0002652998359604454
1647.0555419921875 1.000042880617882 0.00026543541481949853
1647.0763549804688 0.9997744050780787 0.00026592788612823465
1647.0972290039062 0.9994667544933339 0.00026569300062153007
1647.1180419921875 1.0005529088196254 0.00026547185171495776
1647.1388549804688 1.0000017873017462 0.00026536667219521416
1647.1597290039062 1.000118869945299 0.00026561451948662267
1647.1805419921875 0.9997975746464962 0.00026562800948537604
1647.2013549804688 1.0001967383540575 0.00026573126054195054
1647.2222290039062 0.9994217431954371 0.00026551611630186065
1647.2430419921875 1.0004869426947463 0.00026545605103119
1647.2638549804688 0.9999228121176854 0.00026610269585826895
1647.2847290039062 1.0004278301959852 0.00026597207012063375
1647.3055419921875 0.9994007134562397 0.00026533942733603967
1647.3263549804688 0.9998908259063862 0.00026526074647125863
1647.3472290039062 1.0001601785593914 0.0002655972861317965
1647.3680419921875 1.0003256813348689 0.0002653996392368204
1647.3888549804688 1.0002755593785926 0.0002655356740905931
1647.4097290039062 0.9993810037171412 0.00026536562792416914
1647.4305419921875 1.0001595957914169 0.00026582939679810396
1647.4513549804688 0.9999121418518572 0.00026575084769825017
1647.4722290039062 1.0002075731613151 0.0002654953802198635
1647.4930419921875 0.999513667858153 0.0002656416204574788
1647.5138549804688 1.0003796932655231 0.000265879557311334
1647.5347290039062 1.0003149846523545 0.00026591097696698047
1647.5555419921875 0.9996692772927637 0.0002657028921964737
1647.5763549804688 0.9995876684395778 0.00026552162789776455
1647.5972290039062 1.0004628261942543 0.00026588357374324694
1647.6180419921875 1.0002812121071525 0.0002657427070362241
1647.6388549804688 0.9994572907024843 0.0002657094662911626
1647.6597290039062 1.0001976237276957 0.0002655263561837112
1647.6805419921875 1.0000832784991405 0.00026567835439369477
1647.7013549804688 0.999644219269159 0.0002656987817086071
1647.7222290039062 0.9995775459980458 0.00026538514908351445
1647.7430419921875 1.000478480427155 0.00026560594474207914
1647.7638549804688 0.9996700554805867 0.00026563138712619
1647.7847290039062 1.000276431254128 0.00026550072320768786
1647.8055419921875 0.9999787180458034 0.00026632780526084207
1647.8263549804688 1.0000319053715572 0.0002657714189463014
1647.8472290039062 1.000618167008157 0.00026557037770994673
1647.8680419921875 0.9999714016357879 0.00026610577075895334
1647.8888549804688 0.9996681217544666 0.0002655652975017407
1647.9097290039062 0.9995143504219004 0.00026596849910169525
1647.9305419921875 1.0005850752031524 0.0002661721871142996
1647.9513549804688 0.9997650884554717 0.0002660049558757089
1647.9722290039062 0.9997578751695962 0.00026569527745445626
1647.9930419921875 1.0002664754649313 0.0002658407325050954
1648.0138549804688 1.0001865787554411 0.0002655853924446521
1648.0347290039062 1.0004370241424398 0.0002659446348740629
1648.0555419921875 0.999635234028826 0.00026586908720146687
1648.0763549804688 0.9998539396822193 0.00026647891835322697
1648.0972290039062 0.9992849157394166 0.0002658320077582723
1648.1180419921875 1.0003589279384062 0.0002657766825021606
1648.1388549804688 1.0007670166273996 0.0002664291162615587
1648.1597290039062 0.9993552823461962 0.000265874164875425
1648.1805419921875 1.0001155898822147 0.00026615374489253094
1648.2013549804688 1.0003501001890747 0.0002660017419844186
1648.2222290039062 0.999492142419292 0.0002659997550787949
1648.2430419921875 1.000573530029579 0.0002657570588146099
1648.2638549804688 0.9992827013168873 0.00026579920423150665
1648.2847290039062 1.0003789660465616 0.00026572456423720796
1648.3055419921875 0.9996722018256867 0.0002658191333894718
1648.3263549804688 1.0007085777977311 0.00026631221187443916
1648.3472290039062 0.9998694678683384 0.00026592328228818246
1648.3680419921875 0.9995135642011559 0.0002662503317047452
1648.3888549804688 1.0002450336901476 0.00026584035374652577
1648.4097290039062 0.9999872450969831 0.00026585136735932606
1648.4305419921875 1.0000228645950904 0.0002662174691908818
1648.4513549804688 0.9997528306302317 0.000265874248581406
1648.4722290039062 1.0005580860434613 0.00026606256794136263
1648.4930419921875 0.999668778208822 0.0002659949269757526
1648.5138549804688 0.9996081602784236 0.00026589109013585574
1648.5347290039062 1.000492284491637 0.00026606312021841116
1648.5555419921875 0.9997607807178683 0.00026584712836303027
1648.5763549804688 1.0004058452119415 0.0002662595465397056
1648.5972290039062 0.9995243804933538 0.0002662773759017455
1648.6180419921875 1.000596962837002 0.0002661833291176056
1648.6388549804688 0.999739214869631 0.0002659658619339292
1648.6597290039062 0.9994216252418293 0.00026627039279144323
1648.6805419921875 0.9998895426417025 0.00026618518509683624
1648.7013549804688 1.0009098422182612 0.0002664188336061133
1648.7222290039062 0.9998581087954568 0.00026595966066479866
1648.7430419921875 0.9995428515832885 0.0002659667182227321
1648.7638549804688 1.0001975251603865 0.0002665010870247712
1648.7847290039062 1.0003913456310536 0.000266241840149826
1648.8055419921875 0.9997599063969183 0.00026627377309292163
1648.8263549804688 0.9998225562128839 0.000266525517771593
1648.8472290039062 0.999731464212429 0.00026621584711445317
1648.8680419921875 1.0003045166163198 0.0002660591481735466
1648.8888549804688 1.000239940499366 0.0002666084976977962
1648.9097290039062 0.9998092092053218 0.0002660448024769543
1648.9305419921875 1.0001499336224806 0.00026592246976167474
1648.9513549804688 0.999458589147326 0.0002660858437100353
1648.9722290039062 1.0000112503464642 0.00026619368563306184
1648.9930419921875 1.0003642560928847 0.0002659537323467608
1649.0138549804688 1.000699859286129 0.00026610083402724523
1649.0347290039062 0.9996652162954761 0.0002662100373140254
1649.0555419921875 0.9994987332249459 0.00026594021338938623
1649.0763549804688 0.9996881167373977 0.0002662657505926508
1649.0972290039062 0.9998835136894697 0.00026651113984787773
1649.1180419921875 1.0006372739159748 0.00026645644998662846
1649.1388549804688 1.0005855948931637 0.00026629352493872266
1649.1597290039062 0.99955447488931 0.0002661578931291612
1649.1805419921875 0.9997672200962351 0.0002668147345335361
1649.2013549804688 0.9999455010795296 0.00026617179973044246
1649.2222290039062 0.9997547374760789 0.00026639137092949447
1649.2430419921875 0.9998447633538807 0.00026675437963560986
1649.2638549804688 1.0003424694581373 0.0002660252609296922
1649.2847290039062 1.0004551303594513 0.00026690744088827184
1649.3055419921875 1.0002933672289576 0.0002661825562642499
1649.3263549804688 0.999407198152949 0.0002666369206527909
1649.3472290039062 0.9999065778875659 0.00026617618895422083
1649.3680419921875 0.9995766689836796 0.0002663211609716075
1649.3888549804688 1.0006907866879837 0.00026608095028865893
1649.4097290039062 0.9998145778687264 0.0002664012390983979
1649.4305419921875 0.999830181050453 0.0002663121509319604
1649.4722290039062 1.0000957910146608 0.00026662021279893924
1649.4930419921875 1.0000769615979397 0.0002661208857213008
1649.5138549804688 0.999969140380535 0.00026619350962422907
1649.5347290039062 1.0000348992958399 0.0002662527062785378
1649.5555419921875 1.0002569044225091 0.0002666713239962645
1649.5763549804688 0.9997682329715779 0.0002661672062418644
1649.5972290039062 1.0000325581209888 0.00026630155485329274
1649.6180419921875 0.9998717928906524 0.0002660382756043326
1649.6388549804688 0.9995819907176203 0.00026647918612030387
1649.6597290039062 1.0005560626678347 0.00026631087530517965
1649.6805419921875 0.9999927047304903 0.0002661964768432335
1649.7013549804688 1.000214565444444 0.000266921540653469
1649.7222290039062 0.9996190234484302 0.00026620011785186885
1649.7430419921875 0.9997618410828103 0.0002664443056672269
1649.7638549804688 1.000363956775411 0.00026660189171011584
1649.7847290039062 1.0002674523477495 0.0002663486421883322
1649.8055419921875 0.9994985356524266 0.00026609486062693965
1649.8263549804688 1.0003764682141352 0.0002661056287750078
1649.8472290039062 0.9997381153639947 0.0002660829258539353
1649.8680419921875 0.9997190062168635 0.0002673171169310185
1649.8888549804688 1.000487642073394 0.00026613104014570373
1649.9097290039062 0.9998076783110099 0.0002670447243273436
1649.9305419921875 0.9999302275153071 0.00026646820786183203
1649.9513549804688 1.0005282160178244 0.00026672997198479213
1649.9722290039062 1.0000043547367594 0.00026640986227580474
1649.9930419921875 0.9996015763748498 0.0002661465679588575
1650.0138549804688 0.9995969901624027 0.0002663956494683704
1650.0347290039062 1.000253849429075 0.00026629164574802687
1650.0555419921875 1.0001071391133078 0.0002660944701687739
1650.0763549804688 1.0002036259609375 0.0002662548440499588
1650.0972290039062 1.0000298768911475 0.00026614718442350495
1650.1180419921875 0.999479200261296 0.00026619726956760416
1650.1388549804688 1.0004855394868717 0.00026598369854628827
1650.1597290039062 0.9995076463029504 0.0002659826553438506
1650.1805419921875 1.000376046365245 0.000266093342967787
1650.2013549804688 1.0000450983167277 0.00026593185385248976
1650.2222290039062 1.0000172856506022 0.0002660198167235349
1650.2430419921875 1.0001900930946541 0.0002666433072216879
1650.2638549804688 0.9995800555193155 0.0002657839651132969
1650.2847290039062 0.9996588240356866 0.00026620260202947645
1650.3055419921875 1.0009390279726063 0.0002667751964702525
1650.3263549804688 0.9993599147418744 0.0002660543684555859
1650.3472290039062 1.000111250478362 0.00026607281423099964
1650.3680419921875 0.9999225938813737 0.0002664108574505308
1650.3888549804688 1.000188935122673 0.00026612792160239884
1650.4097290039062 1.000352522267573 0.00026592566196034567
1650.4305419921875 0.9999318764764327 0.0002662218001911986
1650.4513549804688 0.9990720066592338 0.0002664444359235591
1650.4722290039062 1.0005394599289177 0.0002660287018602286
1650.4930419921875 1.000203623142236 0.0002664627066103089
1650.5138549804688 0.9999243797981928 0.0002660573918315752
1650.5347290039062 0.9997741977524999 0.00026636828325709785
1650.5555419921875 1.0000207063580198 0.00026600459228811826
1650.5763549804688 0.9999181502398179 0.0002659198490377587
1650.5972290039062 1.000399391221671 0.00026615366551393377
1650.6180419921875 1.000008918215157 0.00026581287131345924
1650.6388549804688 0.9999652934203139 0.00026628831481336623
1650.6597290039062 0.9996300133039786 0.00026597372722356763
1650.6805419921875 0.9998878852172937 0.0002661993790392229
1650.7013549804688 1.000680931864462 0.00026603694829391663
1650.7222290039062 0.9997788769883482 0.0002665635800413226
1650.7430419921875 0.9997221637176528 0.00026582140092540997
1650.7638549804688 0.9998106550542024 0.0002656792051030525
1650.7847290039062 1.0004867165217028 0.000265679535307389
1650.8055419921875 0.9999248044763202 0.000267267505656259
1650.8263549804688 0.9999334712740504 0.0002657157500838128
1650.8472290039062 0.9995348863429633 0.0002657326341096587
1650.8680419921875 1.0005153440437589 0.0002657410245462321
1650.8888549804688 0.999815965894125 0.0002655632674201786
1650.9097290039062 1.000732409601937 0.0002664431757572834
1650.9305419921875 0.9998507649396389 0.00026591646897795895
1650.9513549804688 0.999597186985368 0.0002659918123864081
1650.9722290039062 0.9995887168884593 0.00026602218388661127
1650.9930419921875 0.9997225172627477 0.0002659459910761625
1651.0138549804688 1.000311050516059 0.00026563026976212035
1651.0347290039062 1.0005092439194516 0.0002656630824007726
1651.0555419921875 0.9999412983993745 0.0002655271738803174
1651.0763549804688 1.0003284572571893 0.00026588659814978817
1651.0972290039062 0.9996855482064879 0.0002657864399189798
1651.1180419921875 0.9995654661385265 0.0002657066514750679
1651.1388549804688 1.0001180156881684 0.00026555401559166184
1651.1597290039062 0.9999368720005412 0.0002656470925117499
1651.1805419921875 1.0001014195079754 0.0002656828822150471
1651.2013549804688 1.000533294044281 0.0002657058562314934
1651.2222290039062 0.9996919392662261 0.0002656269717288888
1651.2430419921875 0.9995167908673818 0.000266155038094627
1651.2638549804688 1.0006036690110185 0.0002663703477409608
1651.2847290039062 1.0004747100355227 0.00026576562679855804
1651.3055419921875 0.9989673892032253 0.00026571130137647425
1651.3263549804688 0.999569561927748 0.00026632754062440794
1651.3472290039062 1.0008425248475605 0.0002654649095318363
1651.3680419921875 1.0002403300744125 0.00026591795633745563
1651.3888549804688 1.0002257053332346 0.0002653762108547804
1651.4097290039062 0.9993925828743426 0.000265413677007738
1651.4305419921875 0.9996959233908825 0.00026561965268935203
1651.4513549804688 0.9997140888551406 0.0002655993436106653
1651.4722290039062 1.0008192640312514 0.0002652254611013575
1651.4930419921875 1.0004398084533501 0.000265330411970857
1651.5138549804688 0.9994979734990935 0.0002653768890742655
1651.5347290039062 0.9993225812887802 0.0002655091728561596
1651.5555419921875 1.0008437795888248 0.00026580895553387287
1651.5763549804688 0.9996254743777307 0.00026563149483072414
1651.5972290039062 1.0003044140790034 0.0002653667706956207
1651.6180419921875 0.9997722388841225 0.0002657240705829335
1651.6388549804688 0.9998505648807252 0.00026561173956055653
1651.6597290039062 1.0004963948818373 0.0002656023586257356
1651.6805419921875 0.9993842140423034 0.00026607951063067594
1651.7013549804688 1.0006070421043538 0.0002653306851714551
1651.7222290039062 1.0000079270326363 0.0002658126942550931
1651.7430419921875 0.9992930825360102 0.0002654573911028108
1651.7638549804688 1.0003025780203674 0.0002653899648426887
1651.7847290039062 1.0000432169052142 0.0002653001243703981
1651.8055419921875 0.9998957935783934 0.00026542234908774983
1651.8263549804688 0.9999483432017406 0.0002653547676591905
1651.8472290039062 1.0004258469106253 0.00026529459598248614
1651.8680419921875 1.0000270498805275 0.0002651713839894965
1651.8888549804688 0.9996886900352612 0.00026543252379660783
1651.9097290039062 1.0000528281808847 0.0002654117444293563
1651.9305419921875 1.0002231777966049 0.00026521177580621154
1651.9513549804688 0.999682094226914 0.0002652359625698463
1651.9722290039062 0.9994027370259868 0.00026521308001802057
1651.9930419921875 1.0008655837280738 0.00026528366941813936
1652.0138549804688 1.0003241080836511 0.00026525845792610056
1652.0347290039062 0.9997034056442293 0.00026501986159329955
1652.0555419921875 0.9995555305798175 0.0002649790613110314
1652.0763549804688 1.0002029751908081 0.0002652483306101272
1652.0972290039062 0.9999176424541579 0.0002651267738603381
1652.1180419921875 1.0002040255752391 0.00026594180316167183
1652.1388549804688 0.9998145190134249 0.00026511940010517796
1652.1597290039062 1.0003195097801154 0.00026546217866413974
1652.1805419921875 0.999750868378235 0.00026582222148493844
1652.2013549804688 1.000068727465818 0.00026496896789456525
1652.2222290039062 1.0001092910128946 0.0002651810573521592
1652.2430419921875 0.9995922824714525 0.00026511854948178733
1652.2638549804688 1.0002657239608732 0.0002652597605334928
1652.2847290039062 1.0002766153987213 0.00026498171690843465
1652.3055419921875 0.9996837093068238 0.0002651830709948599
1652.3263549804688 0.9999647968676995 0.0002651815591477909
1652.3472290039062 0.9998453556332927 0.00026510767977114047
1652.3680419921875 1.000161019103075 0.0002653196146784031
1652.3888549804688 1.000336991061738 0.000265474144681622
1652.4097290039062 0.9996530867048034 0.00026556561374153903
1652.4305419921875 1.0000007570828395 0.00026485970977832487
1652.4513549804688 0.9999819318169422 0.0002651405835588067
1652.4722290039062 1.0003883578869408 0.00026490712681088817
1652.4930419921875 1.0002357470193513 0.0002651205309977134
1652.5138549804688 0.9990487668725453 0.0002651540235846533
1652.5347290039062 1.0002595250111594 0.00026480991229163863
1652.5555419921875 1.0000652072596774 0.00030902222045444295
1652.5763549804688 0.999975034453555 0.00030930385949586183
1652.5972290039062 1.0003098673147053 0.00030899700482804983
1652.6180419921875 0.9999826777921001 0.0003092769296889011
1652.6388549804688 0.9996528934518836 0.00030917993608265716
1652.6597290039062 1.0003261773428025 0.0003097352302641503
1652.6805419921875 0.9996785891685057 0.0003088038994735188
1652.7013549804688 0.9999923411027366 0.00030934002364858837
1652.7222290039062 1.0003350783144191 0.0003093161571667785
1652.7430419921875 1.0000356505843742 0.00030880916358417486
1652.7638549804688 0.9999416536388235 0.00030889333911170104
1652.7847290039062 0.9998182175197159 0.0003098328854442122
1652.8055419921875 0.9998812730243852 0.0003096695313412506
1652.8263549804688 0.9999980843042526 0.0003091766778376337
1652.8472290039062 1.0005850650719093 0.00030911121970947505
1652.8680419921875 0.9996399562053331 0.0003092169005499533
