time flux flux_err
1596.8041381835938 0.6143998689199058 7.636505427014113e-05
1596.824951171875 0.683688007407403 8.046362708383574e-05
1596.8457641601562 0.7522049479838585 8.441101116258263e-05
1597.1791381835938 1.146843202223968 0.00013134035636950996
1597.199951171875 1.125974119298621 0.00013386614965947224
1597.2207641601562 1.1011490193598368 0.0001363503634188765
1597.2416381835938 1.0753507103427704 0.00013899070794894005
1597.262451171875 1.058025668391224 0.00014156912667862313
1597.2832641601562 1.0332166269510945 0.00014437261688349845
1597.3041381835938 1.0006452942707884 0.00014765749517284195
1597.324951171875 1.0006413993133099 0.00015155426136683015
1597.3457641601562 1.0019359571158577 0.00015552158903857968
1597.3666381835938 0.997511750050648 0.00015924090726358338
1597.387451171875 0.9955461847273301 0.00016284358824246556
1597.4082641601562 0.9988710528018003 0.00016584814919047645
1597.4291381835938 0.99900119121764 0.00016826129144490798
1597.449951171875 1.0014053181136553 0.00017015276607347125
1597.4707641601562 1.0049089719724993 0.00017166174637445726
1597.4916381835938 0.9996412403977334 0.00017232262641146326
1597.512451171875 0.9967740584877828 0.00017303107152194012
1597.5332641601562 0.9961612194120913 0.0001735826933266587
1597.5541381835938 0.9997757823298755 0.00017373373179397253
1597.574951171875 1.007063248712951 0.00017380167936411367
1597.5957641601562 0.998147622865964 0.0001734948734838338
1597.6166381835938 1.0023290877655777 0.00017249312841148144
1597.637451171875 1.0000545876465485 0.00017121546477399734
1597.6582641601562 0.9942330391800789 0.0001702449042251146
1597.6791381835938 1.0008817503646121 0.00016841708930741595
1597.699951171875 1.0061910738388309 0.0001662206935129083
1597.7207641601562 0.9979350113993393 0.00016414296694167263
1597.7416381835938 0.9935473537632715 0.0001621910921144431
1597.762451171875 1.0077040069776877 0.00015977181239424686
1597.7832641601562 0.9957001208032421 0.00015731115036944765
1597.8041381835938 1.0012547552582283 0.00015494183236887832
1597.824951171875 0.977997489986638 0.00015041006924328666
1597.8457641601562 0.9584076129336245 0.00014579245128896649
1597.8666381835938 0.9682134367913762 0.00014113514555122932
1597.8875122070312 0.9630080546694625 0.00013675434997842596
1597.9083251953125 0.955656701374753 0.000132548403789059
1597.9291381835938 0.9560868074946199 0.0001282891980282449
1597.9500122070312 0.9775809248313824 0.00012425730399110078
1597.9708251953125 0.9680550539785839 0.000120254429702406
1597.9916381835938 0.9828016914283128 0.00011642307466887668
1598.0125122070312 0.9880520448795921 0.00011299840283834682
1598.0333251953125 0.9818746932085457 0.00010951545436705128
1598.0541381835938 1.0 0.00010633794158844339
1598.0750122070312 0.9994393035530833 0.00010307451056057758
1598.0958251953125 0.9948293192922741 0.00010010721529437851
1598.1166381835938 1.0074002852048392 9.709306947262209e-05
1598.1375122070312 0.9925996618698572 9.448902519660939e-05
1598.1583251953125 1.0042229201061288 9.213856539322317e-05
1598.1791381835938 0.9958397099504587 8.973469826081105e-05
1598.2000122070312 0.993417496425926 8.858494376364658e-05
1598.2208251953125 1.0085336622094228 8.757277527701341e-05
1598.2416381835938 1.0069644085490446 8.654062060639091e-05
1598.2625122070312 1.0003604952477039 8.483627573904965e-05
1598.2833251953125 0.9976677926124766 8.344017947590754e-05
1598.3041381835938 0.9989566851166896 8.226693150733852e-05
1598.3250122070312 0.9997173975604867 8.113005689826459e-05
1598.3458251953125 0.9993646499816238 8.046620402277499e-05
1598.3666381835938 1.002136600384326 7.965471943383607e-05
1598.3875122070312 1.0058588381504339 7.915206025880294e-05
1598.4083251953125 0.9946978857340971 7.885474385926465e-05
1598.4291381835938 0.9955667645414997 7.84913130154824e-05
1598.4500122070312 1.0049282975702354 7.838415940126895e-05
1598.4708251953125 0.9958024662592224 7.803419276063637e-05
1598.4916381835938 1.003094955700654 7.78932385142279e-05
1598.5125122070312 0.9976180242222823 7.749856279000775e-05
1598.5333251953125 0.9996864340760206 7.749480140761539e-05
1598.5541381835938 1.0040655251324266 7.735394931811841e-05
1598.5750122070312 0.9989448763958921 7.738539054930346e-05
1598.5958251953125 1.0009196388151897 7.738281646753385e-05
1598.6166381835938 0.9952571835673664 7.73986751297002e-05
1598.6375122070312 1.002966034682514 7.757399643592712e-05
1598.6583251953125 0.9967571577461236 7.765281571267321e-05
1598.6791381835938 1.0021877489011468 7.757872983136042e-05
1598.7000122070312 1.003310308524256 7.771234441382357e-05
1598.7208251953125 0.9995506526043172 7.771906582275331e-05
1598.7416381835938 0.9981687663028339 7.808659524749345e-05
1598.7625122070312 0.9991602119983896 7.806343147626197e-05
1598.7833251953125 1.0068653842440474 7.811809289268118e-05
1598.8041381835938 0.997967753724255 7.815575560391261e-05
1598.8250122070312 0.991858268433309 7.828781554016244e-05
1598.8458251953125 1.0032128706357986 7.845912496246628e-05
1598.8666381835938 0.9979903106305913 7.85638064658552e-05
1598.8875122070312 1.0013635034704447 7.877083670623712e-05
1598.9083251953125 0.9997130550835206 7.909358971608404e-05
1598.9291381835938 0.9974474691644767 7.930669980370292e-05
1598.9500122070312 1.0059800493295898 7.979634076085879e-05
1598.9708251953125 1.002036897789281 8.028780420862153e-05
1598.9916381835938 1.0098522588670193 8.05578726702014e-05
1599.0125122070312 0.9947587129025786 8.073031898314268e-05
1599.0333251953125 0.9973699340697227 8.13030380409556e-05
1599.0541381835938 1.0024565383836683 8.196533089859903e-05
1599.0750122070312 1.000737584140449 8.289382290228824e-05
1599.0958251953125 1.0012102944641952 8.32548043144277e-05
1599.1166381835938 0.9973650480218388 8.386977048115679e-05
1599.1375122070312 1.0015240779952785 8.464728563610043e-05
1599.1583251953125 0.9995368584617247 8.529794088521434e-05
1599.1791381835938 1.0014953658336019 8.597006728817799e-05
1599.2000122070312 0.995143912879012 8.662906293718316e-05
1599.2208251953125 0.9982923909949438 8.709797657594351e-05
1599.2416381835938 1.0039609431297474 8.782340712475069e-05
1599.2625122070312 1.0028547110346984 8.856252580358024e-05
1599.2833251953125 1.0004178073992105 8.948760152120275e-05
1599.3041381835938 0.9976298667617621 9.069912143438659e-05
1599.3250122070312 1.00092497645195 9.173191753783195e-05
1599.3458251953125 1.0031167943035524 9.326224647706757e-05
1599.3666381835938 0.999516483083164 9.469173787537913e-05
1599.3875122070312 0.9987337148462878 9.606326534633412e-05
1599.4083251953125 0.9976550601892069 9.7116187087426e-05
1599.4291381835938 0.9964792957881592 9.818478490517828e-05
1599.4500122070312 1.0024542788143862 9.916915768587784e-05
1599.4708251953125 1.0002451275739883 9.995158080213222e-05
1599.4916381835938 1.003934219250561 0.00010040689274007255
1599.5125122070312 0.9972072491915608 0.00010085171193108418
1599.5333251953125 0.9991307221728557 0.00010089872669014401
1599.5541381835938 1.0001973425993562 0.00010095988268798098
1599.5750122070312 0.9977762325137175 0.0001007409159759917
1599.5958251953125 0.9998466082644354 0.00010039400170395634
1599.6166381835938 0.9981652281212791 9.970836577266665e-05
1599.6375122070312 1.000588056091934 9.953932312499448e-05
1599.6583251953125 1.002297311183873 9.905331438488282e-05
1599.6791381835938 1.0036737311933854 9.908213410758605e-05
1599.7000122070312 1.0013823095391334 9.906758019183395e-05
1599.7208251953125 0.9967499765411114 9.920858909527532e-05
1599.7416381835938 1.0004477847346165 9.982139904656434e-05
1599.7625122070312 0.9988316115543261 0.0001005737021721254
1599.7833251953125 1.0040334525174948 0.0001012674351953006
1599.8041381835938 1.0021143053689046 0.0001020640861809388
1599.8250122070312 0.9930465886438422 0.00010269132996797973
1599.8458251953125 0.9983351122720856 0.00010345108366100592
1599.8666381835938 0.9982936794626988 0.00010401447498201346
1599.8875122070312 1.0037774991154533 0.00010480700425457343
1599.9083251953125 1.0016256208091323 0.00010530369117706233
1599.9291381835938 0.9989971961626123 0.00010583700081307287
1599.9708251953125 1.0020567462800545 0.00010643086522894419
1599.9916381835938 0.9978370576374307 0.00010736261728578514
1600.0125122070312 1.0012991341460016 0.00010858439489875274
1600.0333251953125 0.9998298754622595 0.00010981589966510515
1600.0541381835938 1.000291020478846 0.00011086587909334155
1600.0750122070312 0.9998317925698845 0.00011238131463487457
1600.0958251953125 0.9981349234030346 0.00011346629493127038
1600.1166381835938 1.0021766255179598 0.00011474473616545608
1600.1375122070312 0.9987093157553659 0.00011604703563577982
1600.1583251953125 0.9982833097366514 0.00011727906795594241
1600.1791381835938 1.001219538754274 0.00011851995767223414
1600.2000122070312 1.0016769683571312 0.00011963592903679516
1600.2208251953125 0.999243938976503 0.00012068845681157977
1600.2416381835938 0.9958267250952855 0.00012194043700708617
1600.2625122070312 0.9992691819791788 0.00012303749773010252
1600.2833862304688 1.0046106140070914 0.00012481736098953006
1600.30419921875 1.00547963815159 0.00012639057328319475
1600.3250122070312 0.9985719705032338 0.000128469537275899
1600.3458862304688 0.9986517331645343 0.0001304762428300945
1600.36669921875 0.997652072835768 0.00013277483277791144
1600.3875122070312 1.000185479190085 0.00013512601607525447
1600.4083862304688 0.9980552724295763 0.00013726553197885026
1600.42919921875 1.0005651202631078 0.00013890536973552826
1600.4500122070312 1.0018487161843899 0.0001406239908538819
1600.4708862304688 0.9979606552830423 0.00014184808588167403
1600.49169921875 1.0045005950486616 0.00014277912456587326
1600.5125122070312 0.9966442331250015 0.00014353574521498998
1600.5333862304688 0.9993609721854468 0.00014420046572141977
1600.55419921875 0.999079682600217 0.0001442236322027686
1600.5750122070312 0.9992752947237425 0.0001437420994887997
1600.5958862304688 0.9995138670180655 0.00014332093064341756
1600.61669921875 0.998528498141824 0.00014213184313301502
1600.6375122070312 0.9994085392350716 0.00014095562282856282
1600.6583862304688 1.0020997267846083 0.00013979907774546251
1600.67919921875 1.000293621188746 0.00013916962384001978
1600.7000122070312 1.002366388089825 0.00013888689504534905
1600.7208862304688 1.001183671786579 0.00013867809979873182
1600.74169921875 1.001359778926098 0.0001390230554635556
1600.7625122070312 0.9981075892295195 0.00013999044199426524
1600.7833862304688 1.0021534096587799 0.00014106826646286937
1600.80419921875 0.9997080641312257 0.00014263973270099137
1600.8250122070312 0.9973250291670462 0.00014338227688743708
1600.8458862304688 0.9960956239086567 0.00014461114433163952
1600.86669921875 1.0029446384631957 0.0001457030206114584
1600.8875122070312 1.001862018204761 0.00014693150775435236
1600.9083862304688 1.0015065540896282 0.000148257843086137
1600.92919921875 0.996643110662023 0.00014904715529483138
1600.9500122070312 0.9972187683380732 0.000150198026683842
1600.9708862304688 1.0007290343776163 0.00015142379500833545
1600.99169921875 1.0014559807414423 0.0001526590375978299
1601.0125122070312 1.0066188165650234 0.0001544113602011887
1601.0333862304688 0.9956650885315661 0.0001560905221355938
1601.05419921875 0.9999111446115645 0.00015791121342801628
1601.0750122070312 1.0036123884254307 0.00016003467315987342
1601.0958862304688 0.9929735911222161 0.00016194485041823582
1601.11669921875 1.0042342283253538 0.0001635028991155667
1601.1375122070312 0.9990761362235915 0.00016528929150773448
1601.1583862304688 0.9962571182769977 0.00016625076773736145
1601.17919921875 0.9994617897444255 0.00016711663862059752
1601.2000122070312 1.0008285054162 0.00016781210966895446
1601.2208862304688 0.9999353763396842 0.00016854133060480156
1601.24169921875 1.0027267625203793 0.00016950626515915916
1601.2625122070312 0.9973936022627977 0.0001705958144169538
1601.2833862304688 1.0036298358476754 0.0001721044050629163
1601.30419921875 0.9992112858661284 0.00017436325078875966
1601.3250122070312 1.0037077824941338 0.00017721369804112744
1601.3458862304688 1.0033599801617195 0.000180008535732315
1601.36669921875 0.9956223595967745 0.00018386437664465432
1601.3875122070312 0.9940558797498009 0.00018721610693566508
1601.4083862304688 1.004359363561108 0.00019001784994286962
1601.42919921875 0.9999323846803743 0.000192689967091346
1601.4500122070312 0.995875527612177 0.00019478203020207885
1601.4708862304688 0.9995187709928326 0.00019636620985396465
1601.49169921875 1.0051839089059154 0.00019799227007415035
1601.5125122070312 1.000457340845443 0.00019933110611501588
1601.5333862304688 0.9971478869014933 0.00019992115123153775
1601.55419921875 0.9989051165206195 0.00020001059759871612
1601.5750122070312 1.0024803972527438 0.00020025950459215484
1601.5958862304688 0.9962081536454449 0.00019985804534481
1601.61669921875 0.999894069245684 0.00019849889232323448
1601.6375122070312 1.0003544743261776 0.00019731541848111772
1601.6583862304688 0.9949439194825457 0.00019598358445543015
1601.67919921875 1.004248701683625 0.00019500836351973456
1601.7000122070312 1.0045439735218973 0.00019385897371548472
1601.7208862304688 1.0005551467772407 0.00019399867248564193
1601.74169921875 0.9989395193711558 0.00019465660611554957
1601.7625122070312 1.0014281978528463 0.00019599978955694148
1601.7833862304688 1.005104237678302 0.00019780158759347645
1601.80419921875 0.9922548221911136 0.00019922813885541772
1601.8250122070312 0.9926196745323009 0.00020062280651771968
1601.8458862304688 1.0003112891804768 0.00020244921060940988
1601.86669921875 0.9969791528469014 0.00020462800991064532
1601.8875122070312 1.0064039447300217 0.00020684615198086198
1601.9083862304688 1.0139755998167446 0.00020821856277546352
1601.92919921875 1.0159249641049397 0.00021052735015939647
1601.9500122070312 1.0171102419407951 0.00021174436660121898
1601.9708862304688 1.0287976083919286 0.00021345304981807732
1601.99169921875 1.0285268030641226 0.00021543766570945405
1602.0125122070312 1.0276539501561426 0.00021753713354977217
1602.0333862304688 1.034225257442736 0.00021970065472459239
1602.05419921875 1.020384286042621 0.0002216977463268248
1602.0750122070312 1.0147564204086261 0.00022348135920502178
1602.0958862304688 0.9968435471864778 0.00022580543942763361
1602.11669921875 1.004507471106282 0.00022689633199150216
1602.1375122070312 1.0026573005808344 0.00022836915281648396
1602.1583862304688 0.9966868134860809 0.00022990985727368068
1602.17919921875 0.9983410187285994 0.0002314239613690353
1602.2000122070312 0.9998400541289395 0.0002325671029503467
1602.2208862304688 0.9989940012678674 0.00023350110489382824
1602.24169921875 1.0027590713270438 0.00023453899074421527
1602.2625122070312 0.999720377618474 0.00023531666485787593
1602.2833862304688 0.9974555467141902 0.0002365028106668832
1602.30419921875 1.00146293604821 0.0002377368419169918
1602.3250122070312 1.001044955361711 0.00023957873575101928
1602.3458862304688 1.0037525736123234 0.00024136346582361666
1602.36669921875 0.9997027631903868 0.00024366733780534984
1602.3875122070312 0.9983473373665723 0.0002459303017931406
1602.4083862304688 0.9972389324519847 0.0002473282769258058
1602.42919921875 0.9988704292421624 0.0002491434866019816
1602.4500122070312 0.9955375111979801 0.00025083924168324816
1602.4708862304688 1.0079288352351905 0.0002515482924061327
1602.49169921875 1.0026583574301016 0.0002531276455181011
1602.5125122070312 0.9953778014051189 0.00025348118586145135
1602.5333862304688 1.0000606403663668 0.00025464110521103374
1602.55419921875 1.0008366312530692 0.0002558763665952592
1602.5750122070312 1.0013167341897125 0.0002566365921322344
1602.5958862304688 0.9993564637830143 0.00025745122721335345
1602.61669921875 0.9956171292313364 0.00025711131018787015
1602.6375122070312 1.0006590847345713 0.00025691233808427513
1602.6583862304688 1.0012161838895006 0.00025691327870877643
1602.67919921875 1.000037400354368 0.00025610576728015176
1602.7000122070312 1.002196470380901 0.00025518947953455314
1602.7208862304688 0.9969698863776926 0.0002550484852718342
1602.74169921875 1.0000554608980048 0.00025463966156503867
1602.7625732421875 1.0002808479804415 0.00025630489320721187
1602.7833862304688 1.0044204824200775 0.00025680361797232446
1602.8042602539062 1.0022238815436122 0.0002586509754256537
1602.8250732421875 0.999176314420964 0.000259611165353795
1602.8458862304688 0.9902706208032975 0.00026181874192794744
1602.8667602539062 1.005444450642285 0.00026382161465582734
1602.8875732421875 1.0005392035414973 0.00026594352622774534
1602.9083862304688 0.9966793296076553 0.0002682811618339185
1602.9292602539062 1.0034049891231545 0.00027119643994191533
1602.9500732421875 1.0055775702324732 0.0002735508898726981
1602.9708862304688 0.9990343097989125 0.0002766361129403955
1602.9917602539062 0.9923814144636589 0.00027965013323773735
1603.0125732421875 0.9974015033410777 0.00028193273885541526
1603.0333862304688 1.0059846080481865 0.0002852996995966808
1603.0542602539062 0.9967009121705879 0.00028775646442795797
1603.0958862304688 1.009817025553745 0.00028997677025152007
1603.1167602539062 0.9959977425287648 0.0002924351012151227
1603.1375732421875 0.9971713251608747 0.0002947281744849263
1603.1583862304688 0.9980286356840128 0.0002961095378267795
1603.1792602539062 0.9984775215615523 0.00029642035648528886
1603.2000732421875 0.9947195130205437 0.00029744221920194856
1603.2208862304688 1.0060432553751326 0.0002964638636210068
1603.2417602539062 1.0052275510297262 0.0002969844952043862
1603.2625732421875 1.0013416877517687 0.0002969396336625197
1603.2833862304688 0.9998337421110938 0.0002965229831748021
1603.3042602539062 0.9949555304398459 0.00029602710294852685
1603.3250732421875 0.9939133799239382 0.0002967315025201577
1603.3458862304688 1.0019673940232499 0.00029667320275385495
1603.3667602539062 1.0109604422549563 0.00029673080537132636
1603.3875732421875 1.0003980344821506 0.00029525090619488817
1603.4083862304688 0.9862488280518684 0.0002949727583745495
1603.4292602539062 1.0045229360778003 0.0002949335413339807
1603.4500732421875 1.0055241070087753 0.0002944172040143196
1603.4708862304688 1.0033321539059885 0.00029524213395289796
1603.4917602539062 0.9903068371076214 0.0002939161429150175
1603.5125732421875 1.000989912531529 0.0002936032761657752
1603.5333862304688 1.0061484565824181 0.00029336141618807604
1603.5542602539062 0.9940057298950676 0.00029288763552173976
1603.5750732421875 0.9997680160021585 0.0002927255710878112
1603.5958862304688 1.0016683692194224 0.00029106808291979187
1603.6167602539062 1.0036742973860844 0.00029115345350678204
1603.6375732421875 0.9984353728491905 0.000290725507985094
1603.6583862304688 0.9937810566788902 0.0002908599249954642
1603.6792602539062 1.01180190694696 0.0002911804789122088
1603.7000732421875 1.0007992228410465 0.0002916004213485101
1603.7208862304688 0.9882397067459258 0.000291778793736068
1603.7417602539062 0.9971194660919204 0.0002921407002216813
1603.7625732421875 1.0049826548891194 0.00029123925980895993
1603.7833862304688 1.0047597171172684 0.000291636230679093
1603.8042602539062 1.0038473427279144 0.0002915090111646128
1603.8250732421875 0.9916834910991665 0.00029014738846879027
1603.8458862304688 1.0003463180112966 0.00029033291168818883
1603.8667602539062 0.9999100738873044 0.00029056680379132985
1603.8875732421875 0.9996713981328185 0.00029040518170129836
1603.9083862304688 1.0056461897718991 0.0002900766735888368
1603.9292602539062 0.9955959522018412 0.0002892988269308865
1603.9500732421875 1.0026715367838313 0.0002899595726576376
1603.9708862304688 0.9959661436232344 0.0002900330832538332
1603.9917602539062 1.0005434385329763 0.00028963097353875805
1604.0125732421875 1.007328330933325 0.0002905013386107342
1604.0333862304688 0.9928192988235921 0.0002894562384626235
1604.0542602539062 0.9953368050880277 0.00028928478912025363
1604.0750732421875 1.0067606979934776 0.00028957824874060675
1604.0958862304688 0.9975176396234529 0.0002900694330166264
1604.1167602539062 1.011568883392895 0.0002904616140373393
1604.1375732421875 0.9941370212256305 0.00029011714446817153
1604.1583862304688 0.9898143382003352 0.0002902560638345516
1604.1792602539062 1.0021241821419715 0.00029052045828532224
1604.2000732421875 1.0007970850580221 0.0002903076141405844
1604.2208862304688 1.0069898586330437 0.0002898927690845831
1604.2417602539062 0.9999734653403322 0.00028953948363749166
1604.2625732421875 0.9945505155243356 0.00028934360364331384
1604.2833862304688 1.0054366805954527 0.0002905955769773497
1604.3042602539062 0.9975299628953942 0.00028999092286399037
1604.3250732421875 0.9960272400023832 0.00029010576478354094
1604.3458862304688 0.9986911808930102 0.00028919970710430325
1604.3667602539062 0.9995355489291585 0.0002889672138696225
1604.3875732421875 1.01011377065837 0.00028897599156985435
1604.4083862304688 0.9949285664983955 0.0002892597192488195
1604.4292602539062 1.0023429504350803 0.00028959325883868274
1604.4500732421875 0.998299884781928 0.0002905517069538125
1604.4708862304688 1.0064213609842492 0.0002907237299160332
1604.4917602539062 0.9905516648155824 0.000290795839310103
1604.5125732421875 0.9901094500822266 0.0002905517435159806
1604.5333862304688 1.005984189056173 0.0002907620669981542
1604.5542602539062 1.014559655203248 0.0002903964650478257
1604.5750732421875 0.9977828649161526 0.000289848219307161
1604.5958862304688 0.9953125769286837 0.00028894364427410206
1604.6167602539062 0.9964990793541185 0.00028894887457125913
1604.6375732421875 0.9917394556976212 0.00028917009540045625
1604.6583862304688 1.0109915274865549 0.00028885511888750734
1604.6792602539062 1.000436679208724 0.00028791043691599096
1604.7000732421875 1.0013649637661695 0.000288721198832116
1604.7208862304688 1.0019067872841754 0.00028769424244365284
1604.7417602539062 0.9934489637340204 0.000287082547855975
1604.7625732421875 0.9978038236663266 0.0002874993892985971
1604.7833862304688 1.0018098831310545 0.00028773349763349
1604.8042602539062 1.0031827488393328 0.00028742317994148644
1604.8250732421875 1.0032709833927775 0.00028773709870828274
1604.8458862304688 0.997881648490551 0.0002872610098508742
1604.8667602539062 0.9972795422924832 0.0002871566657449998
1604.8875732421875 0.9986647736671642 0.0002870479952297898
1604.9083862304688 0.9960671787033217 0.00028754114899522663
1604.9292602539062 1.0088123572072678 0.0002872420043642418
1604.9500732421875 0.9998716557855499 0.00028722317578173674
1604.9708862304688 1.0008664387097326 0.0002871697830597231
1604.9917602539062 0.9928681865734049 0.00028777297497160773
1605.0125732421875 1.004381503157635 0.0002872457699275955
1605.0333862304688 0.9997335720684054 0.00028813189155161743
1605.0542602539062 1.0000418533324353 0.0002870392084271451
1605.0750732421875 0.9971191784002225 0.00028654524068206865
1605.0958862304688 1.000240854790786 0.0002856544373305666
1605.1167602539062 0.9994314598667839 0.0002854544098043419
1605.1375732421875 1.0044124164505137 0.0002849501792910861
1605.1583862304688 0.9996828452734109 0.00028471905118736816
1605.1792602539062 0.999542800626679 0.0002842501520648692
1605.2000732421875 0.996562626143941 0.0002848581905889176
1605.2208862304688 1.0037494793534152 0.00028432771728130745
1605.2417602539062 1.001445656747372 0.0002848237633192637
1605.2625732421875 0.9992085201871796 0.00028510323408580487
1605.2833862304688 0.9925927506237556 0.0002849159588345428
1605.3042602539062 1.0081248398312597 0.00028467544015695165
1605.3250732421875 0.9943786404363728 0.00028430145238735917
1605.3458862304688 1.0029137998117847 0.0002843193173680159
1605.3667602539062 0.9975181761917707 0.000283731801617792
1605.3875732421875 1.0029855455360412 0.000283612872445991
1605.4083862304688 1.0034428859047007 0.000283738014205892
1605.4292602539062 0.9943833814410521 0.00028397400801151305
1605.4500732421875 1.005258117269464 0.00028418865575281945
1605.4708862304688 0.9920753674377748 0.0002836352789764767
1605.4917602539062 1.0029448455762675 0.00028469216489919
1605.5126342773438 1.0008035884667719 0.00028502680373771377
1605.533447265625 1.0047046561254873 0.0002848394270002452
1605.5542602539062 1.0032076692417728 0.00028503121513507684
1605.5751342773438 0.9837997646104475 0.000285090463203254
1605.595947265625 1.0089615957084492 0.00028549994997193503
1605.6167602539062 0.999821602075452 0.0002850745674733388
1605.6376342773438 1.0028824218910146 0.00028442707493658284
1605.658447265625 0.9934928058626692 0.0002833343111539883
1605.6792602539062 0.9983132874711831 0.00028322355332843644
1605.7001342773438 1.0081498116237861 0.00028353898035228563
1605.720947265625 1.0044884968663734 0.0002830195922800927
1605.7417602539062 0.9939806466896145 0.00028296099478094085
1605.7626342773438 0.992482769812781 0.00028222255830103707
1605.783447265625 1.0011570636946363 0.000282860557767424
1605.8042602539062 1.008372980424031 0.0002830557301540732
1605.8251342773438 1.0032564159837842 0.00028285887757269315
1605.845947265625 0.9938246089676586 0.00028264645237425286
1605.8667602539062 0.9978945758326474 0.00028257598380984156
1605.8876342773438 0.9949424226101682 0.00028309241345653136
1605.908447265625 1.0038234443404042 0.0002831859535750796
1605.9292602539062 1.0003782147340825 0.000283476196987733
1605.9501342773438 1.0008048164957901 0.0002836160783099761
1605.970947265625 1.0127291834326837 0.00028302469867330117
1605.9917602539062 1.033340680652795 0.0002823758291443163
1606.0126342773438 1.0277632990293775 0.00028254048745937453
1606.033447265625 1.038093367789456 0.00028220551514463577
1606.0542602539062 1.0390337016483484 0.00028162004488423126
1606.0751342773438 1.0340323522402857 0.0002813281005820953
1606.095947265625 1.0361785358539586 0.0002815771270113803
1606.1167602539062 1.0275121877673137 0.0002813588099459266
1606.1376342773438 1.0329248594821612 0.00028048015469728504
1606.158447265625 1.019517072877493 0.00028010943762465793
1606.1792602539062 0.997875089791975 0.0002802023441220189
1606.220947265625 1.0039967684554714 0.0002803278545240143
1606.2417602539062 1.0015083201199813 0.00027992643168069575
1606.2626342773438 0.9975431192114218 0.00027878629209797097
1606.283447265625 1.0022168204879673 0.0002780698361198991
1606.3042602539062 0.9898561776129663 0.00027763759462874496
1606.3251342773438 1.0010308772878478 0.0002772635561794975
1606.345947265625 1.0068446276070269 0.0002768870457122983
1606.3667602539062 1.001843365475906 0.0002765484880738962
1606.3876342773438 1.0001866949754972 0.0002774250742118866
1606.408447265625 0.9992884582473552 0.00027635734925291497
1606.4292602539062 0.9949596577210637 0.00027573772908232757
1606.4501342773438 0.9962791738295298 0.0002753736797441045
1606.470947265625 0.9999702528083513 0.0002747710477223609
1606.4917602539062 1.0053208468924641 0.00027478503343957375
1606.5126342773438 1.0080709244971258 0.00027428572672605225
1606.533447265625 0.998355372166841 0.00027471580519696686
1606.5542602539062 0.99434004803885 0.0002748810733067803
1606.5751342773438 0.9988803595201797 0.0002756270122281148
1606.595947265625 1.0012763546238845 0.00027567106002757965
1606.6167602539062 0.9919754057155942 0.0002746576984508416
1606.6376342773438 1.0061354788974965 0.0002737173685463054
1606.658447265625 0.9983483995102227 0.0002724733936451349
1606.6792602539062 1.0035414116910812 0.000272189898991956
1606.7001342773438 1.0048501623473571 0.0002723318238518138
1606.720947265625 0.9988323260054922 0.0002726188554356101
1606.7417602539062 0.9970347058150771 0.000272542865548253
1606.7626342773438 0.993454925939541 0.0002734985265204781
1606.783447265625 1.0040696904310393 0.0002739968115077224
1606.8042602539062 1.0052565353009058 0.0002738895740767935
1606.8251342773438 0.9969485138151482 0.0002735131429930406
1606.845947265625 0.9967570532071904 0.00027381987072870275
1606.8667602539062 1.0042742556159074 0.0002732151018941849
1606.8876342773438 0.99276796324886 0.0002729863825124472
1606.908447265625 1.0077640425532013 0.0002724831994180597
1606.9292602539062 0.9953896291987594 0.00027246564225109703
1606.9501342773438 1.0052590407670152 0.00027168015635212753
1606.970947265625 0.9958031080329628 0.0002714987408434335
1606.9917602539062 0.999689292521709 0.0002710866751191173
1607.0126342773438 1.0042880415212134 0.00027205802148504247
1607.033447265625 0.9969337306857795 0.0002712171874576449
1607.0542602539062 1.0007412809661933 0.0002715546074114389
1607.0751342773438 0.9973113732507153 0.00027076915444345235
1607.095947265625 0.9954815078129164 0.0002705385831941629
1607.1167602539062 1.0126930237979266 0.000270048961540362
1607.1376342773438 0.9956591312998457 0.00027012298432772645
1607.158447265625 0.996284502211927 0.00027020559259289146
1607.1792602539062 1.003369415618866 0.00027047557477535286
1607.2001342773438 0.9979885300461152 0.0002710754627645173
1607.220947265625 1.0010763818053532 0.0002710594073671069
1607.2417602539062 0.9996913896338656 0.0002709247467811966
1607.2626342773438 1.000462396794659 0.0002714581734586981
1607.283447265625 0.9987976297665755 0.0002724097974902384
1607.3042602539062 0.9986029951192272 0.000271047938976128
1607.3251342773438 1.0027113249510768 0.00027076754461266816
1607.345947265625 0.997680476317282 0.00027135568777881907
1607.3667602539062 1.0030857442118957 0.000271649206308651
1607.3876342773438 1.0023427329556405 0.000271177644125022
1607.408447265625 0.9975585048861414 0.0002718457538646555
1607.4292602539062 0.9948670835089843 0.0002716258817615834
1607.4501342773438 1.0010241713119128 0.000271053684538146
1607.470947265625 1.004547337185613 0.000271158516387527
1607.4917602539062 0.9962539514027011 0.0002704897675019005
1607.5126342773438 1.0026663326537966 0.00027035801894716247
1607.533447265625 1.0004969745202141 0.0002703752838353686
1607.5542602539062 1.0026921442375136 0.0002700709182637212
1607.5751342773438 0.9964744875089779 0.00026989607517552167
1607.595947265625 0.9925299146615895 0.00026925028404584935
1607.6167602539062 1.0054635122399203 0.00026924064695965487
1607.6376342773438 1.0009460864715036 0.0002683817329319709
1607.658447265625 1.003546593811569 0.0002686584242924348
1607.6792602539062 0.9997235585092947 0.000268346008051229
1607.7001342773438 0.9963335334216814 0.00026836324555196844
1607.720947265625 1.0045541540200889 0.0002689362202076852
1607.7417602539062 0.9970580600937329 0.00026929021227347955
1607.7626342773438 0.9980580061884295 0.00026881056560604266
1607.783447265625 0.9983902820991996 0.0002686122114371538
1607.8042602539062 0.9982885255378502 0.00026829726259800744
1607.8251342773438 1.0067065904849426 0.0002678037972766301
1607.845947265625 0.9990071987876359 0.0002672407569310225
1607.8667602539062 1.0013808975808252 0.0002673566110100294
1607.8876342773438 0.9974521157241569 0.0002678985234111761
1607.908447265625 1.0011539535791771 0.0002681744667704429
1607.9292602539062 1.0058012492300286 0.00026863430264780565
1607.9501342773438 0.9903076570173018 0.0002679568397716952
1607.970947265625 0.9941431098833716 0.000267392445750157
1607.9917602539062 1.00386423702424 0.0002669880432325566
1608.0126342773438 1.0082375491995734 0.00026665462620254957
1608.033447265625 1.0032183583476517 0.00026610597502898923
1608.0542602539062 0.9982920228970507 0.000265968706128897
1608.0751342773438 0.9924365808033211 0.0002656661148404331
1608.095947265625 0.9983797883915397 0.0002656907377004733
1608.1167602539062 1.0011505481303342 0.00026528653731056463
1608.1376342773438 1.0014527965208897 0.00026456748480511804
1608.158447265625 1.0052480778029222 0.0002639297323135316
1608.1792602539062 0.9991909234692317 0.0002636272320808898
1608.2001342773438 0.9959846442108286 0.0002638956844036687
1608.220947265625 1.003912140487902 0.0002639187818048969
1608.2417602539062 0.996477303665212 0.00026416695175813994
1608.2626342773438 0.9980979554176996 0.0002635006705083427
1608.283447265625 1.0001929334722535 0.00026331631945374247
1608.3042602539062 1.0018718937429616 0.00026299185289511897
1608.3251342773438 1.0084605447017587 0.0002631525178253378
1608.345947265625 0.9921812505246929 0.00026315193396948307
1608.3667602539062 0.9962751774470604 0.0002626171010340075
1608.3876342773438 1.0066735531749371 0.0002629880871586865
1608.408447265625 0.9937020371220217 0.00026285423529314524
1608.4292602539062 1.0010159697277492 0.00026248687923669585
1608.4501342773438 1.0065121870349512 0.00026150599242591856
1608.470947265625 0.9932801208894727 0.0002616190553737082
1608.4917602539062 1.0028033905856863 0.0002614865909892884
1608.5126342773438 0.9989795920094484 0.00026106728696010913
1608.533447265625 1.0064439585229823 0.00026114706998585753
1608.5542602539062 0.9954400287706515 0.0002612137284953914
1608.5751342773438 0.9955228378494265 0.0002607463500326872
1608.595947265625 1.0001886251676932 0.00026066336470433765
1608.6167602539062 1.0055266992757017 0.0002602578999291392
1608.6376342773438 0.9966662514404133 0.00025971931097510607
1608.658447265625 1.0006412887760208 0.00025874298459889093
1608.6793212890625 1.0004323451811945 0.00025942847148401933
1608.7001342773438 0.999221564794226 0.0002586965805388296
1608.7210083007812 1.0046304259419376 0.00025844436977068785
1608.7418212890625 0.9970287320988347 0.00025813315630445025
1608.7626342773438 0.9932395055044583 0.000258362173387574
1608.7835083007812 1.0080108442052458 0.00025784053525924883
1608.8043212890625 0.998999382869864 0.00025793640883090175
1608.8251342773438 1.0022829014423684 0.0002572074262252767
1608.8460083007812 0.9929244376924421 0.0002566257584123175
1608.8668212890625 1.0011951548004252 0.0002562682828115092
1608.8876342773438 1.0030439940481033 0.00025665233181759533
1608.9085083007812 0.9992724141609222 0.00025526898926857993
1608.9293212890625 1.003076305055335 0.00025537374055823185
1608.9501342773438 0.9952078844183796 0.0002552014224765527
1608.9710083007812 1.004703823391306 0.0002547767092427831
1608.9918212890625 0.995997606760531 0.00025391928092703393
1609.0126342773438 0.9988203435433856 0.00025361237628643545
1609.0335083007812 0.9995655997604077 0.0002529602751585698
1609.0543212890625 1.0037015427651954 0.000252230360163389
1609.0751342773438 0.9981998886186008 0.0002527997056540369
1609.0960083007812 1.0044489599279767 0.00025231089873896503
1609.1168212890625 0.9990826528829687 0.0002525215776026816
1609.1376342773438 0.9969106567837016 0.00025263312286493285
1609.1585083007812 0.999913597317404 0.00025309715775743443
1609.1793212890625 1.0008796736664491 0.00025297891519997077
1609.2001342773438 1.0008876381711116 0.0002523310260206831
1609.2210083007812 0.9944895325552355 0.00025160543009267796
1609.2418212890625 1.0015871945663342 0.00025081812882548347
1609.2626342773438 1.0020864132525362 0.00024993930956118335
1609.2835083007812 1.0016614219958329 0.0002494006782246674
1609.3043212890625 1.0019172256143345 0.0002490927123728035
1609.3251342773438 0.9983591613578174 0.00024878168581788816
1609.3460083007812 0.997762393933519 0.00024871264344316247
1609.3668212890625 1.0011236477186845 0.00024839777868845104
1609.3876342773438 0.9983521675525932 0.0002478386439858754
1609.4085083007812 1.0019301491825023 0.00024799616893579136
1609.4293212890625 0.9993030378809997 0.0002476344811819758
1609.4501342773438 1.0019835442529488 0.0002468734452708387
1609.4710083007812 0.9977976937272236 0.00024551032171712397
1609.4918212890625 0.9943766337904383 0.0002447773028207405
1609.5126342773438 1.0054139519285825 0.00024374778429279612
1609.5335083007812 0.9998131085697778 0.00024365950368489237
1609.5543212890625 1.0040904806055764 0.00024345936563390059
1609.5751342773438 1.0048735706026661 0.00024230065494607598
1609.5960083007812 0.9885663358872671 0.00024198664523700193
1609.6168212890625 0.9975194729004531 0.00024177723997602694
1609.6376342773438 0.9950138025808354 0.000241505348956014
1609.6585083007812 1.0112681010480014 0.00024127209348941893
1609.6793212890625 0.9972864103187857 0.0002414055120288673
1610.8043212890625 0.9120844449197104 0.00011177709885737043
1610.8251342773438 0.8345627965334891 0.00011600115913562964
1610.8460083007812 0.7804670028924743 0.00011981376740318443
1610.8668212890625 0.7446612731131129 0.0001231366981204147
1610.8876342773438 0.7272520519637691 0.0001261375146132336
1610.9085083007812 0.7168998294603357 0.00012874667377106965
1610.9293212890625 0.706813065067328 0.00013101640573217577
1610.9501342773438 0.7193509985651529 0.000133199295258496
1610.9710083007812 0.7366509067870497 0.000135366881621227
1610.9918212890625 0.7565726755898171 0.00013783948444657967
1611.0126342773438 0.791931388852479 0.00014060330239447081
1611.0335083007812 0.8362171316773637 0.0001433350400344298
1611.0543212890625 0.8893267814465602 0.00014550976095579557
1611.0751342773438 0.9230775509994472 0.00014700610747777162
1611.0960083007812 0.9557346398157819 0.00014792136598781842
1611.1168212890625 0.9835078585448858 0.00014837848388095124
1611.1376342773438 1.0 0.0001484636919326572
1611.1585083007812 1.0120754609322016 0.00014908008394402792
1611.1793212890625 1.0284549141740804 0.00014924617890767572
1611.2001342773438 1.0422896051090136 0.0001494403743115034
1611.2210083007812 1.0446402109362354 0.00014938789233547663
1611.2418212890625 1.03473129947158 0.00014866340533154981
1611.2626342773438 1.0204007485946955 0.00014766135930078495
1611.2835083007812 0.9987412317277832 0.00014659888651662759
1611.3043212890625 0.9940947885737285 0.0001457011009909637
1611.3251342773438 0.9966971323646491 0.0001477357405036456
1611.3460083007812 1.0081803296549088 0.00015009360076238625
1611.3668212890625 1.009710741556528 0.00015213236905747585
1611.3876342773438 1.0075345929938433 0.00015332691208042496
1611.4085083007812 0.9950026703451346 0.0001549189378606736
1611.4293212890625 0.9879347139533025 0.00015681152620269473
1611.4501342773438 1.001079616097862 0.00015890305978068957
1611.4710083007812 1.0035162711105128 0.00016100648363652045
1611.4918212890625 1.0040155776528061 0.00016315948075396156
1611.5126342773438 0.9993755766351424 0.00016525690978610536
1611.5335083007812 1.0053302971255655 0.00016960595300265306
1611.5543212890625 1.0102157962323284 0.00017272030944784646
1611.5751342773438 1.0007828066513091 0.00017565148838328689
1611.5960083007812 0.9970256802909981 0.00018007099518006293
1611.6168212890625 1.001715933691516 0.00018507633578022356
1611.6376342773438 1.0015835915434559 0.0001903352122068666
1611.6585083007812 1.0096136052704483 0.00019542991116407396
1611.6793212890625 0.9877438228867712 0.00019685584691933415
1611.7001342773438 0.9910680269218961 0.00019865859154982577
1611.7210083007812 0.9899063817335406 0.00020094469377132166
1611.7418212890625 1.0011020165656885 0.00020392471789564687
1611.7626342773438 1.0081026007146756 0.0002059481573536983
1611.7835083007812 0.9957994055270366 0.0002071987855048594
1611.8043212890625 1.0053882201767816 0.00020706885406372684
1611.8251342773438 1.0030516378923113 0.0002070780662889643
1611.8460083007812 0.9998709524161361 0.00020724477531413967
1611.8668212890625 0.9941160032635272 0.0002068804244054963
1611.8876342773438 1.0037863122239856 0.00020601203382377735
1611.9085083007812 1.0078010486585385 0.00020503031645687398
1611.9293212890625 0.993071010608098 0.00020252920685510782
1611.9501342773438 0.9955107965917162 0.00019942665883802184
1611.9710083007812 0.9997759256954852 0.00019554155606249385
1611.9918212890625 0.9988381478376238 0.00019113044501399256
1612.0126342773438 1.0070705816960666 0.00018637132281302545
1612.0335083007812 0.9948542831127225 0.00018155119957191898
1612.0543212890625 1.001152323643593 0.00017652309568980557
1612.0751342773438 1.0044355859484324 0.00017198945026739127
1612.0960083007812 0.9967086911663094 0.0001676150571660098
1612.1168212890625 0.9998180721782751 0.00016331581803166097
1612.1376342773438 1.0012638273384096 0.00015916864534568464
1612.1585083007812 0.9977207076539006 0.00015514833488341814
1612.1793212890625 1.0027920051049581 0.00015113588593881116
1612.2001342773438 1.0011368412621469 0.0001468963417944156
1612.2210083007812 0.9987875277607152 0.00014275131082637128
1612.2418212890625 0.9996625725148337 0.0001381017061143503
1612.2626342773438 0.9923544886137337 0.0001336633884509929
1612.2835083007812 1.006951602687673 0.0001294227339792558
1612.3043212890625 1.0001919009841749 0.0001249492554214989
1612.3251342773438 1.0012731963623407 0.00012033849263372258
1612.3460083007812 0.9935022117236711 0.00011606770760050381
1612.3668212890625 1.001128580144246 0.00011382108161268772
1612.3876342773438 0.996498031488691 0.0001116115475884629
1612.4085083007812 1.017560813873308 0.00010941370611969833
1612.4293212890625 1.00890913230391 0.00010758270520368949
1612.4501342773438 1.0092751145235115 0.00010596217203841852
1612.4710083007812 1.0013071400581082 0.00010435709250221474
1612.4918212890625 0.9950789885829256 0.00010312452315342814
1612.5126342773438 0.9949411606193724 0.00010251531094483763
1612.5335083007812 1.0009199503312074 0.0001019925014190317
1612.5543212890625 0.9987846899947818 0.00010143168103343715
1612.5751342773438 1.003569645732454 0.00010087731869585834
1612.5960083007812 0.9999330730437255 0.00010039259920188911
1612.6168212890625 0.9987387787611861 0.0001000603654988906
1612.6376342773438 1.000942554324106 9.949956522860242e-05
1612.6585083007812 0.9990955302109046 9.904770885255553e-05
1612.6793212890625 0.9967449217960643 9.860515458182776e-05
1612.7001342773438 1.001996547888045 9.802520804270307e-05
1612.7210083007812 1.0042754965854015 9.753295167909263e-05
1612.7418212890625 0.9935692920898945 9.694212593648277e-05
1612.7626342773438 1.0030396579551908 9.653743034561632e-05
1612.7835083007812 0.9997910606980175 9.61639511955456e-05
1612.8043212890625 1.0045652511016303 9.572600531496331e-05
1612.8251342773438 0.9951982716858931 9.535193506420672e-05
1612.8460083007812 0.9978952412941009 9.500406373637478e-05
1612.8668212890625 1.0004299605166556 9.470922674588614e-05
1612.8876342773438 1.0044512047763812 9.42663109778965e-05
1612.9085083007812 0.9971333554422075 9.372869781772279e-05
1612.9293212890625 0.9994853238402766 9.331318639991028e-05
1612.9501342773438 1.0029666779858182 9.285055768167472e-05
1612.9710083007812 0.9959496341281714 9.259934091592018e-05
1612.9918212890625 1.002374797856368 9.236457527290863e-05
1613.0126342773438 0.9997912834435412 9.204093832672581e-05
1613.0335083007812 1.002588869597017 9.189971569447536e-05
1613.0543212890625 0.9971044157112867 9.172210033661219e-05
1613.0751342773438 0.9986793021580292 9.163463380816593e-05
1613.0960083007812 1.0013778318079174 9.163349006770501e-05
1613.1168212890625 1.001988766772944 9.178747968387726e-05
1613.1376342773438 0.9972041269721508 9.167179831994055e-05
1613.1585083007812 1.002557111799592 9.17963504158754e-05
1613.1793823242188 0.9976694719201555 9.197410265816429e-05
1613.2001953125 1.0001134820468587 9.2173040245536e-05
1613.2210083007812 1.0001091938744122 9.23394877492378e-05
1613.2418823242188 0.9982771862776108 9.234796320096682e-05
1613.2626953125 1.0037331180971882 9.263163803379949e-05
1613.2835083007812 0.99960991103377 9.282295639306529e-05
1613.3043823242188 0.9974937216514226 9.303855042155385e-05
1613.3251953125 1.0009490407335788 9.343750494593804e-05
1613.3460083007812 1.0011164174464955 9.384954258229568e-05
1613.3668823242188 1.0029547020665903 9.443568923978062e-05
1613.3876953125 0.9962326843738447 9.501784260643396e-05
1613.4085083007812 1.0031588903034794 9.566821848466935e-05
1613.4293823242188 0.9974497007478713 9.645335110185533e-05
1613.4501953125 1.0014021568526166 9.700776591421905e-05
1613.4710083007812 0.995418791018316 9.762938377268488e-05
1613.4918823242188 1.0034231395266533 9.799790352514637e-05
1613.5126953125 0.9981400879163947 9.844211845469709e-05
1613.5335083007812 1.0001851359375535 9.861815075251595e-05
1613.5543823242188 0.9990973047320729 9.86574808794647e-05
1613.5751953125 1.0004999056910253 9.872791006344114e-05
1613.5960083007812 1.0005418181087695 9.881016295808187e-05
1613.6168823242188 1.0003514587208775 9.900576042575088e-05
1613.6376953125 1.0010969007294945 9.915607233342341e-05
1613.6585083007812 1.0028363895605672 9.944449194335608e-05
1613.6793823242188 0.9972147829518961 9.984858416078186e-05
1613.7001953125 0.9983795174857384 0.00010005739246249758
1613.7210083007812 1.0011344435841791 0.00010037688883940158
1613.7418823242188 1.000248756175858 0.00010066771611400786
1613.7626953125 0.999331561425577 0.00010098525536935496
1613.7835083007812 0.9995241019392607 0.00010114637126700883
1613.8043823242188 1.0015494236247575 0.00010110241068227167
1613.8251953125 0.9960053347274815 0.00010122915385751754
1613.8460083007812 0.9980509307112599 0.00010124334830945584
1613.8668823242188 1.0032638362906654 0.00010151040650357425
1613.8876953125 1.0023894814604353 0.00010224734393008854
1613.9085083007812 1.00623992802477 0.00010269965982735637
1613.9293823242188 1.0141794724083748 0.00010290242887201503
1613.9710083007812 0.9976643971474508 0.00010335840215572042
1613.9918823242188 0.9985430162737821 0.00010433771731411837
1614.0126953125 0.9940590147394596 0.00010512720004555775
1614.0335083007812 1.0007485305068522 0.0001058687692680612
1614.0543823242188 0.9990430378162326 0.00010660235244777017
1614.0751953125 1.000441336651416 0.0001074210480532477
1614.0960083007812 1.0002307452976287 0.00010795006773681129
1614.1168823242188 1.000859611500372 0.00010832221080478033
1614.1376953125 1.0041709828980434 0.00010838429264766691
1614.1585083007812 1.0033983390166512 0.00010850325418448943
1614.1793823242188 0.9990007235481757 0.0001087060914201023
1614.2001953125 1.0201768313090915 0.00010889020334893278
1614.2210083007812 1.035743625192044 0.00010912249024936304
1614.2418823242188 1.0372905144153348 0.00010920283182893024
1614.2626953125 1.02470779705829 0.00010949276017417189
1614.2835083007812 1.0257138483891686 0.0001096868540964398
1614.3043823242188 1.0159028177982097 0.00010987229770481148
1614.3251953125 0.9993695860694369 0.00010992567880935085
1614.3460083007812 0.9986792719308428 0.00011202660229440703
1614.3668823242188 1.0052865760410201 0.00011391711446250253
1614.3876953125 0.9978384615587883 0.00011553532536884715
1614.4085083007812 1.0021015733242686 0.00011697992542300002
1614.4293823242188 0.992472346250746 0.00011842366149530318
1614.4501953125 1.0023255468238994 0.00011979623675089126
1614.4710083007812 1.000331364886249 0.00012074787789553665
1614.4918823242188 1.00501893633917 0.00012181409409531187
1614.5126953125 0.9969246934580933 0.0001226036719739946
1614.5335083007812 0.9970859008466892 0.00012271027468867867
1614.5543823242188 1.0005370748519773 0.00012292893951048627
1614.5751953125 0.9975907376987546 0.00012315645465759204
1614.5960083007812 1.0024059537601495 0.00012319367170531549
1614.6168823242188 1.0011750698675812 0.00012312416784946754
1614.6376953125 1.0015134410388602 0.00012346835488250414
1614.6585083007812 1.0010299554747026 0.0001239112143682837
1614.6793823242188 1.0015245299996636 0.00012441777476018581
1614.7001953125 0.9975000520118916 0.00012519114479024788
1614.7210083007812 0.9987232341672952 0.0001258615093163163
1614.7418823242188 1.0010638891441557 0.00012636735971301806
1614.7626953125 0.9997460042311552 0.0001270056365326267
1614.7835083007812 0.9996592174582948 0.00012709579004063076
1614.8043823242188 0.9993671365839703 0.00012726681942004637
1614.8251953125 0.9989175851756031 0.0001273143321942466
1614.8460083007812 0.9992657938928774 0.00012753739860111224
1614.8668823242188 1.0000468778027138 0.00012716030328300876
1614.8876953125 1.0022507734737878 0.00012727222707794333
1614.9085083007812 1.0009810740587097 0.00012753900734357077
1614.9293823242188 1.000144768092369 0.00012755803750653792
1614.9501953125 0.998556054812461 0.00012780329114911326
1614.9710083007812 1.0007627673722617 0.00012812742690719193
1614.9918823242188 1.0003486215209 0.00012906362472947636
1615.0126953125 0.9990463578108955 0.00012928925248452947
1615.0335083007812 1.0007134177660182 0.00013028316964302936
1615.0543823242188 1.0001888179803649 0.0001311612860643326
1615.0751953125 1.0000216516165035 0.000131252051417883
1615.0960083007812 0.998428888100286 0.00013194495630006908
1615.1168823242188 1.0030441956027263 0.00013263974868418134
1615.1376953125 0.9977273269083468 0.00013324626806108866
1615.1585083007812 0.9977628472165768 0.00013377577218786187
1615.1793823242188 0.9995929338664551 0.0001342529754419845
1615.2001953125 1.0005874545464646 0.00013466545097393833
1615.2210083007812 1.0016769230551528 0.00013560534806061496
1615.2418823242188 1.0026742766667318 0.00013615784530382745
1615.2626953125 0.9989290873279755 0.00013701465416794388
1615.2835083007812 0.996880120388366 0.00013837453455743998
1615.3043823242188 1.0041900045389944 0.0001402423932633955
1615.3251953125 0.9994609290437791 0.00014138347911936056
1615.3460083007812 1.000485660231474 0.00014343522767201283
1615.3668823242188 0.9987347216663659 0.000145015844932653
1615.3876953125 1.0009395858147367 0.00014685377564877623
1615.4085083007812 0.9983582224086727 0.00014851889562483115
1615.4293823242188 0.9989620102871232 0.000149676874576425
1615.4501953125 0.9981246278569529 0.0001510129088710881
1615.4710083007812 1.0028258366300886 0.00015212675323216437
1615.4918823242188 1.0013530650125695 0.0001530600873097874
1615.5126953125 0.9986197210494732 0.0001535478814788922
1615.5335083007812 0.9958429808168847 0.0001542491503256112
1615.5543823242188 1.0038485505904506 0.00015479579136472809
1615.5751953125 1.0015856276924826 0.00015518811353427275
1615.5960083007812 0.9971268117908811 0.0001555604612597227
1615.6168823242188 0.9987623296499729 0.00015600953309743585
1615.6376953125 1.0010464815844462 0.00015647661607413557
1615.6585083007812 1.0034616908493796 0.00015753376277062163
1615.6793823242188 0.998754234461731 0.00015842486789431569
1615.7001953125 1.0023643983809993 0.0001592389600154758
1615.7210083007812 1.0000365052584403 0.00016074349675807866
1615.7418823242188 0.999535967529819 0.0001616976278771992
1615.7626953125 0.9969921248367347 0.00016253285593431942
1615.7835083007812 0.9979523474642257 0.00016311370751990713
1615.8043823242188 1.0019750278104318 0.00016357231433321436
1615.8251953125 0.99841136525382 0.00016365929555091805
1615.8460083007812 1.0001838332996298 0.00016369797646990241
1615.8668823242188 1.0010883989379122 0.0001638580563350769
1615.8876953125 1.0021995685219436 0.00016360491241265132
1615.9085083007812 0.9966743545911412 0.0001639427123896369
1615.9293823242188 1.0009668128414342 0.00016397551580374096
1615.9501953125 1.0004386661994482 0.00016444137901289822
1615.9710083007812 1.0024612133674413 0.00016488146826138794
1615.9918823242188 0.9984293646855957 0.0001656341380022407
1616.0126953125 1.000803941521769 0.000166524110947358
1616.0335083007812 0.9983740472429006 0.0001677829842784276
1616.0543823242188 1.0036400711600182 0.00016880816025847302
1616.0751953125 0.9956943017778825 0.00017037173866311483
1616.0960083007812 0.9995501813106986 0.0001709438119541268
1616.1168823242188 1.0024592082797146 0.0001723359020519353
1616.1376953125 0.9990304371296308 0.00017322244324831457
1616.1585083007812 1.0017626871214325 0.00017477936560154244
1616.1793823242188 0.9975908924952467 0.00017554929235129386
1616.2001953125 0.9990466742611605 0.0001766736058788579
1616.2210083007812 1.0001269127385348 0.00017749504317414105
1616.2418823242188 1.0027184542539722 0.00017870611233368429
1616.2626953125 1.0000315936756958 0.00017980093385753924
1616.2835083007812 0.997185917251762 0.00018121917739345668
1616.3043823242188 1.0004617016879636 0.0001826204163343813
1616.3251953125 1.0023494532141053 0.000184356670794718
1616.3460083007812 1.0018674362677429 0.000185935059354494
1616.3668823242188 0.9999688337097501 0.00018751109003380071
1616.3876953125 0.9973872328358071 0.00018919515885452355
1616.4085083007812 0.9955435682951133 0.00019130945250611943
1616.4293823242188 1.006676855492721 0.00019265938445857348
1616.4501953125 0.9980412561877982 0.0001939504488006996
1616.4710083007812 0.9967506476528273 0.00019465474514925618
1616.4918823242188 1.0033643753767467 0.0001951715580472363
1616.5126953125 0.9967276207657432 0.00019617316311625714
1616.5335083007812 1.0029306787222856 0.00019657903056846413
1616.5543823242188 0.996880569079458 0.00019742618303852084
1616.5751953125 1.0062492276382469 0.00019770616703353134
1616.5960083007812 0.999570145541846 0.0001979328003707876
1616.6168823242188 0.9933587475861708 0.00019802315451947808
1616.6376953125 0.998408089652246 0.00019919535799583935
1616.6585083007812 1.0033875077262664 0.00019903193817896156
1616.6793823242188 1.0049441000025239 0.0002002812675392624
1616.7001953125 1.0013768603072402 0.00020048179376099375
1616.7210083007812 0.9944738751201936 0.00020116946564665856
1616.7418823242188 1.0010091998161688 0.00020259816581976437
1616.7626953125 0.9995085705862821 0.0002028813885636433
1616.7835083007812 1.0012556256004328 0.00020397109924300238
1616.8043823242188 0.9998547647543307 0.00020471515198927434
1616.8251953125 1.0004375083629453 0.00020493671216400704
1616.8460083007812 0.9987384925570358 0.00020541102665590547
1616.8668823242188 0.995429925354987 0.00020495706324066403
1616.8876953125 1.0013149137980202 0.00020536841501575716
1616.9085083007812 1.004270663273927 0.0002053618329009692
1616.9293823242188 1.0002158475263312 0.00020521622831778282
1616.9501953125 1.0014300559033604 0.00020538002726462425
1616.9710083007812 0.9937613258743693 0.00020616848820684218
1616.9918823242188 1.0032133126228617 0.0002068425403837926
1617.0126953125 1.002339682530309 0.00020784792307396407
1617.0335083007812 1.000865028305209 0.0002090960518651314
1617.0543823242188 0.9970643335902208 0.00020990451214806857
1617.0960083007812 0.9994816185698764 0.00021128145837208593
1617.1168823242188 1.0034717272098435 0.00021245895704049834
1617.1376953125 0.9988745330966127 0.00021367397858150584
1617.1585083007812 0.9937673074741143 0.00021410780243135902
1617.1793823242188 1.0028549446599673 0.00021481357317406792
1617.2001953125 1.0022596605687237 0.00021601081138166128
1617.2210083007812 0.9989694109401569 0.0002166396620542883
1617.2418823242188 1.0013691822665396 0.00021743408283380296
1617.2626953125 0.9984327903149428 0.00021837082504663663
1617.2835083007812 1.0006493766573654 0.00021930075817848263
1617.3043823242188 0.9996395553359236 0.00022075892324718678
1617.3251953125 1.0006185282019433 0.00022220777149543731
1617.3460083007812 1.001290395097364 0.00022380654657793727
1617.3668823242188 0.9992276962380661 0.00022551151659768435
1617.3876953125 1.0014004134517882 0.000227400140917408
1617.4085083007812 0.9966253117748609 0.0002287691828605734
1617.4293823242188 1.002082811098517 0.00023098898560601703
1617.4501953125 0.9973625482840184 0.00023190295525672518
1617.4710083007812 1.0034366803497403 0.00023342050216531164
1617.4918823242188 0.9976307626706198 0.00023508146756950622
1617.5126953125 1.001555451186666 0.0002361389269905937
1617.5335083007812 1.0019412008246698 0.00023690979109759058
1617.5543823242188 0.9953231939815236 0.00023790226196359075
1617.5752563476562 0.9978481406655132 0.00023866545079467182
1617.5960693359375 1.0022448991546131 0.00023923188158380098
1617.6168823242188 1.0059754570677242 0.0002399438738696766
1617.6377563476562 0.9956486167311285 0.000240022357661294
1617.6585693359375 1.0028714661388314 0.00024045229618377883
1617.6793823242188 0.9943567803332569 0.0002406547215046748
1617.7002563476562 1.0004665994327433 0.00024139082875519353
1617.7210693359375 1.0056315501307185 0.0002412622027124308
1617.7418823242188 0.9953017167418823 0.00024065533927467044
1617.7627563476562 0.9998074825295219 0.0002409112723384445
1617.7835693359375 1.000838979701831 0.00024080150120719309
1617.8043823242188 1.0025714707302342 0.00024115629284920666
1617.8252563476562 1.0027922330182828 0.00024133513826176867
1617.8460693359375 0.9938035689173581 0.00024160618855795964
1617.8668823242188 0.9996766977108574 0.00024101508438202626
1617.8877563476562 1.004870600545959 0.00024107483827438136
1617.9085693359375 0.9924730924038371 0.00024095733498776095
1617.9293823242188 1.004356238673319 0.00024043408569642888
1617.9502563476562 1.0019781754705 0.00024014410451067358
1617.9710693359375 0.9975949597512535 0.00023996325216198532
1617.9918823242188 1.000407826169621 0.00024008052794488442
1618.0127563476562 1.0015771755599554 0.00024049115427749034
1618.0335693359375 0.9989116721895552 0.00024052675073067697
1618.0543823242188 1.0029629710636865 0.00024065028420370015
1618.0752563476562 0.9950999860242677 0.00024052034246161688
1618.0960693359375 1.000905478741339 0.00024128015913243403
1618.1168823242188 1.0004535917094215 0.00024141150444212617
1618.1377563476562 1.0006182496950782 0.00024128720084738042
1618.1585693359375 1.0031533146327545 0.00024162735805656656
1618.1793823242188 0.9923242608175153 0.00024128763160949742
1618.2002563476562 1.0038480213555492 0.00024097001010382028
1618.2210693359375 1.018221271815416 0.00024099429670489887
1618.2418823242188 1.0196715179499072 0.00024101446059157354
1618.2627563476562 1.0241147249702804 0.00024104008581303814
1618.2835693359375 1.019094806057381 0.00024042865599658878
1618.3043823242188 1.0253199985974097 0.0002403288148115711
1618.3252563476562 1.020675210166628 0.00024031714855171513
1618.3460693359375 1.0109987518086756 0.00024027606034118774
1618.3668823242188 1.0191056502907831 0.00024007145489064296
1618.3877563476562 1.0164763919019422 0.00023999402083964673
1618.4085693359375 0.9975474362827654 0.00024001371944579867
1618.4293823242188 1.0033446597313673 0.00024010753577375735
1618.4502563476562 0.9980958970102644 0.00023992300564883807
1618.4710693359375 1.000916644856071 0.00023958945231823353
1618.4918823242188 1.0024627552774081 0.00023950377956594835
1618.5127563476562 1.0033873490850624 0.0002395115512699643
1618.5335693359375 0.9906642194537768 0.00023916291672480892
1618.5543823242188 1.0015040592156665 0.00023931893088586958
1618.5752563476562 1.0082502895188414 0.00023900394818144775
1618.5960693359375 0.9914022567014555 0.00023862435717891687
1618.6168823242188 1.0043792336148645 0.00023847478426030003
1618.6377563476562 0.998318482769432 0.00023830700575682838
1618.6585693359375 1.0020095902709953 0.000238716573989184
1618.6793823242188 0.9998393619280282 0.0002386956753848082
1618.7002563476562 0.9971529810703801 0.0002385020997765233
1618.7210693359375 1.0028257342778268 0.00023856167039575218
1618.7418823242188 0.9987215258884804 0.00023857813558717314
1618.7627563476562 0.9972915101741388 0.00023858629660945281
1618.7835693359375 1.0069147180098492 0.00023850010056919682
1618.8043823242188 0.9967984321445358 0.000238827171534725
1618.8252563476562 0.9972935432170889 0.00023811757877787804
1618.8460693359375 0.9975090023637012 0.00023784335225586703
1618.8668823242188 1.0048712258536356 0.0002376269458956724
1618.8877563476562 0.9994817693922989 0.00023821742790644336
1618.9085693359375 1.0044539437138902 0.00023848350280498932
1618.9293823242188 0.9981578595179579 0.00023821142533981112
1618.9502563476562 0.9959049029598513 0.00023885272542017966
1618.9710693359375 0.9997773721173245 0.00023927678652480543
1618.9918823242188 1.0012718140974601 0.00023928346769123656
1619.0127563476562 1.0018251378167051 0.0002388333408344449
1619.0335693359375 0.9957164320141646 0.0002389445901912755
1619.0543823242188 1.003452367449645 0.0002380433501350294
1619.0752563476562 0.9994577539925461 0.00023835047144382996
1619.0960693359375 1.000091305122402 0.0002376308887478471
1619.1168823242188 1.0011619528375328 0.00023726215130912784
1619.1377563476562 0.997010598593561 0.00023730451723780584
1619.1585693359375 0.9982609349066585 0.0002375162941652946
1619.1793823242188 1.0079507874579454 0.00023719668072795766
1619.2002563476562 0.9973210586847007 0.00023717671356919074
1619.2210693359375 0.9979345482052976 0.0002371708916183254
1619.2418823242188 0.9977304184658629 0.00023751016712870293
1619.2627563476562 1.00247270011284 0.00023736226610075669
1619.2835693359375 1.0026578200471643 0.00023764607376852072
1619.3043823242188 0.997024760018107 0.00023711581206053452
1619.3252563476562 0.9958516778010394 0.0002368232452738629
1619.3460693359375 1.0048691841931727 0.0002370291506877779
1619.3668823242188 1.0015992511383334 0.00023711785197237398
1619.3877563476562 1.0008893234514888 0.00023707508544269494
1619.4085693359375 0.9977945250790204 0.00023699228741068078
1619.4293823242188 0.9919125471344474 0.0002371954387599075
1619.4502563476562 1.0114793979692391 0.00023805720091669988
1619.4710693359375 0.9982158342960133 0.00023761303365362773
1619.4918823242188 0.9991456441230061 0.00023818338127150273
1619.5127563476562 1.0004241305088084 0.000237722608907817
1619.5335693359375 0.993239694513273 0.00023749084818522773
1619.5543823242188 1.0049867375908468 0.00023752715313211383
1619.5752563476562 0.9945543815287781 0.00023705139379856708
1619.5960693359375 1.0098979879445042 0.00023733452525344451
1619.6168823242188 0.9984787141792861 0.0002367917601533482
1619.6377563476562 0.9965388089662094 0.00023633450248937668
1619.6585693359375 0.9995176458674148 0.00023685163515886618
1619.6793823242188 0.9991387642343658 0.00023634856074430987
1619.7002563476562 0.9996269946076748 0.00023686920172616595
1619.7210693359375 1.0048361753498392 0.0002366974888191348
1619.7418823242188 1.0007983541138232 0.00023686818866241766
1619.7627563476562 0.9964328834613573 0.00023696935651821915
1619.7835693359375 1.000506138714603 0.0002376138060305653
1619.8043823242188 0.9972332062032 0.00023721624869751552
1619.8252563476562 0.9998084390084366 0.00023763830700616802
1619.8460693359375 1.0037218619729489 0.00023751044134081903
1619.8668823242188 0.9978813655865411 0.00023770522008344501
1619.8877563476562 1.0034853516015676 0.00023736902249954213
1619.9085693359375 0.9995482666581789 0.00023777204612348047
1619.9293823242188 0.9984679102315325 0.0002381265805933335
1619.9502563476562 1.00185162025497 0.00023889044344232378
1619.9710693359375 0.9965512839328038 0.0002381733760816332
1619.9918823242188 0.9977892639595706 0.0002380391072590243
1620.0127563476562 0.9991628084142682 0.0002374270645860748
1620.0335693359375 1.0027158698131318 0.00023725914969767022
1620.0543823242188 1.0062399625615137 0.00023743614898953053
1620.0752563476562 0.9957398889062723 0.00023599473151633498
1620.0960693359375 0.9989945950723665 0.00023578651290360802
1620.1168823242188 0.9987598046737715 0.0002362150934356416
1620.1377563476562 1.0025275714859594 0.00023638446061100853
1620.1585693359375 1.0047549941662484 0.00023666361132965454
1620.1793823242188 0.9942726301106183 0.0002362829917678981
1620.2210693359375 0.99385684650159 0.00023603861636282625
1620.2418823242188 1.0049260066655463 0.00023584749969043334
1620.2627563476562 1.0013999731202854 0.00023617751333421857
1620.2835693359375 1.0030839271417895 0.00023574515901388394
1620.3043823242188 1.001696362695227 0.00023569184110099902
1620.3252563476562 0.9912762886230155 0.000235430921597242
1620.3460693359375 0.9986274916939293 0.00023564565973397295
1620.3668823242188 1.008250507497122 0.00023592780294426813
1620.3877563476562 1.0027651413156797 0.00023585197771981115
1620.4085693359375 0.99561478752168 0.00023505781057206953
1620.4293823242188 0.991413547484861 0.00023448486023351918
1620.4502563476562 1.0045261703709814 0.00023436818989898636
1620.4710693359375 1.0013538146882537 0.000234778170665365
1620.4918823242188 1.0070151870198942 0.00023424579433840528
1620.5127563476562 0.9987967439455464 0.00023434020853186732
1620.5335693359375 0.9954220991111182 0.00023416120870767648
1620.5543823242188 0.9971020260553755 0.00023441208955636756
1620.5752563476562 0.9992394244466095 0.00023380814937078878
1620.5960693359375 1.0058702117396925 0.00023351421140387863
1620.6168823242188 0.9985831442825709 0.00023311517504598887
1620.6377563476562 0.9991012324210716 0.00023288308984434176
1620.6585693359375 1.0011230558486972 0.0002328289726299768
1620.6793823242188 0.9970723370671689 0.00023222537641758937
1620.7002563476562 1.0023317485541992 0.00023267055597978132
1620.7210693359375 1.0007855019530703 0.0002318544049088617
1620.7418823242188 0.9981119025563647 0.0002318274872892716
1620.7627563476562 1.0027518972480747 0.00023199062861783436
1620.7835693359375 0.9959094202063686 0.00023126216861592513
1620.8043823242188 1.0027693588534765 0.00023147080877331566
1620.8252563476562 0.9983616482124095 0.0002315791204453082
1620.8460693359375 1.0008243283384548 0.00023167329787033265
1620.8668823242188 1.005994072204922 0.00023175539857183024
1620.8877563476562 0.9941081922413665 0.00023207584752785903
1620.9085693359375 0.9995101126104664 0.00023146005934393676
1620.9293823242188 0.9953986406049776 0.00023115468480379778
1620.9502563476562 1.003275997019748 0.00023089092143663157
1620.9710693359375 1.001108903737543 0.00023074364228825464
1620.9918823242188 1.0044670065077044 0.00023005426522594086
1621.0127563476562 0.9978731290391246 0.00023017504133563004
1621.0335693359375 1.000386019983137 0.00023012779711948918
1621.0543823242188 0.9963932211086479 0.0002308908931608698
1621.0752563476562 1.000730197397691 0.00023048232296836503
1621.0960693359375 1.00042656640497 0.0002311400395309124
1621.1168823242188 1.0019904692822341 0.00023065429698413024
1621.1377563476562 0.9973545340157605 0.00023066173177514212
1621.1585693359375 1.0046097904710485 0.00023073032069842762
1621.1793823242188 0.9947158244135123 0.00023042586134268227
1621.2002563476562 0.9987136352855198 0.00023025766824531178
1621.2210693359375 1.006589922259478 0.00023008150508892168
1621.2418823242188 0.9946965103541766 0.0002297103317771478
1621.2627563476562 1.0006468098757832 0.00022953062734567083
1621.2835693359375 1.002396289963104 0.00022931357678457627
1621.3043823242188 0.9987184234000781 0.0002293473497898341
1621.3252563476562 1.000565345059138 0.00022935484195341638
1621.3460693359375 0.9991847398886436 0.00022873409220249604
1621.3668823242188 0.9990959628989432 0.00022888735690389548
1621.3877563476562 1.0015080163296812 0.00022909805221716327
1621.4085693359375 1.0002040986072422 0.00022894979428191633
1621.4293823242188 1.0031061275150992 0.0002293363529252583
1621.4502563476562 0.9984835161405972 0.00022912514282443934
1621.4710693359375 0.9947090367239614 0.00022943388999778152
1621.4918823242188 0.9999426730038771 0.00022929545206204063
1621.5127563476562 1.0043428439715112 0.00022895322059613798
1621.5335693359375 1.0011785789296535 0.00022848065725507164
1621.5543823242188 0.9975357946638257 0.00022826839754322585
1621.5752563476562 0.9962753960382501 0.0002277114377086479
1621.5960693359375 1.0038702903219667 0.0002275505240209418
1621.6168823242188 1.005391438630385 0.00022745777413578366
1621.6377563476562 0.9938271489091298 0.00022703299732764338
1621.6585693359375 0.9985453275178471 0.0002266449635066681
1621.6793823242188 1.0007075998551906 0.0002264771438600999
1621.7002563476562 1.004019724065763 0.00022698560133297758
1621.7210693359375 0.9981036940208373 0.00022644245476481596
1621.7418823242188 0.9988954839788922 0.00022608254598108308
1621.7627563476562 1.0008670913953757 0.0002260576378824219
1621.7835693359375 0.9995164270342426 0.0002260114051183858
1621.8043823242188 1.0023271207507125 0.00022639121849771089
1621.8252563476562 0.9950214379996308 0.00022581937389759625
1621.8460693359375 1.0029467221223156 0.00022589667686789472
1621.8668823242188 1.001437220482403 0.00022566659935013443
1621.8877563476562 0.9961555693949783 0.00022546634045313
1621.9085693359375 1.0044724842163812 0.0002255110469779098
1621.9293823242188 1.001209307930957 0.00022506835944088922
1621.9502563476562 0.9926658708621623 0.0002250611630586453
1621.9710693359375 1.001350047425621 0.00022472050550401503
1621.9918823242188 1.0039263110618817 0.00022466987617611337
1622.0127563476562 1.00064277536653 0.00022455539831304957
1622.0335693359375 0.9978836501500716 0.00022471496876695125
1622.0543823242188 1.0025599632380546 0.00022406029167163204
1622.0752563476562 0.9966288417421071 0.00022465081769844589
1622.0960693359375 0.9985064319634069 0.00022403827040360326
1622.1168823242188 0.9991995405823365 0.00022424401472940163
1622.1377563476562 1.0058522514150519 0.00022355837350362538
1622.1585693359375 0.9975203375956001 0.0002237512939994275
1622.1793823242188 1.0043699410347011 0.0002234021864461623
1622.2002563476562 0.9926576596880653 0.00022366732545506281
1622.2210693359375 1.0045582360367549 0.00022394046399217059
1622.2418823242188 0.9994161836984539 0.00022427206507716503
1622.2627563476562 0.9995026034140148 0.0002248340604172411
1622.2835693359375 1.0084986576625408 0.00022405372399594693
1622.3043823242188 1.0149374204993846 0.0002237981258110128
1622.3252563476562 1.0191845789327838 0.0002237040813625384
1622.3460693359375 1.015893053194101 0.00022354149469907953
1622.3668823242188 1.0200191317782734 0.00022344122910690852
1622.3877563476562 1.023694397296965 0.0002231118491341996
1622.4085693359375 1.0163596220246955 0.00022301786493720394
1622.4293823242188 1.016073885439359 0.00022346307729070538
1622.4502563476562 1.0215282756998185 0.0002226396583489125
1622.4710693359375 1.0167513286215235 0.0002227593889599794
1622.4918823242188 0.9983600612311323 0.0002227238937179329
1622.5127563476562 1.003346178862575 0.0002223317598756924
1622.5335693359375 0.996866470643759 0.00022176994988583565
1622.5543823242188 0.9995843653713242 0.00022149130424311937
1622.5752563476562 1.00428900288292 0.00022158862821624548
1622.5960693359375 1.002304483309379 0.00022148705739976197
1622.6168823242188 0.9942734519110891 0.0002206540448604023
1622.6377563476562 0.9993136734859667 0.00022046701348846733
1622.6585693359375 1.0005981239312085 0.0002203862557828005
1622.6793823242188 1.0028081364188786 0.00022061439930890603
1622.7002563476562 0.9990177048059038 0.00021976847692792138
1622.7210693359375 0.9995961936349235 0.0002199272856922723
1622.7418823242188 1.0010120232462012 0.0002201527086877025
1622.7627563476562 1.0008688750314774 0.00022026113222581344
1622.7835693359375 1.0010685475554169 0.00022025362477530143
1622.8043823242188 0.9943546382952573 0.00021952585992126122
1622.8252563476562 0.9975910994546537 0.00021983501764908934
1622.8460693359375 1.0058515367506606 0.00021906311787635194
1622.8668823242188 1.0029086873423974 0.00021880480944407244
1622.8877563476562 0.9975163193758719 0.00021842039848510444
1622.9085693359375 0.9965496563466285 0.00021796387955492607
1622.9293823242188 1.0008871694622645 0.0002181737381670827
1622.9502563476562 1.0012473540667564 0.00021824071358555702
1622.9710693359375 1.0053737317495943 0.00021845705764564124
1622.9918823242188 0.9956122187030568 0.00021779897987575725
1623.0127563476562 0.9954013359265605 0.00021808623445367166
1623.0335693359375 1.0036616185743013 0.00021825256129002945
1623.0543823242188 1.0042547439831966 0.00021834972219629501
1623.0752563476562 0.9975675337345816 0.00021778055220856288
1623.0960693359375 0.9935754588007458 0.0002171073161304003
1623.1168823242188 1.0010164413287985 0.00021685739226098925
1623.1377563476562 1.0033646693180545 0.00021642387380123933
1623.1585693359375 1.005120373109719 0.00021661266078230957
1623.1793823242188 0.9991477567274445 0.00021643025102832046
1623.2002563476562 0.9947564921830818 0.00021587763131460726
1623.2210693359375 0.9996030089747848 0.00021558274460540397
1623.2418823242188 1.0008625598540668 0.00021551642995189764
1623.2627563476562 0.9986282310325906 0.00021500675510316902
1623.2835693359375 1.00391992656845 0.0002148308547907934
1623.3043823242188 1.0021219292477903 0.0002144551767023409
1623.3252563476562 0.9945307009795958 0.00021406585125133734
1623.3460693359375 1.0016637165756876 0.00021381284575244244
1623.3668823242188 0.9999011371895719 0.00021358358047358233
1623.3877563476562 0.9997252175194784 0.00021304143916508724
1623.4085693359375 0.9970242827921213 0.00021251076840176025
1623.4293823242188 1.0033897581394702 0.0002125180870453989
1623.4502563476562 1.0039824597956415 0.00021273997224310255
1623.4710693359375 1.0026465871902832 0.00021247416971673834
1623.4918823242188 0.9921963915948792 0.00021224734991906387
1623.5127563476562 0.994569523291808 0.00021267565211849346
1623.5335693359375 1.007089208936675 0.00021156726951511803
1623.5543823242188 1.0010769235577026 0.00021120409720317787
1623.5752563476562 0.9963144672979871 0.00021038890575723865
1623.5960693359375 1.0007913833252344 0.0002094794036551814
1623.6168823242188 1.0036457761620308 0.0002094916248056192
1623.6377563476562 0.9969199946758127 0.00020961690112116733
1623.6585693359375 1.002632882330993 0.00020882496678594422
1623.6793823242188 1.0004176176434518 0.00020829003474848705
1623.7002563476562 0.9946236133873141 0.00020864560524228156
1623.7210693359375 1.0023145217908085 0.0002084970480749545
1623.7418823242188 1.0045544499258792 0.00020848211966301993
1623.7627563476562 0.998806471452782 0.0002080229833523461
1623.7835693359375 0.9959408844379634 0.0002074305912491309
1623.8043823242188 0.9994631036381776 0.00020713551502950253
1623.8252563476562 1.0001536890966065 0.00020629551695360774
1623.8460693359375 1.0072009584417456 0.00020553467244703873
1623.8668823242188 0.9954260279719042 0.0002047510449724973
