time flux flux_err
1653.9530639648438 1.0000422241015954 0.0001527569715983046
1653.9739379882812 1.0000304805332887 0.000152580244759513
1653.9947509765625 1.0000579287669513 0.00015261910602122527
1654.0155639648438 1.0001036805408796 0.00015260572866462378
1654.0364379882812 0.9996564390986152 0.00015275589980798886
1654.0572509765625 0.9997364758348728 0.00015287692486708144
1654.0780639648438 0.999979699642067 0.00015321214127895057
1654.0989379882812 0.9998297514270924 0.0001535893749334359
1654.1197509765625 1.0006568967841865 0.0001541386352214851
1654.1405639648438 0.9998746713431832 0.00015497200152842134
1654.1614379882812 0.9999646713945219 0.0001559984192908499
1654.1822509765625 0.999862436240648 0.00015680419599350978
1654.2030639648438 1.000012232834457 0.00015741140533336219
1654.2239379882812 1.000097659344721 0.00015832913401973546
1654.2447509765625 1.000295465537133 0.0001590400384322255
1654.2655639648438 0.9995784537257304 0.0001597788447931994
1654.2864379882812 1.0003406786067979 0.0001604430551533828
1654.3073120117188 0.9997001759304945 0.00016089161107814246
1654.328125 1.0000542865438895 0.00016127939973603774
1654.3489379882812 0.9999186061237734 0.00016152651840714707
1654.3698120117188 1.000111854917066 0.00016180240874065963
1654.390625 0.9999798430630525 0.0001621159214392747
1654.4114379882812 0.9998231633777916 0.00016228012193415027
1654.4323120117188 0.9999610702211176 0.00016260116279288509
1654.453125 1.000463557078207 0.0001628767505043357
1654.4739379882812 1.0002164479593112 0.00016296797210835668
1654.4948120117188 0.999432637699392 0.0001632699325643122
1654.5364379882812 0.9995330560712897 0.00016403174129776265
1654.5573120117188 1.0004846528384186 0.00016455817928987684
1654.578125 0.9978867188514793 0.0001647666076011714
1654.5989379882812 0.996333524735231 0.00016504439073177445
1654.6198120117188 0.9963413890854987 0.00016522742867237225
1654.640625 0.9973745861433936 0.00016539807053494584
1654.6614379882812 0.9996265606243391 0.00016548296834910058
1654.6823120117188 1.0005584449286693 0.00016546806543536342
1654.703125 0.9997665987756618 0.00016534631300091962
1654.7239379882812 0.9998901479319886 0.00016537238932337926
1654.7448120117188 1.0004183534790778 0.00016533811112463638
1654.765625 1.0002826775119265 0.00016540713635520456
1654.7864379882812 0.9995079208292935 0.00016536893315203193
1654.8073120117188 1.000177072701228 0.00016537680510474026
1654.828125 1.0000477543824113 0.00016527164022644828
1654.8489379882812 0.9999135933225605 0.00016511166598072297
1654.8698120117188 1.000081102798541 0.00016491868043870807
1654.890625 0.999822149736488 0.00016452859083720142
1654.9114379882812 0.9999571069352832 0.00016429112118672846
1654.9323120117188 0.999839473606278 0.0001640563648543431
1654.953125 1.0000272657447908 0.0001636913435216598
1654.9739379882812 1.0005012155386077 0.0001635099081109502
1654.9948120117188 0.9999430650926887 0.0001632826905901771
1655.015625 0.9996464933894955 0.0001632686861430313
1655.0364379882812 1.000104018675282 0.00016327359329865485
1655.0573120117188 0.9997950900885021 0.0001634171686122448
1655.078125 1.0003050736459258 0.00016345741938154023
1655.0989379882812 1.0000601279568633 0.0001636037128217258
1655.1198120117188 0.9998767340356431 0.0001635455339448481
1655.140625 1.0000604015753574 0.00016368743095328625
1655.1614379882812 0.999884027262192 0.0001636378627142967
1655.1823120117188 0.9997801074531931 0.00016349986538447166
1655.203125 1.000253544780433 0.00016347708713333183
1655.2239379882812 1.0003027214256066 0.00016333823457982444
1655.2448120117188 1.00004235928421 0.00016318553198775055
1655.265625 0.999584343005027 0.00016300164031293063
1655.2864379882812 0.9997277560718131 0.00016282536731589261
1655.3073120117188 1.0000754702179173 0.00016269303617248165
1655.328125 1.000331288635252 0.00016252199980952434
1655.3489379882812 1.0002317867187172 0.00016250195341991158
1655.3698120117188 1.0001790652755427 0.00016271731833341797
1655.390625 0.999488090625278 0.00016245174439784695
1655.4114379882812 0.9997864908163188 0.00016243525490919374
1655.4323120117188 1.0002425697778736 0.00016247810145617817
1655.453125 0.9997963273656322 0.00016246235364745075
1655.4739379882812 1.0003327263573396 0.00016254071040203085
1655.4948120117188 0.9996637319149162 0.00016263589075963264
1655.515625 1.0000509936213882 0.00016287989681633514
1655.5364379882812 1.0004649722386292 0.00016292992375993475
1655.5573120117188 1.0003495195925485 0.00016314875223985537
1655.578125 0.9992898000871254 0.00016324824017318416
1655.5989379882812 0.9998334809639459 0.00016328963334399574
1655.6198120117188 0.9998235545968187 0.00016329067832880146
1655.640625 1.000176384642021 0.00016322830667863557
1655.6614379882812 1.0002294619905816 0.00016317232197469273
1655.6823120117188 1.0004000650436935 0.0001631038846519265
1655.703125 0.9999565124606752 0.00016300410225929133
1655.7239379882812 0.9998237678562053 0.00016284183367936713
1655.7448120117188 0.9995568241376954 0.00016287672154462402
1655.765625 1.0000113314127366 0.0001629292176129326
1655.7864379882812 1.001016191140063 0.000162850891326873
1655.8073120117188 1.0004872564275538 0.00016272997270188022
1655.828125 0.9996524592435666 0.0001626646907394192
1655.8489379882812 1.0000521316886342 0.00016251790796642358
1655.8698120117188 1.000188928570461 0.0001622816955993587
1655.890625 1.000043976819322 0.00016211292737941763
1655.9114379882812 0.9997862210371972 0.00016193600766963422
1655.9323120117188 0.9997957737728402 0.00016156524929124687
1655.953125 1.0002349055981197 0.00016128188409995106
1655.9739379882812 1.0002534766613436 0.00016114152602271053
1655.9948120117188 0.9998051766265921 0.00016079190619946174
1656.015625 0.9997056763475083 0.0001605626597034368
1656.0364379882812 1.000020262450041 0.0001604661340847064
1656.0573120117188 1.0001877007353799 0.0001603313538725939
1656.078125 0.9990023052062644 0.00016028183420988982
1656.0989379882812 1.0003191656732648 0.00016034177845760942
1656.1198120117188 1.000066969083417 0.00016025371471940352
1656.140625 0.9996249014813696 0.00016038738999511718
1656.1614379882812 1.0001004169155705 0.00016038074848665425
1656.1823120117188 0.9998044686109442 0.0001604173195719698
1656.203125 1.000033617819232 0.00016033386463606194
1656.2239379882812 0.999653865384299 0.00016022142407824905
1656.2448120117188 1.0005502264375283 0.0001601811436700084
1656.265625 1.0001265894363076 0.0001600785526037247
1656.2864379882812 0.9999586820044556 0.00015987954688933138
1656.3073120117188 1.0000131970905057 0.0001595928379879321
1656.328125 0.9996582206896063 0.00015942737524066608
1656.3489379882812 1.0000792189133925 0.00015929566215459073
1656.3698120117188 0.9998310255772982 0.00015921116103071532
1656.390625 1.000060397912609 0.00015905937109245648
1656.4114379882812 1.0003507857072995 0.0001590201466114004
1656.4323120117188 0.9999762044024155 0.00015903177340400354
1656.453125 0.9999269834805653 0.0001590663944116391
1656.4739379882812 0.9997145555325192 0.00015904174898940493
1656.4948120117188 1.0001821703369498 0.00015915820859195538
1656.515625 1.0003229694911724 0.00015933563829357281
1656.5364379882812 0.9995485478891174 0.00015939029862383362
1656.5573120117188 1.000150754038156 0.000159584489691613
1656.578125 0.9996563823652062 0.00015972493376973672
1656.5989379882812 1.0003122532987518 0.00015981707687122163
1656.6198120117188 1.0001105828355232 0.00015991846840962104
1656.640625 1.000293376763477 0.0001599222505896903
1656.6614379882812 0.9996623242073059 0.00015981721534768018
1656.6823120117188 0.9998089479247143 0.0001599137565323076
1656.703125 1.0000046345616604 0.00015980259044229874
1656.7239379882812 1.0002354442227421 0.0001596843612167111
1656.7448120117188 0.9998592193337599 0.00015961917137721594
1656.765625 0.9998481938781113 0.00015967093211625343
1656.7864379882812 1.0000290007113604 0.00015973534643706332
1656.8073120117188 1.0006447962308602 0.00015971420760725526
1656.828125 0.9996394479194882 0.000159575715363037
1656.8489379882812 0.9998959318426617 0.00015953500498494896
1656.8698120117188 0.9996626504088741 0.00015949598055494595
1656.890625 0.9998879955175191 0.0001594425517533911
1656.9114379882812 1.000611051322386 0.0001592998730121551
1656.9323120117188 1.0002021016537235 0.00015924361944200587
1656.953125 1.0000567928241721 0.00015901482221909385
1656.9739379882812 0.9999517204567563 0.0001588774785179772
1656.9948120117188 0.999804196333461 0.00015868368299083905
1657.015625 1.0003898191846923 0.00015859210832317328
1657.0364379882812 0.9974420129229811 0.0001582737291156937
1657.0573120117188 0.9980851265818618 0.00015835746520054733
1657.078125 0.9972053982681055 0.00015818628884738876
1657.0989379882812 0.9976391702958877 0.00015817336638758556
1657.1198120117188 0.9997107135515998 0.00015825017884197942
1657.140625 1.0000833619859493 0.00015844714346771046
1657.1614379882812 1.000339727829589 0.00015841500488271705
1657.1823120117188 1.0000478736883416 0.00015828625526223693
1657.203125 0.999973482365191 0.00015831819497767264
1657.2239379882812 1.0000509468559886 0.0001582166923217404
1657.2448120117188 0.9999890004303171 0.000158232068443973
1657.265625 1.0002345860163604 0.00015824364612454883
1657.2864379882812 0.9999239640641118 0.00015804542073215365
1657.3073120117188 0.9995045766988466 0.0001579089278455358
1657.328125 1.0002634584832504 0.00015770968223968997
1657.3698120117188 0.999910669667165 0.00015739544083139627
1657.390625 1.0004187416608603 0.00015726338216244168
1657.4114379882812 0.9994967610095171 0.0001572199337287789
1657.4323120117188 1.0001449773397253 0.0001572242458050092
1657.453125 1.0002907226026212 0.00015716622566227986
1657.4739379882812 1.0001092477725728 0.0001571852725735473
1657.4948120117188 0.999453844186702 0.00015718388818478245
1657.515625 1.000105271176423 0.00015744147108403452
1657.5364379882812 0.9997749092577388 0.000157552590509228
1657.5573120117188 1.0005858490753894 0.00015766945694997345
1657.578125 0.9999036701251257 0.0001577753623334312
1657.5989379882812 1.0003500781699355 0.00015784354526332325
1657.6198120117188 0.9994681859194724 0.00015791400743677306
1657.640625 0.9996321338709705 0.0001579635137860919
1657.6614379882812 1.0000617909880904 0.00015792508497672556
1657.6823120117188 1.0003553111708783 0.00015794343708055178
1657.703125 1.0012379986021633 0.0001578754318239868
1657.7239379882812 1.000431368496478 0.0001578510335110328
1657.7448120117188 0.9994532636363628 0.00015776133686139552
1657.765625 1.000223665389136 0.00015770568257092302
1657.7864379882812 0.9996973701723898 0.0001578064488111284
1657.8073120117188 0.9999518648163849 0.00015770202419833454
1657.828125 1.0004728190595706 0.00015771045525763352
1657.8489379882812 0.9997468242447772 0.00015775467079232104
1657.8698120117188 1.0001933727793484 0.0001576019557483238
1657.890625 0.9996832080279479 0.00015760210706013898
1657.9114379882812 0.9999777118892845 0.0001574443594272842
1657.9323120117188 1.001075931363379 0.000157459092897667
1657.953125 1.0003885644302977 0.0001572831731408159
1657.9739379882812 0.9996794934996066 0.00015699865139041358
1657.9948120117188 1.000167170589196 0.00015705250710722546
1658.015625 0.9995813499936039 0.0001567416333441932
1658.0364379882812 1.0002829544550373 0.00015673333938101
1658.0573120117188 1.0002226669011829 0.00015665589579151986
1658.078125 0.9998475901586311 0.0001566777918557316
1658.0989379882812 1.0001544252337253 0.0001566702019166864
1658.1198120117188 1.0000045767330952 0.0001566813433126869
1658.140625 0.9997986008672064 0.00015671615276149545
1658.1614379882812 0.9996514363339073 0.00015681358901147092
1658.1823120117188 1.0003992970411402 0.0001568155609792475
1658.203125 0.999920638229353 0.00015681482120071406
1658.2239379882812 1.000312330528012 0.00015683913180526026
1658.2448120117188 0.9996066777691397 0.0001570025378866497
1658.265625 1.0002179641130058 0.00015681732158492342
1658.2864379882812 1.000025685315422 0.00015674127931729025
1658.3073120117188 1.0000121320918751 0.00015671609137575594
1658.328125 0.9998039068612475 0.00015671555045537573
1658.3489379882812 0.9997972128205186 0.0001564143420626392
1658.3698120117188 1.0003995257355836 0.00015628140935560362
1658.390625 0.9999169165257699 0.0001562716919407446
1658.4114379882812 1.0000539515956122 0.00015607198824672
1658.4323120117188 0.9997284083242696 0.00015608750456209768
1658.453125 1.000215270493722 0.00015610350169259311
1658.4739379882812 0.9999527183652007 0.00015607836670000343
1658.4948120117188 1.0001753017264752 0.0001560864557152918
1658.515625 0.9995625572508758 0.00015624236307758543
1658.5364379882812 1.0004174932243939 0.00015633596144261298
1658.5573120117188 0.999951287297042 0.00015636763857888164
1658.578125 0.9998846912227018 0.00015649658636180647
1658.5989379882812 1.0001060306188976 0.0001565678739523297
1658.6198120117188 1.0001336386364401 0.00015658151307018495
1658.640625 0.9995109182304749 0.00015659177142799807
1658.6614379882812 1.0002396842137802 0.00015671359268228625
1658.6823120117188 0.9999561605381837 0.00015664068597648072
1658.703125 1.0001514698396683 0.0001565607907635794
1658.7239379882812 1.0000224181734994 0.00015650204081790034
1658.7448120117188 0.9998096829644112 0.00015653343224495154
1658.765625 0.9999833106103349 0.00015646988659708555
1658.7864379882812 1.0000989936989018 0.000156464174445843
1658.8073120117188 1.000174756502352 0.00015652415760750922
1658.828125 0.9997237912078646 0.0001564126124740651
1658.8489379882812 1.0000558862433602 0.00015649607577640886
1658.8698120117188 1.0000513028566993 0.00015659667572078413
1658.890625 1.0001215796304757 0.00015637480365710091
1658.9114379882812 1.0001079520319553 0.0001563666848958733
1658.9323120117188 0.9997377962986633 0.00015630226767663887
1658.953125 0.9999288246040711 0.0001563673925810696
1658.9739379882812 1.0000543185702617 0.0001562406943627051
1658.9948120117188 1.000120391345216 0.00015607065748195624
1659.015625 0.9997057940511885 0.00015599860651178296
1659.0364379882812 1.0001999630660787 0.0001558987935830199
1659.0573120117188 1.0001880215952508 0.0001559833785316131
1659.078125 1.0001157334334312 0.00015583287788248948
1659.0989379882812 0.9996807014027608 0.00015582070693832635
1659.1198120117188 0.9998423568861668 0.00015603433334796717
1659.140625 1.000225716691444 0.0001559011742994287
1659.1614379882812 0.9998210681730866 0.00015593094883831077
1659.1823120117188 1.0002196342449998 0.00015590361301268086
1659.203125 0.999793578572024 0.0001558875220372426
1659.2239379882812 1.0002993296780545 0.00015591309532799852
1659.2448120117188 0.9999825209184822 0.00015596623938348193
1659.265625 0.999848976206255 0.00015586275693958633
1659.2864379882812 1.0001148339880812 0.00015590882541163643
1659.3073120117188 0.9998509906380875 0.00015580376755305528
1659.328125 0.9998679242660925 0.0001557911664542438
1659.3489379882812 1.0001398559452868 0.00015593715548998326
1659.3698120117188 1.0001380094981014 0.00015558633646954757
1659.390625 1.0000097765409772 0.00015564804262726246
1659.4114379882812 0.9998389675638337 0.00015549799551372285
1659.4323120117188 1.0002472417274664 0.00015554353888481363
1659.453125 0.9998544500263126 0.00015548247968155937
1659.4739379882812 0.9993578988362992 0.0001555079994394977
1659.4948120117188 0.9966967039705288 0.0001554000109802078
1659.515625 0.996578660087212 0.00015547156191354888
1659.5364379882812 0.9968989427092079 0.00015563729770023708
1659.5573120117188 0.9980288497598921 0.00015567298830187535
1659.578125 0.9999565332606134 0.00015581856562871106
1659.5989379882812 1.0000323167555818 0.0001558941664477692
1659.6198120117188 0.999877925652505 0.00015587336162853767
1659.640625 1.0002531756730102 0.00015581960252872003
1659.6614379882812 1.0000645942299038 0.00015580723847181193
1659.6823120117188 0.9997258769373472 0.00015604381095893043
1659.703125 1.0001183719319167 0.00015579596987696126
1659.7239379882812 0.9999731052623386 0.0001557065238488613
1659.7448120117188 0.9989666857922141 0.00015562965681641979
1659.765625 1.0001235555379246 0.00015566521179183316
1659.7864379882812 0.999881314434371 0.00015568034457188646
1659.8073120117188 1.0001509121828174 0.0001557168907531667
1659.828125 0.9998169183337253 0.00015567253749274864
1659.8489379882812 1.0002352167547286 0.00015572178571486098
1659.8698120117188 0.9997874505501922 0.00015573206542822632
1659.890625 0.9998114269647971 0.00015574528343599402
1659.9114379882812 1.0002015138645621 0.00015577904062309686
1659.9323120117188 1.0000206213408565 0.00015567311340032664
1659.953125 1.0000514852220883 0.00015562307912400365
1659.9739379882812 1.0000983789114324 0.00015555978393288903
1659.9948120117188 0.9999952729562437 0.0001555217887865473
1660.015625 0.9995267697421685 0.00015531923988494707
1660.0364379882812 1.000369326762297 0.00015542393516065648
1660.0573120117188 0.9998789214636582 0.00015523019651049921
1660.078125 1.0004600140049342 0.0001551588140703857
1660.0989379882812 0.9995996803965591 0.00015510143754140108
1660.1198120117188 0.999788819460636 0.00015521113822379674
1660.140625 1.0002174694282935 0.00015529117581730237
1660.1614379882812 1.0003458399421574 0.0001551049419972749
1660.1823120117188 0.9997737951802115 0.00015503761783214635
1660.203125 0.9997012107674208 0.00015508001789256703
1660.2239379882812 0.9999511547311059 0.0001550346595119846
1660.2448120117188 1.000314746730076 0.00015502833818353254
1660.265625 0.9999148109555573 0.0001550271930684785
1660.2864379882812 0.9997882068411047 0.00015497103135353994
1660.3073120117188 1.0005319360473635 0.00015492510591785374
1660.328125 0.9990219047458415 0.00015490319043818634
1660.3489379882812 0.9993818598669272 0.00015479881195661288
1660.3698120117188 1.0002380779019926 0.00015477054387002615
1660.390625 1.0003976730428699 0.00015477339390680662
1660.4114379882812 0.9999300131938613 0.0001547013693539109
1660.4323120117188 0.9997982927774275 0.00015468960890251558
1660.453125 0.9996361251405248 0.00015475963555094602
1660.4739379882812 1.0002844761878524 0.0001547751808636804
1660.4948120117188 1.0000543014774597 0.00015474718951160053
1660.515625 1.0000421486721305 0.00015474517622050108
1660.5364379882812 0.9998776153140069 0.0001550283569354406
1660.5573120117188 1.0000268654003455 0.00015497738524739946
1660.578125 1.000083138138456 0.0001548920575172535
1660.5989379882812 1.0000354039424637 0.00015506987450991742
1660.6198120117188 0.9998217620047728 0.00015510095857215202
1660.640625 1.0001602015624824 0.00015506550098455066
1660.6614379882812 0.999853804600583 0.0001551170563540467
1660.6823120117188 1.0001035569343557 0.00015506756224016187
1660.703125 1.0001158141545043 0.0001550844014660284
1660.7448120117188 0.9996497897267087 0.0001550599754622049
1660.765625 0.999840498742324 0.00015507509836787286
1660.7864379882812 1.0006474254134963 0.0001549941800042056
1660.8073120117188 0.9998497251896493 0.00015495527015170732
1660.828125 0.9998954070225679 0.00015507721895734324
1660.8489379882812 1.0000564969659027 0.00015503753308095025
1660.8698120117188 0.999809083066287 0.00015499158794733456
1660.890625 0.9999920697365068 0.0001550290455534095
1660.9114379882812 0.9999569192619351 0.00015502723151271665
1660.9323120117188 1.000435907627731 0.0001549665196006535
1660.953125 0.9998411193592569 0.00015482268770179264
1660.9739379882812 0.9998957600592596 0.00015479545148898885
1660.9948120117188 0.9998294598158881 0.00015477776100678478
1661.015625 0.9998818360316616 0.00015463151427364523
1661.0364379882812 1.0004357532079073 0.00015457135083363745
1661.0573120117188 0.9998576272979949 0.00015448188614790393
1661.078125 0.9999811587836178 0.00015442802639982438
1661.0989379882812 1.0001985417231642 0.0001543944651986171
1661.1198120117188 0.9999293040280075 0.0001544500130290116
1661.140625 0.9995670684120195 0.00015432637846023989
1661.1614379882812 1.0002087787370697 0.00015428940126725735
1661.1823120117188 1.000130246471868 0.00015433358854799125
1661.203125 0.9999318072998197 0.00015427260150116366
1661.2239379882812 1.0003888333670927 0.00015429009289707866
1661.2448120117188 0.9995382978199572 0.00015441796676891192
1661.265625 1.000053976285046 0.00015428169616462802
1661.2864379882812 1.0000992633642931 0.0001542880588978779
1661.3073120117188 0.9996069526895933 0.00015414264893639566
1661.328125 1.0003802480477137 0.00015415881167101826
1661.3489379882812 1.0000665359477443 0.00015400053944174662
1661.3698120117188 1.0000791433065184 0.0001539215982405496
1661.390625 0.9998255982061129 0.00015400811035330404
1661.4114379882812 0.9998089369411014 0.00015397697997184323
1661.4323120117188 1.0004784983519865 0.00015388291396423073
1661.453125 0.9996068431097364 0.00015385484624733792
1661.4739379882812 0.9999697010168251 0.0001538842303268655
1661.4948120117188 0.9999472649899648 0.00015393077624726312
1661.515625 1.0000961385863498 0.00015389930491548737
1661.5364379882812 1.0005587007936556 0.0001539617118612256
1661.5573120117188 0.9995200862481545 0.00015395902455669935
1661.578125 0.9995984222582749 0.00015407839440284815
1661.5989379882812 1.0006339104375317 0.00015411629906396713
1661.6198120117188 0.9997684067131584 0.0001541492349581472
1661.640625 1.0002121221449816 0.00015429858441272484
1661.6614379882812 0.9994509544533693 0.00015425332956183518
1661.6823120117188 1.0003207704451644 0.00015436652514138084
1661.703125 1.000200930200875 0.00015426268271687268
1661.7239379882812 1.0000223177175986 0.00015427581364599525
1661.7448120117188 0.9998489656506672 0.0001543406888907547
1661.765625 0.9997409730196724 0.00015420093968282226
1661.7864379882812 1.0003369246368996 0.00015424477232548665
1661.8073120117188 0.9996581095347381 0.00015418382282454928
1661.828125 1.000215298315552 0.0001541879141667706
1661.8489379882812 0.999882456391473 0.00015420496753704253
1661.8698120117188 1.0007167837442894 0.0001543251153407576
1661.890625 0.9998838462790829 0.00015412692371972312
1661.9114379882812 0.9997023599877002 0.00015416159895957315
1661.9323120117188 0.9989668479897302 0.00015411169066371073
1661.953125 0.9965908095907655 0.0001539142794481806
1661.9739379882812 0.9970435145161316 0.00015387756498527562
1661.9948120117188 0.99704948575373 0.00015390053345049423
1662.015625 0.9978076750607476 0.00015387743702814083
1662.0364379882812 1.000039242317941 0.00015380142385772912
1662.0573120117188 0.9998561282644859 0.00015374053998980832
1662.078125 1.0001006950852462 0.00015364772198018248
1662.0989379882812 0.9998376843076252 0.0001537006087651642
1662.1198120117188 1.000150436664308 0.00015351582041897054
1662.140625 1.0003020293527307 0.00015358204293727164
1662.1614379882812 0.9998960748774164 0.00015344461610184275
1662.1823120117188 0.9998882070250488 0.00015350438458277193
1662.203125 0.9998090159466382 0.000153446103933139
1662.2239379882812 1.0000831736564735 0.00015346844920850286
1662.2448120117188 1.0000791669532134 0.00015344011305165562
1662.265625 1.000051149371915 0.00015335987759540148
1662.2864379882812 0.9998939656092385 0.0001533440711186269
1662.3073120117188 0.9999646053045956 0.0001533883913612593
1662.328125 1.0000831576650846 0.00015321664287531943
1662.3489379882812 1.0002684129793764 0.0001533297536008026
1662.3698120117188 0.9997560522535193 0.00015314671914032634
1662.390625 1.000188112829507 0.00015320628173170128
1662.4114379882812 0.9997926739599617 0.00015306165311018783
1662.4323120117188 0.9996280085547412 0.0001531796568744952
1662.453125 1.000309786682766 0.00015309375534430694
1662.4739379882812 1.0000862710299745 0.00015308724146774754
1662.4948120117188 1.000088694863734 0.00015304440642708694
1662.515625 1.0001892045914254 0.0001530937208434387
1662.5364379882812 0.9996122529367837 0.0001531137083553069
1662.5573120117188 1.0000390508655639 0.0001531115434146047
1662.578125 0.9999254552339065 0.0001531691230222522
1662.5989379882812 0.9998797480166268 0.0001531698134808875
1662.6198120117188 1.0002591769867861 0.0001533049839644982
1662.640625 1.0003755707271222 0.0001532606897398546
1662.6614379882812 0.9996346741985744 0.000153363492787685
1662.6823120117188 0.9997674420870959 0.00015333748346181298
1662.703125 1.0002169021891665 0.0001532815996489961
1662.7239379882812 1.0000966770195996 0.00015320292060806324
1662.7448120117188 0.9998174072415658 0.0001532378759643898
1662.765625 1.0000152618647122 0.00015322039477912687
1662.7864379882812 1.0001864761133403 0.00015317173397504962
1662.8073120117188 0.9999489930835321 0.00015316773061810172
1662.828125 0.9997827982965869 0.00015316929967769413
1662.8489379882812 1.0000809870479392 0.00015314493436358335
1662.8698120117188 1.0002661767790253 0.00015313008688270447
1662.890625 0.9996678189682786 0.00015325759406392057
1662.9114379882812 1.000081228681267 0.00015316560554631532
1662.9323120117188 1.0002289356920633 0.00015310719105869215
1662.953125 0.9999444902080445 0.00015319734145286557
1662.9739379882812 0.9998168655488937 0.00015308826369664848
1662.9948120117188 0.9998723812203479 0.0001530224222553105
1663.015625 0.9999713383717505 0.00015299351055622528
1663.0364379882812 1.0002565505056218 0.0001529375754465984
1663.0573120117188 1.000232630466166 0.00015288062312805018
1663.078125 0.999655195283681 0.00015280221602219845
1663.0989379882812 1.0000779218610294 0.00015284245420285513
1663.1198120117188 0.9999355683741823 0.00015282898155998765
1663.140625 1.0003557841345556 0.00015276826766683074
1663.1614379882812 0.9995912001488853 0.0001528230827625243
1663.1823120117188 1.0000551008856702 0.00015295193480284434
1663.203125 1.000102355800038 0.000152947251444704
1663.2239379882812 0.9998525465152494 0.0001527642526984434
1663.2448120117188 1.000054982017641 0.0001529392036857966
1663.265625 1.0000281304684933 0.00015275773585031238
1663.2864379882812 0.9999742617104506 0.00015273110716156074
1663.3073120117188 1.00007605817984 0.00015269747531988434
1663.328125 0.9999313618365785 0.0001527753412408479
1663.3489379882812 1.0000223546204323 0.0001527644176601641
1663.3698120117188 1.0002455756260638 0.00015269560240413073
1663.390625 0.9998504937752591 0.00015265004293227443
1663.4114379882812 0.9996929654451577 0.00015260365814657664
1663.4323120117188 1.0000247038210426 0.00015257945117356074
1663.453125 1.0003204501001353 0.00015262363447126159
1663.4739379882812 1.0000821460102958 0.00015257257256660257
1663.4948120117188 0.9998670628087664 0.00015252994894062502
1663.515625 1.0001678862825545 0.0001525568897943623
1663.5364379882812 0.9994252034714084 0.00015257005983202132
1663.5573120117188 1.0002252802040377 0.00015255332067949702
1663.578125 1.0000337787238955 0.0001526254773694386
1663.5989379882812 1.0000426843940333 0.00015267111218426714
1663.6198120117188 1.0001798259814287 0.00015276760262386698
1663.640625 0.9998494472476516 0.0001526542602907202
1663.6614379882812 0.9998979154777581 0.00015271546064712582
1663.6823120117188 1.0001311871618075 0.00015267775612611313
1663.703125 1.0001900844330573 0.0001527367683587255
1663.7239379882812 0.9998727234237386 0.00015271158139595718
1663.7448120117188 0.9999636214447908 0.0001526873581838179
1663.765625 0.9997669947770745 0.00015270023537961936
1663.7864379882812 0.9999643207200571 0.00015269222712214036
1663.8073120117188 0.999969295309899 0.0001527864509313765
1663.828125 1.0004732341520717 0.00015273610745035243
1663.8489379882812 1.0000971422912799 0.00015262047817215897
1663.8698120117188 0.9996756916845057 0.00015269280804026966
1663.890625 1.0000369935933775 0.0001526202382683277
1663.9114379882812 0.9996454382812294 0.00015273317016514147
1663.9323120117188 1.0005618375921097 0.00015263389735498277
1663.953125 0.9997376759951069 0.0001525862749969443
1663.9739379882812 1.0000590563475844 0.00015255398975994608
1663.9948120117188 1.0000809238578878 0.00015260664280324911
1664.015625 0.9997798826327813 0.00015251293126867501
1664.0364379882812 0.999961592327926 0.00015253095363783182
1664.0573120117188 1.0001628352377816 0.0001523621360852277
1664.078125 0.9989991550944778 0.0001523827194330932
1664.1198120117188 0.9996603840487943 0.00015232443206331418
1664.140625 1.0002827264463954 0.0001523934745522571
1664.1614379882812 1.0002956420532458 0.00015228426676031326
1664.1823120117188 0.9996420835357407 0.00015221976403987836
1664.203125 1.0003964678492692 0.00015234173682632317
1664.2239379882812 0.9999058483337525 0.00015224486335151555
1664.2448120117188 0.9997036683746992 0.0001522545277869846
1664.265625 1.0001119564326526 0.0001523485980854795
1664.2864379882812 0.9998375025161128 0.00015227784343262862
1664.3073120117188 1.0000164863886407 0.0001522693864347967
1664.328125 1.0003365044184171 0.0001523802037898874
1664.3489379882812 0.9998911337392432 0.0001522411927094935
1664.3698120117188 0.9999303585248551 0.00015217796895480715
1664.390625 0.9978616522392164 0.0001520775547503005
1664.4114379882812 0.9968191673661151 0.00015201734895897977
1664.4323120117188 0.9976810170433386 0.00015200674268806843
1664.453125 0.9971437533261809 0.0001518891220185229
1664.4739379882812 0.9980750429157814 0.0001522319784347536
1664.4948120117188 1.0003150218889543 0.00015212088630960047
1664.515625 0.9994660893212741 0.0001520478445301046
1664.5364379882812 1.0003758203305746 0.0001519925737992696
1664.5573120117188 0.9995225415172561 0.00015192917283932825
1664.578125 1.0004317884212957 0.00015200794906993807
1664.5989379882812 0.9998203704114934 0.00015197406311975753
1664.6198120117188 0.9998021115248993 0.00015196698812071734
1664.640625 1.0000607836079871 0.0001519241096469788
1664.6614379882812 1.0003675935535623 0.00015192372361038436
1664.6823120117188 0.9999686095521597 0.0001519484584320891
1664.703125 0.9999010607129991 0.00015205172360655423
1664.7239379882812 0.9995705096433055 0.00015193237388178878
1664.7448120117188 1.0002223073432213 0.00015193395506090044
1664.765625 0.9999397319740485 0.00015198073125311968
1664.7864379882812 1.0004396325510183 0.00015190655269264666
1664.8073120117188 0.9997605721067153 0.00015195811601162638
1664.828125 0.9999747085318439 0.000151907643310675
1664.8489379882812 0.9998655152482665 0.00015194491539481978
1664.8698120117188 1.000055267300495 0.0001518533166582868
1664.890625 0.9999447004609427 0.00015184180283703294
1664.9114379882812 0.9999714072587023 0.00015177779224872178
1664.9323120117188 1.0003181214232644 0.00015195655922305116
1664.953125 0.9999153385658901 0.0001517348052543648
1664.9739379882812 1.0001382049278043 0.00015177017704078564
1664.9948120117188 0.9997702158721511 0.0001517770277345385
1665.015625 0.9999974033558615 0.00015178121491568505
1665.0364379882812 0.9998732797698989 0.00015169862343145397
1665.0573120117188 1.0000725647862292 0.0001516242756257582
1665.078125 0.9996838200321113 0.00015161113732473688
1665.0989379882812 1.000210198421765 0.0001516969777051664
1665.1198120117188 1.0001994271139942 0.00015161930444119217
1665.140625 1.000377302337354 0.00015163299594343505
1665.1614379882812 0.9999619967342475 0.00015170628433238805
1665.1823120117188 0.9995738864609226 0.0001515265794675367
1665.203125 0.9997460645961536 0.00015157692330341346
1665.2239379882812 1.000082358222394 0.0001515966141226837
1665.2448120117188 1.000380045388141 0.00015158280648113409
1665.265625 1.0000546029586361 0.00015153199355230642
1665.2864379882812 0.9996927101590838 0.00015148084967708006
1665.3698120117188 0.9998410567703527 0.00015148747111353548
1665.3905639648438 1.0002483383509306 0.00015156223666471424
1665.4114379882812 1.0002045523085819 0.00015144544794825084
1665.4322509765625 0.9996617393438788 0.0001514744200916666
1665.4530639648438 1.0001004295468674 0.0001514907725724673
1665.4739379882812 1.0001640322207355 0.00015148857988317015
1665.4947509765625 0.999880840251608 0.000151427537517702
1665.5155639648438 0.9999218731543271 0.0001514695065683009
1665.5364379882812 0.9998884711280284 0.0001514978564534185
1665.5572509765625 1.000287902057423 0.00015143254449903566
1665.5780639648438 1.0001367338172675 0.00015145128220601386
1665.5989379882812 0.9997185540613657 0.00015151943807101002
1665.6197509765625 1.000034430475115 0.0001516297463251619
1665.6405639648438 0.9998975771267377 0.00015148566963129709
1665.6614379882812 0.9996501648525755 0.00015143751735855325
1665.6822509765625 1.000562939093227 0.0001515293611782168
1665.7030639648438 1.000252016120256 0.0001514447096244024
1665.7239379882812 0.9999609124975406 0.00015150404228700005
1665.7447509765625 0.9994081182609919 0.00015141416350603716
1665.7655639648438 1.00013236315203 0.00015149057252331438
1665.7864379882812 1.0000009144867803 0.00015151425629599127
1665.8072509765625 1.0001584488970845 0.00015144384831698482
1665.8280639648438 1.000161602903415 0.00015146753882643921
1665.8489379882812 0.9997837235632105 0.000151460434252292
1665.8697509765625 1.000005311816755 0.00015151669750540988
1665.8905639648438 1.0000853948433428 0.00015163820924049253
1665.9114379882812 0.9998622235702048 0.00015140944046217043
1665.9322509765625 1.0000148764404042 0.0001515577933059663
1665.9530639648438 1.0001261146128275 0.0001514854977421863
1665.9739379882812 0.9998744413471375 0.00015146526861775493
1665.9947509765625 1.0003842831975345 0.00015151425224475525
1666.0155639648438 0.9994330624551782 0.00015147852742642234
1666.0364379882812 1.0001563086038838 0.00015154154391999476
1666.0572509765625 1.0000615910186252 0.00015151567269934457
1666.0780639648438 1.0001788573974746 0.00015156454792217554
1666.0989379882812 0.9998608934527546 0.0001514534038467718
1666.1197509765625 0.9999908383986602 0.0001515513094647706
1666.1405639648438 0.9997688579009425 0.00015152938369518258
1666.1614379882812 1.0003525431578686 0.0001514275524042598
1666.1822509765625 0.9999822872424631 0.0001515165983083841
1666.2030639648438 1.000015613719754 0.00015154880295573063
1666.2239379882812 0.9997141965815031 0.00015147289683459068
1666.2447509765625 1.0003363846199123 0.00015146061595894836
1666.2655639648438 0.9996435560649441 0.00015146659902642374
1666.2864379882812 0.999932497104572 0.00015146648327917618
1666.3072509765625 1.000346031088876 0.0001514303955254952
1666.3280639648438 1.0001098140913625 0.0001514927308683083
1666.3489379882812 0.9999312380821839 0.00015146242969802257
1666.3697509765625 0.9997526040306375 0.00015144663975776815
1666.3905639648438 1.0001010067678284 0.0001515689913074136
1666.4114379882812 0.9999361560359957 0.00015142526328236285
1666.4322509765625 1.0000581312842596 0.0001514251532179065
1666.4530639648438 0.9998690186867486 0.0001514735109762167
1666.4739379882812 1.0002209527362074 0.0001514271817161075
1666.4947509765625 1.0000541800006677 0.00015139034544133683
1666.5155639648438 1.0000517900882855 0.00015147909889720617
1666.5364379882812 0.9996349263637244 0.00015154071424035485
1666.5572509765625 1.000092334359856 0.00015144563899023686
1666.5780639648438 1.000266797368576 0.0001514499672178657
1666.5989379882812 0.999718354431183 0.0001513802163869175
1666.6197509765625 1.0001159539525974 0.00015144526549343637
1666.6405639648438 1.0000402500092425 0.00015141382016152364
1666.6614379882812 0.9995775106944216 0.00015138676455662736
1666.6822509765625 1.0005075007818867 0.00015144649642233343
1666.7030639648438 1.0000638695139938 0.00015140642290131724
1666.7239379882812 0.9998311645050987 0.00015147230509548673
1666.7447509765625 1.000041357389712 0.0001515008721095887
1666.7655639648438 0.9998350809558414 0.000151452962053683
1666.7864379882812 0.9999579406202996 0.00015143066485376517
1666.8072509765625 1.0000269215897553 0.00015141892438917117
1666.8280639648438 1.0000640895352948 0.00015137887140591406
1666.8489379882812 0.9981104812098165 0.00015135867329993188
1666.8697509765625 0.9977223943209294 0.00015143143346176707
1666.8905639648438 0.9980398157991589 0.00015139668487153967
1666.9114379882812 0.9978769953097805 0.00015142363623596713
1666.9322509765625 0.999397573591685 0.00015154780899187642
1666.9530639648438 1.0007444917661916 0.00015155536351237167
1666.9739379882812 1.000266097228999 0.00015146801814549935
1666.9947509765625 0.9997918065959619 0.0001514862386701367
1667.0155639648438 0.9998556830292976 0.00015143338006350015
1667.0364379882812 0.9999341183162266 0.00015146244257480747
1667.0572509765625 1.0001644647873764 0.0001514493767761886
1667.0780639648438 1.000108969788954 0.00015150577853502588
1667.0989379882812 1.000005001882079 0.0001514798975702005
1667.1197509765625 0.999841704389276 0.0001515165475300421
1667.1405639648438 1.0000158813135245 0.00015140323775171972
1667.1614379882812 0.9999101550591715 0.0001514111813178622
1667.1822509765625 1.0030171299349917 0.00015250842301213065
1667.2030639648438 0.9998314880373134 0.00015136184486351127
1667.2239379882812 0.999483825030394 0.00015136431415716588
1667.2447509765625 1.0003286725479499 0.00015147372581876097
1667.2655639648438 1.0001056678298486 0.00015150398649122997
1667.2864379882812 1.0002609706409007 0.00015138840491015962
1667.3072509765625 0.9993655190639905 0.00015138784175303965
1667.3280639648438 1.000034444400837 0.00015161029992757246
1667.3489379882812 1.000013186794282 0.00015137633342520072
1667.3697509765625 1.0002460550078947 0.0001513712314589721
1667.3905639648438 0.9999539522705274 0.00015142849802525374
1667.4114379882812 0.9999406137985196 0.0001513926297226717
1667.4322509765625 1.0000024396786333 0.00015136336188370362
1667.4530639648438 1.0001481901201885 0.00015138528867206808
1667.4739379882812 0.9994956513673796 0.00015132155385764082
1667.4947509765625 1.000347004670966 0.00015141624427912533
1667.5155639648438 1.0001933669184913 0.0001513716671362185
1667.5364379882812 0.999967748818732 0.00015145113402004963
1667.5572509765625 1.0000828172421954 0.00015140484781094574
1667.5780639648438 0.9997798184225598 0.00015145022883893388
1667.5989379882812 0.9995926011164886 0.00015136208729423303
1667.6197509765625 1.0002911250573536 0.00015137609940407066
1667.6405639648438 0.9998932917673001 0.0001514374533537515
1667.6614379882812 0.9997553697510105 0.00015139172815805129
1667.6822509765625 1.0002823180940625 0.00015146974870842777
1668.6405639648438 0.9997342239816656 0.00015507939744331965
1668.6614379882812 1.000478836346922 0.00015540798577643556
1668.6822509765625 0.9996195943201229 0.0001557158571546902
1668.7030639648438 1.000307660466056 0.00015610436245644486
1668.7239379882812 0.999843512944355 0.0001566212565010078
1668.7447509765625 1.0003338499825047 0.0001570847973173098
1668.7655639648438 0.9997389555675289 0.00015749077781010193
1668.7864379882812 0.9998147355587627 0.00015796044502007815
1668.8072509765625 1.0000241836193533 0.00015852341118603708
1668.8280639648438 1.0002803121312365 0.00015886068503937528
1668.8489379882812 1.0003574555971086 0.00015910695976873885
1668.8697509765625 0.999861023423728 0.00015941260312702957
1668.8905639648438 0.9993261559098279 0.00015943559640805134
1668.9114379882812 1.0001542936597876 0.00015935674869640054
1668.9322509765625 0.9998713137764198 0.00015923857861589315
1668.9530639648438 0.9989527196208131 0.00015907843228095628
1668.9739379882812 1.0003309120088981 0.00015894708069019457
1668.9947509765625 1.0004286192727632 0.00015895025155648583
1669.0155639648438 0.9995240128287882 0.000158940654977101
1669.0364379882812 1.000021955327023 0.00015914983132459554
1669.0572509765625 0.9998132186366919 0.00015937221712810363
1669.0780639648438 1.0000519565885508 0.000159444963296
1669.0989379882812 1.000707774855954 0.00015962537498000095
1669.1197509765625 0.9995132045192539 0.00015965884272288314
1669.1405639648438 0.9999297639910348 0.0001598064820387182
1669.1614379882812 0.9998838286158014 0.00015974472336736543
1669.1822509765625 0.9997229344869499 0.0001598822320054602
1669.2030639648438 1.000434425105881 0.0001599833164984251
1669.2239379882812 1.000370022577183 0.00016009665970389265
1669.2447509765625 0.9998194274265628 0.00016003685560240567
1669.2655639648438 1.0000599237914327 0.00016010161061116884
1669.2864379882812 0.9998445764413993 0.00016004400998992593
1669.3072509765625 0.9967032603317303 0.00015994668094763102
1669.3280639648438 0.9965535670965532 0.00015988232491948365
1669.348876953125 0.9966474124361053 0.00015993034686667337
1669.3696899414062 0.9969700738315549 0.00016003414494586478
1669.3905639648438 0.9996449407885672 0.0001602721091709009
1669.411376953125 1.000341585614295 0.00016032218212113863
1669.4321899414062 1.0000662659909343 0.00016042372742555128
1669.4530639648438 1.0000492032555026 0.00016046596980782944
1669.473876953125 1.000071275652314 0.0001607047535141929
1669.4946899414062 1.0002150214349947 0.00016090229841770462
1669.5155639648438 0.9998331069251203 0.00016101060926770294
1669.536376953125 0.9998295099075928 0.00016122039446840104
1669.5571899414062 1.0000611436532278 0.00016129088568281208
1669.5780639648438 1.0001340788218647 0.0001613071390400541
1669.598876953125 0.9999490933547976 0.00016125698830570117
1669.6196899414062 0.9995140249312462 0.00016113071140626205
1669.6405639648438 1.0001770728316846 0.00016115358682522487
1669.661376953125 1.0005390807882457 0.00016089596291603514
1669.6821899414062 0.9997565709234089 0.00016066121072081906
1669.7030639648438 1.0002697117152155 0.0001605284213522686
1669.723876953125 0.9996439271395396 0.0001603094235365969
1669.7446899414062 0.9999790870043773 0.00016022831485101543
1669.7655639648438 1.000020552130467 0.00016028426457926782
1669.786376953125 0.9998879468673504 0.00016027058101702047
1669.8071899414062 1.0003875743506931 0.00016030691324619853
1669.8280639648438 0.9995638513368644 0.0001603620274171273
1669.848876953125 1.0004169786283958 0.00016050921440253883
1669.8696899414062 0.9997906171760059 0.0001604838186302639
1669.8905639648438 0.9999993575554418 0.00016040333626757953
1669.911376953125 0.9998711148183277 0.00016028895874993415
1669.9321899414062 1.000187550301965 0.00015996603879470003
1669.9530639648438 1.0000229918086663 0.0001597157359298635
1669.973876953125 0.9998410344804192 0.00015947718592094164
1669.9946899414062 1.000028622349237 0.00015916944038032527
1670.0155639648438 0.9999613062553038 0.00015890143549927637
1670.036376953125 1.0003492413688981 0.00015876841298360217
1670.0571899414062 0.999596981249881 0.00015869884218438208
1670.0780639648438 0.9999859100190152 0.00015864116376712673
1670.098876953125 1.0004479081717719 0.00015864996850829618
1670.1196899414062 0.9996778003674459 0.0001586564038102141
1670.1405639648438 1.0000073191023806 0.00015863582357567498
1670.161376953125 0.9998689125437742 0.00015871324865186526
1670.1821899414062 1.0002682037146449 0.0001586608087321367
1670.2030639648438 0.9999636486307276 0.00015862930981169575
1670.223876953125 1.0000241326581896 0.00015849540641568212
1670.2446899414062 0.9996309412204799 0.00015835613887945217
1670.2655639648438 1.0002055057613726 0.00015832243036345166
1670.286376953125 1.0001326654061349 0.00015815771178747133
1670.3071899414062 1.0001276519754483 0.00015804011094656378
1670.3280639648438 0.9997569510177617 0.0001579418443872368
1670.348876953125 0.9998059007538287 0.00015787700605416084
1670.3696899414062 1.0004054802980349 0.00015782488850182364
1670.3905639648438 0.9997519729407764 0.00015793196659338136
1670.411376953125 1.000219943653558 0.0001579292852590728
1670.4321899414062 0.9998946325321324 0.0001577516733044655
1670.4530639648438 0.9999285229721088 0.00015779622359893026
1670.473876953125 0.9998810790331001 0.00015793372902220216
1670.4946899414062 1.0001137562802644 0.00015797055483888795
1670.5155639648438 1.0002230283170614 0.00015810142029280168
1670.536376953125 1.000016547966527 0.0001583439809832912
1670.5571899414062 0.9995551457568586 0.00015843325480517835
1670.5780639648438 1.0000812708363034 0.0001587025623315414
1670.598876953125 1.0001284454585162 0.00015858648647498275
1670.6196899414062 1.000351885495124 0.00015873418607330195
1670.6405639648438 0.9997788071400512 0.00015857722886559759
1670.661376953125 0.9997161781539187 0.00015863839097248007
1670.6821899414062 0.9999394662225523 0.00015853508572902166
1670.7030639648438 1.0003885581557315 0.00015849921715106437
1670.723876953125 1.0002738101739324 0.00015843624439342333
1670.7446899414062 0.9995451485488276 0.00015838930344822238
1670.7655639648438 0.9998350304917818 0.00015853297667861284
1670.786376953125 1.000289722273167 0.00015844693048588164
1670.8071899414062 0.9995410281306787 0.00015855773928281233
1670.8280639648438 1.0005714207928407 0.00015859315437307908
1670.848876953125 0.99993904965853 0.000158579520219181
1670.8696899414062 1.0000307182286858 0.00015865423592407397
1670.8905639648438 0.9999009761644347 0.0001586153378682068
1670.911376953125 0.9997558078489993 0.00015847058582224116
1670.9321899414062 0.9999559548989523 0.00015846804776725707
1670.9530639648438 1.0003305529598308 0.00015822392698521483
1670.973876953125 0.9998628318851245 0.00015810567850695997
1670.9946899414062 1.0001990183066642 0.0001578084384100463
1671.0155639648438 0.9997010220261355 0.00015766331276354518
1671.036376953125 1.0001786914537474 0.0001575358016560221
1671.0571899414062 1.0000262816495216 0.00015744155375169028
1671.0780639648438 0.9999140830077826 0.00015750016275207612
1671.098876953125 0.9998790706900738 0.00015749084597804487
1671.1196899414062 0.9999585743850095 0.00015747759086596333
1671.1405639648438 1.0004695813366062 0.00015757406039457647
1671.161376953125 0.9997691759415217 0.00015763275608532735
1671.1821899414062 1.0001029998480635 0.00015764190260464232
1671.2030639648438 0.9997576956673795 0.00015763997312173136
1671.223876953125 0.9998207856945253 0.00015753709551815127
1671.2446899414062 1.0000738519536172 0.00015746074671411678
1671.2655639648438 1.0000993952622796 0.00015739813334913447
1671.286376953125 1.0002552140590764 0.00015719382148631736
1671.3071899414062 1.0002049316024746 0.00015707951178582224
1671.3280639648438 0.9997153756478941 0.00015711481503049947
1671.348876953125 0.9995923133176587 0.00015686302874600553
1671.3696899414062 1.0000483045363524 0.00015678479277077425
1671.3905639648438 1.0003911700999437 0.00015680462510520623
1671.411376953125 1.0001914440799473 0.0001567301594906602
1671.4321899414062 0.9998380615640389 0.00015668217933286898
1671.4530639648438 0.9995813301121573 0.000156681310034031
1671.473876953125 1.000109382215398 0.00015673956955754252
1671.4946899414062 1.000197811549951 0.0001566627834078606
1671.5155639648438 1.0000068794029844 0.00015682387497137988
1671.536376953125 0.9998339997044294 0.00015682607453287203
1671.5571899414062 0.9999407074322957 0.00015691923107521497
1671.5780639648438 1.000615605236642 0.00015708568636283447
1671.598876953125 0.9997008880904752 0.0001569467423668748
1671.6196899414062 0.9997514641422255 0.00015697088555559547
1671.6405639648438 0.9998260466058326 0.00015691126090773067
1671.661376953125 1.0001720311062723 0.00015692428366200284
1671.6821899414062 1.0002717331654145 0.00015694564108172077
1671.7030639648438 0.9997114007710953 0.0001568108490020279
1671.723876953125 1.0000915944287634 0.00015688086424276145
1671.7446899414062 0.9994047916018997 0.00015685844932320474
1671.7655639648438 0.9971326626715508 0.00015675899763198555
1671.786376953125 0.996217780390834 0.0001568858769438429
1671.8071899414062 0.996226576151109 0.00015690872112960474
1671.8280029296875 0.9965345724625118 0.0001571419857925499
1671.8488159179688 0.9994125309410075 0.0001571854952227836
1671.8696899414062 1.0003695319758346 0.0001572933512338527
1671.8905029296875 1.000416594364703 0.0001573593235392316
1671.9113159179688 1.0001396446424236 0.00015718986134847775
1671.9321899414062 1.000068628175441 0.00015720143469738094
1671.9530029296875 0.9998672875758529 0.00015700398164055968
1671.9738159179688 1.000141967402636 0.00015693781869277224
1671.9946899414062 0.9998497570545233 0.0001567608199401265
1672.0155029296875 0.9998824267638703 0.000156568079019358
1672.0363159179688 0.9998571419399007 0.0001565078791421642
1672.0780029296875 1.0002982378890048 0.00015636913561472955
1672.0988159179688 1.0001360880567183 0.00015616438446631754
1672.1196899414062 0.999796267632714 0.0001562457638308976
1672.1405029296875 1.000181027720934 0.00015624800412110883
1672.1613159179688 0.9996179734724667 0.00015618337028875778
1672.1821899414062 1.0001075687760534 0.00015609450985735963
1672.2030029296875 0.9999799842313544 0.00015611978774331107
1672.2238159179688 1.0002961041797502 0.00015612144381310143
1672.2446899414062 1.0001962277075054 0.0001560554644431101
1672.2655029296875 0.9996886711125835 0.00015596393278858946
1672.2863159179688 0.9999712566028954 0.00015590602845385736
1672.3071899414062 0.999625978270859 0.0001558177221848888
1672.3280029296875 1.0004221705742962 0.00015580683648325428
1672.3488159179688 1.0000872699207368 0.00015575623799761942
1672.3696899414062 1.0001022283380208 0.0001556432852542501
1672.3905029296875 0.9996682249743969 0.0001555427111425543
1672.4113159179688 0.9998275404011898 0.0001555584304716112
1672.4321899414062 1.0002590760055592 0.00015558936980221918
1672.4530029296875 1.0000696543322911 0.00015552435743758445
1672.4738159179688 0.999847612823162 0.00015553829864472344
1672.4946899414062 1.0001104786966502 0.00015564292635299567
1672.5155029296875 1.0000333042550147 0.00015563158233190336
1672.5363159179688 0.999926824911272 0.0001557626103449147
1672.5571899414062 1.0000132953839096 0.00015599734217811373
1672.5780029296875 1.0000060276156046 0.00015593167838415863
1672.5988159179688 1.0001369118696022 0.00015597798842641395
1672.6196899414062 0.9997616155913296 0.00015596275353824596
1672.6405029296875 0.9999644320632896 0.00015600902016704385
1672.6613159179688 1.0003911832113506 0.00015609472987692402
1672.6821899414062 1.0000842826783316 0.00015603264150316739
1672.7030029296875 0.9993476756341478 0.00015597985511989822
1672.7238159179688 0.9999395370707418 0.00015600304753712752
1672.7446899414062 1.000103929171456 0.00015609694581338572
1672.7655029296875 1.000607401983103 0.00015598243216363104
1672.7863159179688 0.9996986762829078 0.00015600872041966098
1672.8071899414062 0.9998374930448183 0.00015611366452957824
1672.8280029296875 1.0002881279163167 0.00015611643317518052
1672.8488159179688 0.9998780253621032 0.00015624441720389203
1672.8696899414062 1.0001173506752876 0.00015631963675891868
1672.8905029296875 0.999915922052144 0.00015628648713058958
1672.9113159179688 0.9996042068484606 0.00015627052613874148
1672.9321899414062 1.0001934903651848 0.00015626025299342165
1672.9530029296875 1.0001561822714171 0.00015623123648415217
1672.9738159179688 1.0001122928853479 0.00015605490351393214
1672.9946899414062 0.9998302934663995 0.00015610027720470198
1673.0155029296875 0.9999251308612747 0.0001558452095456167
1673.0363159179688 1.000218501058743 0.00015579439879560592
1673.0571899414062 1.0001573219493425 0.00015575152843563564
1673.0780029296875 0.9997037126557623 0.00015565340396001226
1673.0988159179688 0.9999899297672099 0.00015561835503002407
1673.1196899414062 0.9996259383534011 0.00015557057059422264
1673.1405029296875 1.0002701172382897 0.00015560212427646135
1673.1613159179688 1.0002713796197662 0.00015554776605400015
1673.1821899414062 1.0001353713069128 0.00015561847483875612
1673.2030029296875 0.9999248961819633 0.00015556782589648557
1673.2238159179688 0.9994748565408496 0.00015556686058131166
1673.2446899414062 1.000319628393994 0.00015556337392992755
1673.2655029296875 0.9997601720648518 0.00015546039315015992
1673.2863159179688 1.00028975059137 0.00015535852062571382
1673.3071899414062 1.0000519681109097 0.00015544048721824786
1673.3280029296875 1.000150957621922 0.00015522557707958712
1673.3488159179688 0.9999725303464326 0.00015523763269917107
1673.3696899414062 0.9997316525216349 0.00015520257108474247
1673.3905029296875 0.9999349134660371 0.00015509403355150108
1673.4113159179688 0.9997191369597681 0.0001549923158207286
1673.4321899414062 1.000311624780648 0.00015501758378589197
1673.4530029296875 1.000456653056248 0.00015503405110306494
1673.4738159179688 1.0034556574989166 0.00018390077659569685
1673.4946899414062 0.9996607752170349 0.00015505881492178532
1673.5155029296875 0.9998683439121776 0.00015512087790696917
1673.5363159179688 1.0000947773310027 0.00015522360615387778
1673.5571899414062 1.0001819179728713 0.00015534700013276843
1673.5780029296875 0.9999124029800155 0.00015538491389465554
1673.5988159179688 0.9998321951192465 0.00015553147427920078
1673.6196899414062 0.9999819736705189 0.00015553914101426475
1673.6405029296875 0.9998885054114801 0.00015559514471313014
1673.6613159179688 1.000103222025535 0.00015570780355586954
1673.6821899414062 1.0001218002038221 0.00015578069057522616
1673.7030029296875 1.0002646015078285 0.00015587503961827826
1673.7238159179688 0.999972671649293 0.00015572452673602441
1673.7446899414062 0.9996491924846118 0.00015574379948621783
1673.7655029296875 1.0000130572200985 0.00015584082785578433
1673.7863159179688 0.9998374200448853 0.00015585441684358862
1673.8071899414062 1.000317311383977 0.0001557855885627552
1673.8280029296875 0.9999924700031506 0.00015580249421430782
1673.8488159179688 0.9997106781203092 0.0001558040678885195
1673.8696899414062 1.0002215178674785 0.00015585716394320533
1673.8905029296875 1.0003040995233587 0.00015578442012861463
1673.9113159179688 0.9998631897416186 0.0001557938005377496
1673.9321899414062 0.9997238095915864 0.00015574069492092898
1673.9530029296875 0.9997706366442725 0.00015562894602395082
1673.9738159179688 1.0004511661996403 0.00015552390933137687
1673.9946899414062 0.9999660671775105 0.00015552344400783782
1674.0155029296875 1.0002415640334865 0.00015532951894968027
1674.0363159179688 0.9995401247398684 0.000155266004117859
1674.0571899414062 1.0000262173585166 0.00015518481663488813
1674.0780029296875 1.0001046739035153 0.00015511653904653984
1674.0988159179688 1.000035837882021 0.00015509466270877733
1674.11962890625 1.0000673256130006 0.00015510383129120956
1674.1404418945312 1.000144043675833 0.00015505966278010395
1674.1613159179688 1.000071686157496 0.0001549799324917707
1674.18212890625 0.9998097548502214 0.00015509447059774108
1674.2029418945312 0.99848461743082 0.00015498233727941914
1674.2238159179688 0.9966914267120922 0.00015492229648504945
1674.24462890625 0.9965584217194529 0.00015487190901317815
1674.2654418945312 0.9962992084656361 0.00015489891401795314
1674.2863159179688 0.9971829247520593 0.00015481369803049992
1674.30712890625 0.9998037154559445 0.00015499931599037418
1674.3279418945312 1.000161471772228 0.00015479829232038702
1674.3488159179688 1.0001748372067711 0.00015481944796542828
1674.36962890625 1.0002059023762084 0.0001545993836075955
1674.3904418945312 0.9997318676288712 0.00015465066537319658
1674.4113159179688 0.9998047503517958 0.00015453271553681982
1674.43212890625 0.9999394379980401 0.00015459667200927126
1674.4529418945312 1.0001504482885522 0.00015456383007755826
1674.4738159179688 1.0000049177676305 0.00015461489034180513
1674.49462890625 1.0001836245842735 0.00015464304682613603
1674.5154418945312 0.9997517992092642 0.00015467630730104352
1674.5363159179688 0.9999350249763048 0.00015472810581963425
1674.55712890625 1.0002817941979412 0.0001548677369321907
1674.5779418945312 1.0000448943391558 0.000154919467906666
1674.5988159179688 0.9998028563814098 0.00015500130475492574
1674.61962890625 0.9999719738738901 0.00015509489877964014
1674.6404418945312 1.000146311691889 0.0001553095534239319
1674.6613159179688 1.0000332820960602 0.00015526298283670601
1674.68212890625 0.9999580307069419 0.00015520951168012423
1674.7029418945312 0.9996034646435137 0.00015533360017018526
1674.7238159179688 1.0002685148574069 0.00015537008011697783
1674.74462890625 1.0001362309216804 0.00015519760196637097
1674.7654418945312 0.9999438705777333 0.00015522923735092667
1674.7863159179688 0.9999147551124439 0.00015526450550277946
1674.80712890625 1.0003392018392256 0.00015524934912447986
1674.8279418945312 0.9995202036201853 0.00015522596169617093
1674.8488159179688 0.9999249453343984 0.00015527475358990871
1674.86962890625 1.0003717020876428 0.0001552611290034184
1674.8904418945312 1.0001203676448365 0.00015532333362139173
1674.9113159179688 1.0001333693644543 0.00015535260324632845
1674.93212890625 0.9996245419319395 0.0001552189364939696
1674.9529418945312 0.9997881471011443 0.00015510475777271143
1674.9738159179688 0.9999600135272302 0.00015503588885892126
1674.99462890625 1.0003250217591526 0.00015497979474380613
1675.0154418945312 1.0000292649482156 0.00015484868070280358
1675.0363159179688 0.9999015494373771 0.00015475960965737396
1675.05712890625 0.9998194216697892 0.000154675354002776
1675.0779418945312 1.0004395835845297 0.00015466298009338348
1675.0988159179688 0.999923883869379 0.00015461941713990277
1675.11962890625 0.9997548750872854 0.0001545318038014747
1675.1404418945312 1.0000985754434526 0.00015454303179785508
1675.1613159179688 0.9999237415242737 0.00015448701113113814
1675.18212890625 0.9999734789005089 0.0001545073645069637
1675.2029418945312 1.000265995956528 0.00015447105532671938
1675.2238159179688 0.9998598069455708 0.0001545739271348622
1675.24462890625 0.9999222027024206 0.00015444416314568414
1675.2654418945312 0.9998775976979092 0.000154456574393934
1675.2863159179688 1.0001779239319475 0.00015437973178877626
1675.30712890625 1.00003260859103 0.0001544867339073552
1675.3279418945312 0.9999701270285688 0.00015428379167675037
1675.3488159179688 0.9998466359650177 0.0001542375032089079
1675.36962890625 1.000348661875007 0.00015412971317203304
1675.3904418945312 0.9998595719689588 0.00015415424213070653
1675.4113159179688 0.9996222870439457 0.00015411569038479675
1675.4529418945312 1.000317969358246 0.00015404102812733653
1675.4738159179688 1.0001257401477743 0.00015412874429333601
1675.49462890625 0.9997812779284748 0.00015410448351792742
1675.5154418945312 1.0002497007559323 0.0001542452020778575
1675.5363159179688 0.9998103462772419 0.0001542537479454968
1675.55712890625 0.9998215537925863 0.00015438414389368031
1675.5779418945312 1.000082268659914 0.00015446035529224125
1675.5988159179688 1.0001503145234798 0.00015452266903098302
1675.61962890625 1.0001616734468797 0.00015459813200838435
1675.6404418945312 0.9998872157371669 0.0001546214093813566
1675.6613159179688 1.0000011255384935 0.00015472924011043527
1675.68212890625 0.999809170308662 0.00015470671930930988
1675.7029418945312 1.000122943477475 0.0001547209857784767
1675.7238159179688 1.0001652190944998 0.00015472242251118277
1675.74462890625 0.9997267122867598 0.00015486638386316565
1675.7654418945312 0.9999684179231626 0.00015470418682555104
1675.7863159179688 0.9998752473982295 0.00015463577809009284
1675.80712890625 1.0003710165540436 0.00015462590722051993
1675.8279418945312 0.9999101302417799 0.00015463574460651975
1675.8488159179688 0.9999796469478671 0.00015463838411232205
1675.86962890625 0.9999065009934737 0.0001547199625618381
1675.8904418945312 1.000034182574418 0.00015483613085191515
1675.9113159179688 1.0001071505829664 0.00015470362579023372
1675.93212890625 1.000137712280407 0.00015469299777422853
1675.9529418945312 0.9996268378397392 0.00015462754840330658
1675.9738159179688 1.000201803869834 0.00015453337595192936
1675.99462890625 1.000114002745285 0.00015442779771218906
1676.0154418945312 0.9997900412472395 0.00015437895456284044
1676.0363159179688 0.9998292761721166 0.00015425435596810004
1676.05712890625 1.0002978240235818 0.00015428098289243584
1676.0779418945312 1.000223666174377 0.00015424530522684354
1676.0988159179688 0.9997969142190287 0.00015409485180845685
1676.11962890625 0.9998419673742145 0.00015407770432784504
1676.1404418945312 0.9997745586813843 0.0001540848288936397
1676.1613159179688 1.0000428879026642 0.0001539700571290751
1676.1820678710938 1.0005368517326316 0.0001539651465355123
1676.2029418945312 1.0001219173110998 0.00015398493632270266
1676.2237548828125 0.9997600403929172 0.00015397537336500383
1676.2445678710938 0.9994830466578037 0.00015408296598501796
1676.2654418945312 1.000297195504192 0.0001539704770505879
1676.2862548828125 0.9999743443629816 0.00015401640952767605
1676.3070678710938 1.0000441408758105 0.0001539427154140256
1676.3279418945312 1.000061746018045 0.00015388225116081094
1676.3487548828125 1.0000636225613015 0.000153962654810474
1676.3695678710938 0.9998939577547719 0.00015367707815298393
1676.3904418945312 1.0003763319449506 0.00015379723484685264
1676.4112548828125 0.9994326034282811 0.0001536427435151178
1676.4320678710938 1.000061875631293 0.00015380369716578682
1676.4529418945312 1.0002607484949753 0.00015368818150857862
1676.4737548828125 0.9997068026482563 0.0001536473925232113
1676.4945678710938 1.0004929278933457 0.00015364370289187778
1676.5154418945312 0.9996510454089796 0.00015365711547229543
1676.5362548828125 0.9997239937754094 0.00015373054976414654
1676.5570678710938 1.0004436754668473 0.0001538464421335152
1676.5779418945312 1.000027230562322 0.0001539045312223132
1676.5987548828125 0.999751333060948 0.0001538970593757297
1676.6195678710938 1.00042256252246 0.00015398924098699858
1676.6404418945312 0.9997441885884485 0.00015426228984241332
1676.6612548828125 0.9989861213060839 0.0001540168467849405
1676.6820678710938 0.9971006402130201 0.00015406998689231898
1676.7029418945312 0.9967971133459607 0.00015394369318842387
1676.7237548828125 0.9976152975358193 0.00015390601657433892
1676.7445678710938 0.9976353319248705 0.00015393136239835368
1676.7654418945312 1.0001716751477747 0.00015403625714594855
1676.7862548828125 0.999717059829445 0.00015410690484566404
1676.8070678710938 0.9997893745675662 0.00015399067364268393
1676.8279418945312 1.0004747786902348 0.00015412946995466256
1676.8487548828125 1.0000616694420013 0.00015407645024290132
1676.8695678710938 0.9997726933089514 0.00015411981859317876
1676.8904418945312 1.000048074242226 0.00015408023008255039
1676.9112548828125 0.9998061128859153 0.00015411110753684734
1676.9320678710938 1.0003684752342914 0.00015414839867263614
1676.9529418945312 0.9999440802680936 0.00015401630474034305
1676.9737548828125 0.9995768244457127 0.00015391143418473267
1676.9945678710938 0.9998629104552504 0.00015393680326350562
1677.0154418945312 1.0005079499644842 0.0001537983164520732
1677.0362548828125 1.0001543753019468 0.0001538795466602385
1677.0570678710938 0.9998954088153779 0.00015367151580462219
1677.0779418945312 0.9995692085249154 0.0001535990619030862
1677.0987548828125 1.0002277809240265 0.00015362148767273474
1677.1195678710938 0.9999232275613453 0.00015359276273575731
1677.1404418945312 1.0003558322809847 0.00015361349648776215
1677.1612548828125 0.9998271514774529 0.00015385065391657418
1677.1820678710938 0.999879604429579 0.00015357171678882233
1677.2029418945312 1.0000267053022647 0.00015364450296339528
1677.2237548828125 1.0000799519003924 0.00015353056760006434
1677.2445678710938 0.9997262387357138 0.00015352292275405498
1677.2654418945312 1.00015751275821 0.00015344582046173275
1677.2862548828125 1.0002645597404363 0.00015349469658787528
1677.3070678710938 0.9996028348184877 0.0001534057838910412
1677.3279418945312 1.0001975685583235 0.00015341228127963282
1677.3487548828125 1.0002562359328413 0.0001535281621395129
1677.3695678710938 0.9999133306580748 0.00015340231392849623
1677.3904418945312 0.9999249833103734 0.000153380133355881
1677.4112548828125 0.9998746829349816 0.00015330220179264728
1677.4320678710938 0.9996963311429949 0.00015327705521957067
1677.4529418945312 1.0003113127443906 0.00015329497257483455
1677.4737548828125 1.0000280474738896 0.00015321635926977261
1677.4945678710938 0.9999651318209823 0.00015336621347274086
1677.5154418945312 1.0001405459836428 0.00015329673330236838
1677.5362548828125 0.9997577416093207 0.0001532744640267577
1677.5570678710938 1.000118692636635 0.00015334862386502665
1677.5779418945312 1.0003226373237044 0.00015333255870241463
1677.5987548828125 0.9995550780630275 0.00015333481872870756
1677.6195678710938 0.9998933582902007 0.0001534222403971195
1677.6404418945312 1.0004197745559755 0.0001534030870085579
1677.6612548828125 0.9999220450833467 0.00015350228092772823
1677.6820678710938 0.9997180668474936 0.00015347267431509246
1677.7029418945312 1.0000214934477705 0.00015342241268238299
1677.7237548828125 1.0002163204924845 0.00015356894933262773
1677.7445678710938 1.0000738768432125 0.00015338634294708906
1677.7654418945312 1.000066870210694 0.00015337574958132426
1677.7862548828125 0.9997271467421581 0.0001534380579748379
1677.8070678710938 0.9999470881505035 0.00015335985722630046
1677.8279418945312 1.0001330145510503 0.00015338761253354195
1677.8487548828125 0.999863065900642 0.0001534058946494072
1677.8695678710938 1.000304389359857 0.00015340375179603594
1677.8904418945312 0.999809924471473 0.0001533290256773681
1677.9112548828125 0.9998403570664801 0.0001533409114598327
1677.9320678710938 1.0002172264233464 0.00015329589281473343
1677.9529418945312 1.0000487181022355 0.0001532791571346894
1677.9737548828125 0.9999353290725735 0.00015326766194530722
1677.9945678710938 1.000029827254576 0.00015335758207759857
1678.0154418945312 0.9999912687041658 0.0001532141744131001
1678.0362548828125 0.999848769486717 0.0001532970087044465
1678.0570678710938 1.0002213223005105 0.00015320372953385255
1678.077880859375 0.9999956963175121 0.00015328574709986377
1678.0986938476562 0.9998443100940777 0.00015312154824466794
1678.1195678710938 0.9998342674107488 0.00015311744500933177
1678.140380859375 0.9999553954907081 0.00015313791364793096
1678.1611938476562 1.0003777583426445 0.00015317638153137362
1678.1820678710938 1.0001230377970391 0.00015315819254597696
1678.202880859375 0.9997922377040963 0.00015319131372339907
1678.2236938476562 0.9997917492870423 0.00015314355073893534
1678.2445678710938 1.0002012563758926 0.00015314952358882274
1678.265380859375 0.9999849703370529 0.00015320900896649038
1678.2861938476562 0.9997247675445264 0.00015317100899863518
1678.3070678710938 1.0004435219719892 0.00015302659283144665
1678.327880859375 1.0000622760518412 0.00015303719020175926
1678.3486938476562 0.9997607050651809 0.00015295612091404371
1678.3695678710938 0.9999973715532309 0.0001529108107172075
1678.390380859375 0.9998918209261416 0.0001529345378602171
1678.4111938476562 0.9998414932599783 0.00015292539862520556
1678.4320678710938 1.0002784872353276 0.00015286029596785092
1678.452880859375 1.000164938757714 0.00015290304453712236
1678.4736938476562 1.0000329068592329 0.00015279833975852803
1678.4945678710938 0.9995240212265754 0.00015285939415843585
1678.515380859375 1.0002113625013114 0.00015288137638943855
1678.5361938476562 1.0001578437205638 0.00015289212981390522
1678.5570678710938 1.0000180503357672 0.0001529508506207541
1678.577880859375 0.9995642861343023 0.0001529700511029204
1678.5986938476562 1.0004073659859558 0.00015288773691872143
1678.6195678710938 0.9999102362470722 0.00015303986928767661
1678.640380859375 0.9997634755068846 0.00015294875317666237
1678.6611938476562 1.000286904273407 0.00015295029163799303
1678.6820678710938 1.0000219168356606 0.00015306344436813053
1678.702880859375 1.0002703480589221 0.00015298710889131842
1678.7236938476562 0.9995356891051628 0.0001530827791094533
1678.7445678710938 1.000138143663022 0.00015300113283576788
1678.765380859375 0.9999912167279682 0.00015308687364729855
1678.7861938476562 0.9998622291003249 0.00015293018880916322
1678.827880859375 1.0000399620540836 0.0001529446127624828
1678.8486938476562 0.9999187426091745 0.00015293999918912876
1678.8695678710938 1.000171389112137 0.000152891164432464
1678.890380859375 1.0002226179503668 0.00015287199180671212
1678.9111938476562 0.999774869983049 0.0001528744539294513
1678.9320678710938 0.9998499969689627 0.00015284163515497839
1678.952880859375 1.0002894284935298 0.0001529181817141365
1678.9736938476562 1.0000953115393934 0.00015297721401975352
1678.9945678710938 0.9997849643753243 0.00015283450430528562
1679.015380859375 0.9995524145295951 0.00015289761811554948
1679.0361938476562 1.000417750831214 0.0001527950380621666
1679.0570678710938 1.0002600808040032 0.0001528480658146207
1679.077880859375 1.0001066287935345 0.0001528621857296632
1679.0986938476562 0.9997358538759674 0.00015287954252026496
1679.1195678710938 0.9980679990452606 0.0001525855716967365
1679.140380859375 0.9965073378202889 0.00015250019844026598
1679.1611938476562 0.9968915592747287 0.00015249036212805841
1679.1820678710938 0.9967414716451429 0.00015244218825385413
1679.202880859375 0.9976890713827915 0.0001524399596757252
1679.2236938476562 1.000203969170448 0.00015248294839960758
1679.2445678710938 0.999898009638382 0.00015254664360179917
1679.265380859375 1.0002417128086059 0.00015245549317022158
1679.2861938476562 0.9994403990287095 0.00015249626683658013
1679.3070678710938 0.9999366587062831 0.00015255365657451602
1679.327880859375 0.9999209603663483 0.00015245674768106195
1679.3486938476562 0.9999048721231016 0.00015234074304781265
1679.3695678710938 1.0003272979108346 0.00015230202611167185
1679.390380859375 0.9999823342373997 0.00015223506125537146
1679.4111938476562 1.000267461178098 0.00015221776418350124
1679.4320678710938 0.9996850839926524 0.00015224199652568191
1679.452880859375 0.99998681608727 0.0001522324386120098
1679.4736938476562 0.9998419902674376 0.00015215659619273846
1679.4945678710938 1.0001080447618522 0.00015218689129439548
1679.515380859375 1.0001844921776157 0.0001521915641449878
1679.5361938476562 0.9997402205060779 0.00015205367678381893
1679.5570678710938 1.0000274101331958 0.0001520164042705961
1679.577880859375 1.0003208588540409 0.00015200054729708938
1679.5986938476562 0.999833380799153 0.00015198026587683592
1679.6195678710938 1.0001261295307982 0.00015205575920609904
1679.640380859375 0.9996889672495324 0.00015209904286621
1679.6611938476562 0.9997966890508705 0.00015191883495453581
1679.6820678710938 1.0005320211482962 0.0001518706305704409
1679.702880859375 1.000131571334415 0.0001519190010603934
1679.7236938476562 0.9997276151318409 0.00015184857733849274
1679.7445678710938 0.9999081866526197 0.00015192506084047292
1679.765380859375 0.9997288092428672 0.00015186114505449428
1679.7861938476562 1.0003788677408845 0.00015179349492422097
1679.8070068359375 0.999798912656186 0.00015180180518937873
1679.8278198242188 1.0002582859030902 0.000151751946336125
1679.8486938476562 1.0000207611133187 0.0001517493261740335
1679.8695068359375 0.9997932808541218 0.00015176413504997417
1679.8903198242188 1.0003397391269049 0.00015183832989345967
1679.9111938476562 0.9997133198979188 0.0001517226718299876
1679.9320068359375 0.9998269044833232 0.00015179589123242502
1679.9528198242188 1.0001921506570066 0.00015175504727354955
1679.9736938476562 0.9997222380486493 0.00015174013701112627
1679.9945068359375 1.000315661172779 0.00015168606499009723
1680.0153198242188 0.9999308482041028 0.00015175818792446583
1680.0361938476562 1.0003171467250314 0.00015173620061453025
1680.0570068359375 0.9999399028798708 0.00015168389342869298
1680.0778198242188 0.9997065048869144 0.00015175892643869152
1680.0986938476562 0.9996942228908617 0.00015172512000135755
1680.1195068359375 1.0001723725355858 0.00015177340680354177
1680.1403198242188 1.0006330844682554 0.00015170417673674745
1680.1611938476562 0.9997569187343098 0.0001518013126325319
1680.1820068359375 0.9996526345415865 0.00015177698487085504
1680.2028198242188 0.9998662916992218 0.00015168092099488304
1680.2236938476562 1.0000725795688565 0.0001516738564268807
1680.2445068359375 1.0004665268181332 0.0001517249982328082
1680.2653198242188 0.9998691195382291 0.00015187447775505934
1680.2861938476562 0.9998810891529485 0.0001516072574261269
1680.3070068359375 1.0001400016285333 0.000151690722546161
1680.3278198242188 0.9997431773412999 0.00015167617206661508
1680.3486938476562 1.0002484716877842 0.00015176995486198376
1680.3695068359375 0.999628061370271 0.00015166697732903902
1680.3903198242188 1.00019432437208 0.0001516764422175588
1680.4111938476562 1.0001561260787741 0.0001517803534652445
1680.4320068359375 0.9998303061869404 0.00015167311187719879
1680.4528198242188 1.0000975632872178 0.0001516715023766874
1680.4736938476562 1.0000006477520096 0.00015164378307193314
1680.4945068359375 1.0000673735920493 0.0001516832705104965
1680.5153198242188 0.9997595938594994 0.00015166553985398817
1680.5361938476562 1.0000030765087244 0.00015170574224200768
1680.5570068359375 0.9999785555477287 0.00015182609998246738
1680.5778198242188 1.0003853611152882 0.0001516921839381417
1680.5986938476562 1.000109739289435 0.00015173154051139001
1680.6195068359375 0.9997666085989293 0.0001517777860970337
1680.6403198242188 0.9995830274334414 0.00015168846901407134
1680.6611938476562 0.9999752866174285 0.00015178076722213824
1680.6820068359375 1.0005677938237019 0.00015175627301790447
1680.7028198242188 0.9997426906659866 0.00015169241662276681
1680.7236938476562 0.9998952509800363 0.00015169657619029238
1680.7445068359375 1.0003007995542228 0.0001517292236262374
1680.7653198242188 0.9998874548781757 0.00015172938773331626
1680.7861938476562 1.000070471206729 0.0001516968365862225
1680.8070068359375 0.9996788340343936 0.0001517791218318815
1680.8278198242188 1.0000001814821295 0.00015177881256309725
1680.8486938476562 1.0002575845417268 0.00015173768083055945
1680.8695068359375 1.0001223051182437 0.0001517772898376584
1680.8903198242188 0.9999371615812719 0.00015183393762799175
1680.9111938476562 0.9997922135709337 0.0001519059776968912
1680.9320068359375 0.9999180831664697 0.00015177074422332985
1680.9528198242188 0.9999750397006706 0.00015173592741270827
1680.9736938476562 1.0000883884730805 0.0001517506323809634
1680.9945068359375 1.0002282884735973 0.0001518741605764729
1681.0153198242188 1.0003305194247405 0.0001517965328598404
1681.0361938476562 0.9996725177642473 0.00015186316146998993
1681.0570068359375 0.9994913353602822 0.00015181577095410958
1681.0778198242188 1.0001173483553076 0.00015186132685311254
1681.0986938476562 1.0005597311878403 0.00015182725183282545
1681.1195068359375 0.9997066061934179 0.00015181895646580742
1681.1403198242188 0.9998432299612792 0.00015180192809512077
1681.1611938476562 1.0000646595466507 0.00015172836535092061
1681.1820068359375 1.0001377395484565 0.00015189040021723415
1681.2028198242188 1.0000404176881341 0.0001517636036330495
1681.2236938476562 0.9999589474712117 0.00015184415842905413
1681.2445068359375 0.9999359668320197 0.00015196274124398157
1681.2653198242188 0.9999418278601226 0.000151802334473417
1681.2861938476562 1.0000255679013295 0.000151769804606148
1681.3070068359375 0.9999511219102242 0.00015180042575512888
1681.3278198242188 1.0004616148821608 0.00015174294638139327
1681.3486938476562 0.9997701510753086 0.00015164257918903152
1681.3695068359375 0.9996469207043925 0.00015164837229820103
1681.3903198242188 1.0000591984785734 0.0001516144920426998
1681.4111328125 0.9998306020808972 0.00015161424858040862
1681.4319458007812 1.000673520028412 0.00015154551785068939
1681.4528198242188 0.9997876390201702 0.00015170105299967544
1681.4736328125 0.9995359227800225 0.0001517045007950621
1681.4944458007812 1.0001834249953214 0.00015174028466005126
1681.5153198242188 1.000461470103726 0.00015171149769993222
1681.5361328125 0.9998380061749755 0.00015171418933601277
1681.5569458007812 0.9999023224278653 0.0001517185549263593
1681.5778198242188 0.9976788703085678 0.00015165604958559728
1681.5986328125 0.9974442214890584 0.00015163190758830074
1681.6194458007812 0.9978132919654348 0.0001516932963059654
1681.6403198242188 0.9981037857706485 0.00015175077099758208
1681.6611328125 0.9995346048786968 0.00015182210698168441
1681.6819458007812 1.0011671960771173 0.00015180862061848956
1681.7028198242188 1.0004107569011484 0.00015188081017373026
1681.7236328125 1.000340395624408 0.00015178727139257117
1681.7444458007812 0.9999427401875896 0.00015183439053740723
1681.7653198242188 0.9997622838784882 0.00015174621525135897
1681.7861328125 1.0002426140533798 0.00015170501045925748
1681.8069458007812 1.0000638804267452 0.00015187326524302013
1681.8278198242188 0.9999751341437266 0.00015174918768004212
1681.8486328125 0.9998916454409976 0.00015182676208292775
1681.8694458007812 1.0000316515706356 0.00015176990026508717
1681.8903198242188 1.0000811442699253 0.0001518039094906786
1681.9111328125 0.9998326530060649 0.00015185257241159025
1681.9319458007812 0.9997098283297523 0.00015173627100555656
1681.9528198242188 1.0006032080662755 0.00015187032629770735
1681.9736328125 0.999666271905198 0.00015190585694828566
1681.9944458007812 1.0000623376008686 0.00015187041457115016
1682.0153198242188 0.9997108210486468 0.00015177664227340927
1682.0361328125 1.0003338728000213 0.0001517586302817486
1682.0569458007812 1.000440219737428 0.0001518908531875276
1682.0778198242188 0.9994638275910502 0.000151768556369541
1682.0986328125 1.00013314595378 0.0001518251704730333
1682.1194458007812 0.9994137814492874 0.00015188664279223876
1682.1403198242188 1.0005101733850388 0.00015184423667345069
1682.1611328125 1.0001115743117286 0.0001519427244756927
1682.2028198242188 1.0000754355945127 0.0001519866952947095
1682.2236328125 1.0001239673946707 0.0001520023484710209
1682.2444458007812 0.9997168073300119 0.00015201846061796664
1682.2653198242188 0.9995863004234465 0.0001520139848026382
1682.2861328125 0.9999476693544618 0.00015205721203363093
1682.3069458007812 1.000180318169868 0.00015207930895073707
1682.3278198242188 1.0003852519178138 0.00015211744884990758
1682.3486328125 0.9997842724255861 0.00015206981147315116
