time flux flux_err
1653.9745483398438 -1.3983468775082488 0.00014315096634616637
1653.9954223632812 -1.2678199109531019 0.00016966231086950473
1654.0162353515625 -0.8508041056078894 0.00024077801186146342
1654.0579223632812 -0.6419020101876936 0.0009255015638773584
1654.0787353515625 -0.08757638516863954 0.0009403329191015521
1654.0995483398438 0.182010055071303 0.0009514655863453289
1654.1204223632812 0.033652679363413235 0.0009660952892651088
1654.1829223632812 0.10845142081924523 0.00020037146776071725
1654.2037353515625 1.2856051676405673 0.00017637820039831633
1654.2245483398438 1.4688527102576405 0.00018332764066369433
1654.2454223632812 1.6678149250869903 0.0001817229853739754
1654.2662353515625 1.4879450983127354 0.00016787189326248787
1654.2870483398438 1.193839018473133 0.0001553194714746404
1654.3079223632812 1.002186071594883 0.00014711085317894906
1654.3287963867188 1.0199052328951546 0.00014614117198200995
1654.349609375 1.0171686316100823 0.00014462664377647242
1654.3704223632812 0.9766108332328354 0.00014088619327695386
1654.3912963867188 0.9925631257067242 0.0001395899658551849
1654.412109375 0.9743379317093075 0.0001387483219973296
1654.4329223632812 0.990387225454019 0.00013835604095448743
1654.4537963867188 1.0001647264261624 0.0001384137479233168
1654.474609375 0.9856101688446322 0.00013564017856326947
1654.4954223632812 1.0073725167587377 0.0001327584552519821
1654.537109375 1.0166808780854188 0.0001302507692564895
1654.5579223632812 0.9974511840234991 0.0001274103679631881
1654.5787963867188 0.9998035844983629 0.00012479944977733661
1654.599609375 1.0004969299669804 0.00012221575530219875
1654.6204223632812 0.9964444806883238 0.00011963490044565314
1654.6412963867188 1.0193645084795826 0.00012050274183935544
1654.662109375 1.036675592291663 0.00012135926268328382
1654.6829223632812 1.061588915181459 0.00012221450151898413
1654.7037963867188 1.0833144321144887 0.00012304875779630182
1654.724609375 1.0993277280266762 0.00012360455499964079
1654.7454223632812 1.0787671395763923 0.00012308678512146435
1654.7662963867188 1.3175421939347352 0.0001312000202307503
1654.849609375 1.4560833261225916 0.00014054456470889067
1654.8704223632812 1.0945208385919207 0.00012893090070376716
1654.8912963867188 1.0128237331301408 0.00012436504730217325
1654.912109375 0.9970858634099788 0.00012475755874294915
1654.9329223632812 0.9860072213534029 0.00012608243111896913
1654.9537963867188 0.993197293690352 0.0001275803348279829
1654.974609375 0.9963962298325991 0.00012915523548032322
1654.9954223632812 1.0006896253837778 0.0001300342726045159
1655.0162963867188 0.9978069080392353 0.00012979852108542498
1655.037109375 1.0084415711374186 0.00012948976619563541
1655.0579223632812 0.9846932200549701 0.00012926010246174278
1655.0787963867188 1.009708556318911 0.0001292559680319947
1655.099609375 1.0085508307074011 0.0001293765597976705
1655.1204223632812 1.0082606314135494 0.000129756956620512
1655.1412963867188 0.9989849119427874 0.0001305388077512246
1655.162109375 0.9936972673626805 0.00013072373789221273
1655.1829223632812 0.9891161020689503 0.00013113130657102647
1655.2037963867188 0.9885791752891352 0.00013159898148907493
1655.224609375 1.0030683676159096 0.0001321538876905452
1655.2454223632812 1.017904531925873 0.00013247540836314265
1655.2662963867188 1.0080973985172061 0.00013296357094350354
1655.287109375 0.9927655814921047 0.0001339374197929593
1655.3079223632812 0.9973036873539126 0.00013531135425560314
1655.3287963867188 1.0024956864107664 0.00013705513644383512
1655.349609375 0.9945670058753764 0.00013909380740401611
1655.3704223632812 0.994242989353426 0.00014050395972976438
1655.3912963867188 1.0068372816679076 0.00014197356104933505
1655.412109375 0.9977469596520822 0.00014420177448827256
1655.4329223632812 1.0035130701298036 0.0001458855393806771
1655.4537963867188 1.0074774531837989 0.00014748396079574202
1655.474609375 0.9872676613327342 0.00014943144492475733
1655.4954223632812 0.9871484278696445 0.00015119384236346475
1655.5162963867188 1.019209761798036 0.00015382814643042335
1655.537109375 1.0041885708326221 0.0001572951948271343
1655.5579223632812 1.0077122277195085 0.00016082874419733712
1655.5787963867188 1.0075483272049781 0.00016396515257726437
1655.599609375 1.006655049358255 0.00016363594724440203
1655.6204223632812 0.9763186908577431 0.00016311740904076735
1655.6412963867188 0.9455393622242585 0.00016294624161299187
1655.662109375 0.9723331236327938 0.0001630236917762914
1655.6829223632812 0.9947154080734358 0.00016603209771663628
1655.7037963867188 1.0044400534845752 0.0001677309523183125
1655.724609375 1.0028769823538501 0.00016838459537512612
1655.7454223632812 0.9918655307018319 0.0001681278101769399
1655.7662963867188 1.0157261090151704 0.00016692980998683985
1655.787109375 0.9847466183850627 0.0001673052662364023
1655.8079223632812 1.011724437470444 0.00016765505991331835
1655.8287963867188 1.0061925506738847 0.000167011971891423
1655.8496704101562 1.0014636479883998 0.00016562812945863041
1655.8704833984375 0.9845276347388277 0.00016492256038030663
1655.8912963867188 0.9966788056822017 0.0001638637714033753
1655.9121704101562 1.0146830865227068 0.00016383316037535273
1655.9329833984375 1.0084768766689576 0.00016304523752962624
1655.9537963867188 0.9875446111027975 0.000162070963623334
1655.9746704101562 1.0018664389918226 0.0001603019247103985
1655.9954833984375 1.0036519924609242 0.000158798104200745
1656.0162963867188 0.998762939729365 0.0001557898258144298
1656.0371704101562 0.9845214436849996 0.00015267300752606745
1656.0579833984375 0.9913884229091025 0.0001517612020262034
1656.0787963867188 0.9977310781712511 0.0001584339915607655
1656.0996704101562 1.0120042778558938 0.0001613285120734131
1656.1204833984375 1.0083628889735747 0.0001628493805453878
1656.1412963867188 1.1376767112212613 0.00017559567915791154
1656.1621704101562 1.6833578661310569 0.00020397486392455694
1656.1829833984375 1.94788484454684 0.00021252392334422616
1656.2037963867188 1.5104858673048562 0.00019101697149310728
1656.2246704101562 1.0652661967452877 0.00016392089626754468
1656.2454833984375 0.9701544422209553 0.0001548279888476353
1656.2662963867188 1.000464608203131 0.0001530312971679777
1656.2871704101562 0.995037644005037 0.0001552392599183369
1656.3079833984375 1.0097211005513158 0.00015747511071716004
1656.3287963867188 0.9898567536901218 0.00015779128284504828
1656.3496704101562 1.008047931372482 0.0001595184899031021
1656.3704833984375 0.9988623613515581 0.00015597957952138164
1656.3912963867188 1.0108878313603784 0.00014848200930182593
1656.4121704101562 0.9812930927499558 0.0001424964816428294
1656.4329833984375 0.9967963395991853 0.0001356858163750457
1656.4537963867188 0.9849998896522933 0.0001306311257077054
1656.4746704101562 0.9925035304898707 0.00012633661309624131
1656.4954833984375 1.05325083145521 0.00012221910205751618
1656.5162963867188 1.0308809656429858 0.00011951714547655824
1656.5371704101562 0.9481086742652807 0.00011852212385433452
1656.5579833984375 0.9610978506888954 0.00011633455882591703
1656.5787963867188 1.0500908275350196 0.00011650236274813066
1656.5996704101562 1.010291240659452 0.00011738097934635076
1656.6204833984375 1.0102155009917608 0.0001156439797212756
1656.6412963867188 0.9625415484293105 0.00011279878813249781
1656.6621704101562 0.981950903579378 0.00011065102661731531
1656.6829833984375 1.0249463669237173 0.00010945187521102427
1656.7037963867188 1.0123111534628437 0.00010734039400401369
1656.7246704101562 1.0108230791398678 0.00010522609509690696
1656.7454833984375 1.0058915701080278 0.00010302098239217359
1656.7662963867188 1.0095684022239089 0.0001007654655273102
1656.7871704101562 0.9797075611480861 9.834729403192709e-05
1656.8079833984375 0.9848030585923749 9.778760265476313e-05
1656.8287963867188 0.9983014981584116 9.730862957506566e-05
1656.8496704101562 1.0241017723117156 9.698462966029971e-05
1656.8704833984375 0.976781747745174 9.611679114406297e-05
1656.8912963867188 1.0138065105485308 9.515262248516222e-05
1656.9121704101562 1.0060835659567242 9.158340796862032e-05
1656.9329833984375 0.9885840638261165 8.847413947012597e-05
1656.9537963867188 0.9674873646233872 8.477758573074877e-05
1656.9746704101562 0.9820929000597772 7.991204509962178e-05
1656.9954833984375 1.0312709029319815 7.572765677420225e-05
1657.0162963867188 1.0279359340869652 7.286577939457412e-05
1657.0371704101562 0.9763958606262385 7.079625104987523e-05
1657.0579833984375 0.9905452150267271 6.925653995006483e-05
1657.0787963867188 0.9974320221879358 6.859614950363391e-05
1657.0996704101562 1.0264399201729346 6.871247738799909e-05
1657.1204833984375 1.0034902287129706 6.948550696064479e-05
1657.1412963867188 0.9942897441283969 7.013953359759161e-05
1657.1621704101562 0.978607229466218 7.153075841916913e-05
1657.1829833984375 0.9988319417458404 7.196785554449108e-05
1657.2037963867188 0.9955307431258227 7.252667503346627e-05
1657.2246704101562 1.0397202154531833 7.212666647146079e-05
1657.2454833984375 0.9717599473982936 7.129704495075168e-05
1657.2662963867188 0.9884439561649477 7.038402516665501e-05
1657.2871704101562 0.9920560018751179 6.883024514180015e-05
1657.3079833984375 1.0336932671237562 6.785084131784733e-05
1657.3287963867188 1.010128279190597 6.753767220003396e-05
1657.3704833984375 0.9799427264605258 6.666411126302233e-05
1657.3912963867188 0.9993979311041171 6.634214817874241e-05
1657.4121704101562 0.9860239924272807 6.677014455252959e-05
1657.4330444335938 1.0088638794069267 6.718721102931283e-05
1657.453857421875 1.017205885192352 6.707170709684572e-05
1657.4746704101562 1.0139843509988284 6.674058106577972e-05
1657.4955444335938 0.9531464512572271 6.686628837625329e-05
1657.516357421875 1.0102043403119239 6.708575711417893e-05
1657.5371704101562 1.0115049612655829 6.716109448135255e-05
1657.5580444335938 1.0035867292690597 6.66807208792098e-05
1657.578857421875 0.9804769424894287 6.623620635351901e-05
1657.5996704101562 1.0035563987840286 6.535968689623855e-05
1657.6205444335938 1.0079934009803273 6.5361722924399e-05
1657.641357421875 1.009178851884988 6.49730993044778e-05
1657.6621704101562 0.9875694409008313 6.467181173773284e-05
1657.6830444335938 1.0092188176030876 6.460718227114886e-05
1657.703857421875 0.9936668376962647 6.520080528796512e-05
1657.7246704101562 1.011405854698666 6.55285640454149e-05
1657.7455444335938 0.999285111812481 6.552660570977019e-05
1657.766357421875 0.9824833342700829 6.562994936869815e-05
1657.7871704101562 0.9911318603217961 6.573518074275466e-05
1657.8080444335938 1.0194124131123825 6.566546983745098e-05
1657.828857421875 1.0024285451081276 6.55749286922968e-05
1657.8496704101562 0.9962946066095922 6.532193113249655e-05
1657.8705444335938 0.9959269520614709 6.502847289265029e-05
1657.891357421875 0.9963159130835512 6.518155331391823e-05
1657.9121704101562 0.9998689427155302 6.534015758215115e-05
1657.9330444335938 1.008252950617408 6.563257268649974e-05
1657.953857421875 1.0123573054695607 6.602260986538848e-05
1657.9746704101562 0.9830123364350115 6.67384084599113e-05
1657.9955444335938 1.0038144109098304 6.726848654993941e-05
1658.016357421875 1.0250349241219197 6.69922469019232e-05
1658.0371704101562 1.0231638112331476 6.67979466001176e-05
1658.0580444335938 1.015626619738889 6.67221679205593e-05
1658.078857421875 1.0122294938995318 6.658894694772849e-05
1658.0996704101562 0.983427172408004 6.657817345335092e-05
1658.1205444335938 1.0032090968659817 6.653052321359267e-05
1658.141357421875 1.0290226542408316 6.661402391338405e-05
1658.1621704101562 1.0027024056768914 6.668171255905817e-05
1658.1830444335938 0.9928905451943415 6.679482148314305e-05
1658.203857421875 0.992842549876105 6.686746735809926e-05
1658.2246704101562 0.9915299193963613 6.717578452106899e-05
1658.2455444335938 1.005537822122548 6.758080896279774e-05
1658.266357421875 1.008183711218429 6.726952664699818e-05
1658.2871704101562 0.9939222693326407 6.747678106028184e-05
1658.3080444335938 1.0058038761187589 6.757417813790783e-05
1658.328857421875 0.9954637360271263 6.798249129001538e-05
1658.3496704101562 1.019626010195392 6.842008154281976e-05
1658.3705444335938 0.9820340636964685 6.883709033872468e-05
1658.391357421875 0.9945845311900968 6.898311373253741e-05
1658.4121704101562 0.9940769350875815 6.921850648941288e-05
1658.4330444335938 1.0108376576337967 6.930150408350047e-05
1658.453857421875 1.0015020144325373 6.95296000166977e-05
1658.4746704101562 1.0027663916981244 6.947392267443344e-05
1658.4955444335938 1.0069492433441178 6.952878064699974e-05
1658.516357421875 0.9891318989269301 6.920980816280651e-05
1658.5371704101562 0.9807683269319576 6.941159603509569e-05
1658.5580444335938 1.0125365586361572 6.928594111442398e-05
1658.578857421875 1.0090558951234607 6.9225710244001e-05
1658.5996704101562 1.0167722209277719 6.90017964845417e-05
1658.6205444335938 0.9734476318080892 6.877697839158833e-05
1658.641357421875 0.9999906738114224 6.889391906990232e-05
1658.6621704101562 1.0027343842910483 6.9454972867443e-05
1658.6830444335938 1.020248104110621 6.952322730107251e-05
1658.703857421875 0.9899031229115078 6.953657644370899e-05
1658.7246704101562 0.9854074461982368 6.9688261721656e-05
1658.7455444335938 1.0003015708291767 6.986548336326772e-05
1658.766357421875 1.0140716948639577 6.996961469981651e-05
1658.7871704101562 1.0021643396890363 7.010914517960334e-05
1658.8080444335938 0.9848745239083948 7.015840821562558e-05
1658.828857421875 1.0122510741471658 7.033627596125309e-05
1658.8496704101562 0.9962851125020827 7.045008969830757e-05
1658.8705444335938 0.9982429398490197 7.073575970322129e-05
1658.891357421875 0.9962123579593632 7.070494301639501e-05
1658.9121704101562 0.9988591487380049 7.077783943955391e-05
1658.9330444335938 1.0147626415188085 7.108101066295032e-05
1658.953857421875 0.9870176940932358 7.142826031516505e-05
1658.9746704101562 1.0078490676561336 7.187758265449195e-05
1658.9955444335938 1.0017298447762608 7.234778418182816e-05
1659.016357421875 1.0006031099630643 7.275005477513374e-05
1659.0371704101562 0.9853012396984201 7.355684798808887e-05
1659.0580444335938 1.0042314431570913 7.37114351078185e-05
1659.078857421875 1.0099488812554278 7.43650373458084e-05
1659.0997314453125 1.0035407376011385 7.44247437265934e-05
1659.1205444335938 0.9842786616925073 7.466494543122196e-05
1659.1414184570312 1.0079784064997552 7.476001021211235e-05
1659.1622314453125 0.9926098760947717 7.484347193931571e-05
1659.1830444335938 1.0159798544159575 7.481610148359099e-05
1659.2039184570312 0.9914736321955002 7.471566352197108e-05
1659.2247314453125 0.9984092718644126 7.460160485603382e-05
1659.2455444335938 1.0386171051394313 7.448904752935956e-05
1659.2664184570312 0.9953209076886018 7.442317168256414e-05
1659.2872314453125 0.995268092253142 7.443504262855933e-05
1659.3080444335938 0.9965136953950973 7.429010937042333e-05
1659.3289184570312 1.0051321851203565 7.541548732085237e-05
1659.3497314453125 1.001410351769029 7.637886046155295e-05
1659.3705444335938 0.9807133000334685 7.735944027993584e-05
1659.3914184570312 1.021583375971142 7.787015524389173e-05
1659.4122314453125 1.010498398068273 7.844372914224927e-05
1659.4330444335938 0.9900763707575244 7.887992179610172e-05
1659.4539184570312 0.9911264989438359 7.874794913747776e-05
1659.4747314453125 0.9964596992561459 7.883155153657867e-05
1659.4955444335938 1.0023952342710758 7.923914654595532e-05
1659.5164184570312 1.0081402488202915 7.880341091932259e-05
1659.5372314453125 1.0080859647442402 7.834793789103663e-05
1659.5580444335938 0.9827584217925373 7.835663408007848e-05
1659.5789184570312 1.004303154020449 7.808458934293869e-05
1659.5997314453125 1.0099633964839065 7.816258228320595e-05
1659.6205444335938 0.9910142616840288 7.85364985483321e-05
1659.6414184570312 1.0061527728916553 7.851077284209443e-05
1659.6622314453125 1.0005289871422902 7.809331303241063e-05
1659.6830444335938 0.9881600745861359 7.828646585503372e-05
1659.7039184570312 0.9884567312060534 7.842896136574916e-05
1659.7247314453125 1.0305523752935164 7.877392621260958e-05
1659.7455444335938 1.006414487753494 7.896046760441037e-05
1659.7664184570312 0.9837221441110818 7.929803505258543e-05
1659.7872314453125 0.9931417548284175 7.982278960403695e-05
1659.8080444335938 0.9952939530508075 8.038518956009788e-05
1659.8289184570312 1.0241362947321144 8.088826486983425e-05
1659.8497314453125 0.9798309624437227 8.060789315389837e-05
1659.8705444335938 0.9916132378051888 8.035896647271405e-05
1659.8914184570312 1.0117047768959722 8.048302340796159e-05
1659.9122314453125 0.99835992814693 8.105094525125019e-05
1659.9330444335938 1.021910075833274 8.163202701164466e-05
1659.9539184570312 0.9954328579549666 8.213458360623418e-05
1659.9747314453125 0.9826732248566818 8.322956070043913e-05
1659.9955444335938 0.996831275294886 8.426080548479584e-05
1660.0164184570312 1.009254035240427 8.516906445769006e-05
1660.0372314453125 0.9991196670043644 8.57614985942291e-05
1660.0580444335938 0.9990468772712899 8.609036533582233e-05
1660.0789184570312 0.9955449753406872 8.656213252182312e-05
1660.0997314453125 0.9950038276440925 8.768015365717887e-05
1660.1205444335938 1.0355293257794602 8.84325792586326e-05
1660.1414184570312 0.9754390948506148 8.882004953250755e-05
1660.1622314453125 0.9949564218367001 8.864626482777765e-05
1660.1830444335938 0.9846300427022037 8.913316289735521e-05
1660.2039184570312 1.003091167866907 8.923581926781258e-05
1660.2247314453125 1.025904044604795 8.974574321502333e-05
1660.2455444335938 1.009213893480397 8.974641617535343e-05
1660.2664184570312 0.9789782400392315 9.047995949121315e-05
1660.2872314453125 1.0016841302996695 9.123705927119012e-05
1660.3080444335938 0.9969289029646546 9.223365393887752e-05
1660.3289184570312 1.0035477339562282 9.304820476903355e-05
1660.3497314453125 0.9968741780703333 9.363039159455981e-05
1660.3705444335938 0.9932053097762725 9.406170769400929e-05
1660.3914184570312 1.0119873350598043 9.458195568162487e-05
1660.4122314453125 0.9959864398089668 9.505069583947463e-05
1660.4330444335938 0.9793197272958811 9.516372935833001e-05
1660.4539184570312 1.017881861235749 9.521734982772551e-05
1660.4747314453125 1.0186624442664725 9.54969248681986e-05
1660.4955444335938 0.9966452727806825 9.589213192448652e-05
1660.5164184570312 1.0062764414110414 9.626561892389347e-05
1660.5372314453125 1.0048157930287809 9.5577605624834e-05
1660.5580444335938 0.972363642877845 9.478060127605874e-05
1660.5789184570312 1.0139439413321327 9.444737507502127e-05
1660.5997314453125 1.0073413294914073 9.445781231922357e-05
1660.6205444335938 1.0050421246173582 9.455572431086581e-05
1660.6414184570312 0.9817111407866465 9.521000341413133e-05
1660.6622314453125 0.9857895627182427 9.523430131809097e-05
1660.6830444335938 1.0273263260705288 9.620897847196706e-05
1660.7039184570312 1.0113628791685787 9.650943166103039e-05
1660.7455444335938 0.968499157741976 9.687780020474554e-05
1660.7664184570312 1.0118433369639763 9.762782755394031e-05
1660.7872314453125 0.9990176627817117 9.772493164728683e-05
1660.8080444335938 1.008118205858863 9.834343834779838e-05
1660.8289184570312 0.9861171743589361 9.793515032668643e-05
1660.8497314453125 0.9854013806365434 9.675153514606054e-05
1660.8705444335938 1.023458032635401 9.694444711068456e-05
1660.8914184570312 0.9906594831010042 9.71424654731633e-05
1660.9122924804688 1.0041795790794736 9.71374173454345e-05
1660.93310546875 1.0260100470684705 9.810870639279173e-05
1660.9539184570312 0.9834114890179394 9.944486536156179e-05
1660.9747924804688 0.9874064247315484 0.00010093814550364149
1660.99560546875 1.0119127343271537 0.00010221539020773733
1661.0164184570312 0.9672552689110774 0.0001039836096183221
1661.0372924804688 1.032807181547607 0.0001054463238925672
1661.05810546875 1.0078681425384448 0.0001064073568187306
1661.0789184570312 0.9822156084160277 0.00010772914340657984
1661.0997924804688 1.0064355743435118 0.00010993427407234108
1661.12060546875 0.9912223665249925 0.00011083596020486559
1661.1414184570312 1.0103944453783824 0.00011330085986318347
1661.1622924804688 1.004293946104485 0.00011371519180864752
1661.18310546875 0.9722054989517808 0.00011481121131491587
1661.2039184570312 1.0195396424819005 0.00011596268739945895
1661.2247924804688 0.9925278703328921 0.00011663563664786177
1661.24560546875 1.0224344764882631 0.00011800526291568185
1661.2664184570312 0.9800649154379155 0.00011886468778022483
1661.2872924804688 1.0128840549205134 0.0001198063412325045
1661.30810546875 0.9912837615011192 0.00012101926183964712
1661.3289184570312 0.9883701239548923 0.00012147534433951362
1661.3497924804688 1.0062685982508945 0.00012208087975723518
1661.37060546875 0.9964802693390641 0.00012239703531232265
1661.3914184570312 1.0193988046942188 0.00012379967354952834
1661.4122924804688 1.0037837795187565 0.00012523390675962654
1661.43310546875 1.0079355935505632 0.00012581067404120137
1661.4539184570312 0.9675881005117208 0.00012632687120933046
1661.4747924804688 0.9930023958960339 0.00012653146109403444
1661.49560546875 0.9879407930319407 0.00012695311364664417
1661.5164184570312 1.0491195852734347 0.00012625726017655514
1661.5372924804688 0.9954418980321672 0.0001259922086013859
1661.55810546875 0.9942666084130143 0.00012558221977921453
1661.5789184570312 0.9949777544259184 0.00012517548810602692
1661.5997924804688 1.0046965879539067 0.00012451444183414853
1661.62060546875 0.99608723624814 0.0001237827892638436
1661.6414184570312 0.9808459825995101 0.00012362134657591199
1661.6622924804688 1.0104718230270968 0.0001233819620386737
1661.68310546875 0.9902717410754973 0.00012298570990526526
1661.7039184570312 1.033723054887892 0.00012284024364533146
1661.7247924804688 0.9827719649483619 0.0001227752966298482
1661.74560546875 1.0347935591693653 0.0001242162296473187
1661.7664184570312 1.0054631578550206 0.00012563812452322237
1661.7872924804688 0.9854239762477984 0.0001268087211671121
1661.80810546875 0.9901943520372559 0.00012801929800225858
1661.8289184570312 0.9729011124490078 0.00012875890805299844
1661.8497924804688 1.0086302872697233 0.00013013170613827978
1661.87060546875 1.0109401732337242 0.00012996641136539094
1661.8914184570312 1.0174747096807135 0.00012961316377128318
1661.9122924804688 0.9996071662727242 0.00012975821081356685
1661.93310546875 0.9733919719740255 0.00012992052261386928
1661.9539184570312 1.003623356428515 0.00013122970762097748
1661.9747924804688 1.0122610163897399 0.00013189848084692093
1661.99560546875 0.9960841750643223 0.00013290486010298348
1662.0164184570312 1.0118538595764928 0.0001348300894874765
1662.0372924804688 0.9962276283974661 0.0001365760052709911
1662.05810546875 1.0134430775252488 0.0001384035752456422
1662.0789184570312 0.9755233000724007 0.0001392426516435155
1662.0997924804688 0.9657978913781595 0.0001402126474013654
1662.12060546875 1.032410447547902 0.00014126610462002006
1662.1414184570312 1.0179084906324378 0.0001418527002387039
1662.1622924804688 1.0242947709741015 0.00014226140935030303
1662.18310546875 0.9565140026690306 0.00014246628752714275
1662.2039184570312 0.9843339108037107 0.0001430864055688744
1662.2247924804688 1.0148851644842554 0.00014432615900251156
1662.24560546875 1.0087017839721966 0.00014449109873438808
1662.2664184570312 0.9946304264139727 0.00014488447386420516
1662.2872924804688 1.0097720836596302 0.00014566288400649245
1662.30810546875 1.0066859268384736 0.00014940531262896218
1662.3289184570312 1.0045677886775648 0.00015155370560506536
1662.3497924804688 1.0037154882246369 0.000154967914584175
1662.37060546875 0.9544907913795966 0.00015757870798217816
1662.3914184570312 1.011172004420874 0.0001607487014836031
1662.4122924804688 1.0454992454346859 0.00016060779298575914
1662.43310546875 0.9495387182016877 0.00016151883791430975
1662.4539184570312 1.017425749295207 0.0001616792508259303
1662.4747924804688 0.98186230571673 0.00016067270640798505
1662.49560546875 1.0591680680537114 0.00016205274646624422
1662.5164184570312 0.9522716662383456 0.00016048245969080342
1662.5372924804688 0.997193804322076 0.00015775144206155972
1662.55810546875 1.0055860555454368 0.00015733127358134253
1662.5789184570312 0.9711699072617962 0.00015549725758182067
1662.5997924804688 1.0583338768676422 0.00015581475036963152
1662.62060546875 0.9975071984100438 0.00015566817693231795
1662.6414184570312 0.9923624143726283 0.00015554387077131504
1662.6622924804688 0.9961731009169107 0.00015460484334107473
1662.68310546875 0.9495698497005596 0.00015459310385875112
1662.7039184570312 1.0072391407384738 0.00015618787390547648
1662.7247924804688 1.0607081259003148 0.00015592120492341092
1662.74560546875 1.0148383880082572 0.00015665062236822706
1662.7664184570312 0.9659287839092725 0.00015723888596164777
1662.7872924804688 0.9719767543152417 0.00015821622373031518
1662.80810546875 1.0091247154933567 0.0001594507960591044
1662.8289794921875 1.0100651262916502 0.00016074480511144476
1662.8497924804688 0.9615362472294602 0.00016013842127665962
1662.8706665039062 0.9877936902897922 0.00015917576929585535
1662.8914794921875 0.9932862040341812 0.0001586579009001266
1662.9122924804688 0.961352389458686 0.00015807593884169195
1662.9331665039062 0.975208152518857 0.0001575217240570407
1662.9539794921875 1.059791076325682 0.00016241809017419182
1662.9747924804688 0.99064074924737 0.0001672130209412889
1662.9956665039062 0.9523128278696603 0.0001708930812303427
1663.0164794921875 1.0149054873427972 0.00017438017741742574
1663.0372924804688 0.9937945774639325 0.00017658052465842927
1663.0581665039062 1.0034775611002837 0.00017956550319571293
1663.0789794921875 1.0195245060347673 0.00017817426919525717
1663.0997924804688 0.9850757776617826 0.0001764887011960591
1663.1206665039062 0.9840975537766483 0.00017676594262548058
1663.1414794921875 0.9987403018430245 0.00017718867614846233
1663.1622924804688 1.0243606979685196 0.00017789392450465836
1663.1831665039062 1.0296386890096643 0.0001799387980860541
1663.2039794921875 0.9846279856518224 0.00018127146283809204
1663.2247924804688 0.9655223107550853 0.0001834079804698272
1663.2456665039062 1.010750616866503 0.00018623276617256378
1663.2664794921875 0.9962464932439676 0.00018926511471548474
1663.2872924804688 1.0132744792221384 0.00018873520351361009
1663.3081665039062 0.9998553256529504 0.00018927850108462472
1663.3289794921875 0.9868990475379658 0.00018876942196056134
1663.3497924804688 0.9995877015476448 0.0001891124585380792
1663.3706665039062 1.0143764741889094 0.0001905441163300493
1663.3914794921875 0.9794803313161685 0.00019244120813328785
1663.4122924804688 1.0426983044700762 0.0001941665222871058
1663.4331665039062 0.9977037105368756 0.00019659613544843076
1663.4539794921875 0.9478438114265587 0.00019869603379266343
1663.4747924804688 1.026655513211776 0.00020180900600017508
1663.4956665039062 1.000044623448411 0.00020387007690442636
1663.5164794921875 1.0131472256376348 0.00020621601622672808
1663.5372924804688 1.0025578482766422 0.00020408233842703627
1663.5581665039062 0.9584742596490466 0.00020367139950210275
1663.5789794921875 1.015388562918652 0.0002037784391755324
1663.5997924804688 1.0214258032917525 0.00020219906053472653
1663.6206665039062 0.9999825915245967 0.00019925115340555888
1663.6414794921875 0.9668855271865751 0.00019548700309949296
1663.6622924804688 1.00869518814762 0.0001943190192008003
1663.6831665039062 0.9976934058510601 0.00019339414520804012
1663.7039794921875 1.0420942558033461 0.000194065893426771
1663.7247924804688 1.0046732493785584 0.00019546292835545667
1663.7456665039062 0.9653956336972643 0.0001964291236533649
1663.7664794921875 1.005358446538246 0.0002000582254455812
1663.7872924804688 0.9744383865543141 0.00020247702253600998
1663.8081665039062 1.0227249999938175 0.00020699505058233253
1663.8289794921875 1.031721162314018 0.00020769209292618057
1663.8497924804688 0.9799517516303119 0.00020759250840104033
1663.8706665039062 0.9828312727542985 0.00020991383943510782
1663.8914794921875 0.9668457278278275 0.0002092424357272241
1663.9122924804688 1.0496388585180012 0.000210491389924424
1663.9331665039062 0.9939758404261643 0.00020944842315831312
1663.9539794921875 0.9876999121471934 0.00021154562200140535
1663.9747924804688 1.043802418773754 0.00021415046845930203
1663.9956665039062 0.9893400477690338 0.00021730152998803483
1664.0164794921875 1.0343356146722238 0.00022165097834022534
1664.0372924804688 0.9611225242849932 0.00022710111827700853
1664.0581665039062 0.9817227662779128 0.00022718865925228112
1664.0789794921875 1.0201997900696407 0.00022630378898632887
1664.1206665039062 1.0410233898323111 0.00022629356607973227
1664.1414794921875 0.9661549420978364 0.0002263788167096765
1664.1622924804688 1.0389491199257024 0.0002237673879598638
1664.1831665039062 1.0458680003249894 0.00022037694465544563
1664.2039794921875 0.9221394969586734 0.0002187601947274727
1664.2247924804688 1.026478344643332 0.0002171082262319561
1664.2456665039062 0.989037923944253 0.0002159688701941028
1664.2664794921875 1.0427310111215813 0.00021605479400592674
1664.2872924804688 0.9902417780222263 0.0002166331320586057
1664.3081665039062 0.960652805973059 0.0002167631010847996
1664.3289794921875 1.0350297080427593 0.0002210548457654072
1664.3497924804688 1.02564153032978 0.00022304994622213982
1664.3706665039062 0.9465017497468133 0.00022695617160914638
1664.3914794921875 1.0090122169997588 0.00022750676050079183
1664.4122924804688 1.0057320927992792 0.0002264363542767249
1664.4331665039062 0.9957529341932648 0.00022976429772929568
1664.4539794921875 0.9858872375683381 0.00023062412039330637
1664.4747924804688 1.0310817044513223 0.00023088934838332543
1664.4956665039062 1.0444837305962544 0.00023632621043020218
1664.5164794921875 0.9239108283765097 0.00023661591053656896
1664.5372924804688 1.0167958111958093 0.00023964310927546842
1664.5581665039062 0.9944385936771934 0.00024222340228309178
1664.5789794921875 1.000635551886351 0.00024519581152398953
1664.5997924804688 1.0511517084292332 0.00024362891493088392
1664.6206665039062 0.9317407531458678 0.000239695516158736
1664.6414794921875 1.0084371608049623 0.0002388513014573427
1664.6622924804688 0.9911884121371571 0.00023819906969446583
1664.6831665039062 1.0298889800319517 0.00023727850308659484
1664.7039794921875 1.0248360539212353 0.0002447198413786741
1664.7247924804688 1.0274372459165027 0.0002476558593547888
1664.7456665039062 0.9566696064390794 0.0002494571034735632
1664.7664794921875 0.9909097920199997 0.0002514760606717116
1664.7872924804688 0.8813053349495408 0.0002554211470065244
1664.8081665039062 1.104153589005577 0.0002563500906599762
1664.8289794921875 1.1077729128177929 0.0002553474143912028
1664.8497924804688 0.9048577717350113 0.000253209368784598
1664.8706665039062 0.9752551470166768 0.0002540298183036581
1664.8914794921875 0.9926292724661263 0.0002565941955512398
1664.9122924804688 1.060892715586732 0.0002677056867796464
1664.9331665039062 1.008727701647136 0.00026840609607881646
1664.9539794921875 0.9604268958123051 0.00026431105129077126
1664.9747924804688 0.9719743248297604 0.00027137373373081725
1664.9956665039062 1.013743035027161 0.00027518494866429603
1665.0165405273438 1.06516542739892 0.0002817315876330996
1665.037353515625 1.001390403963016 0.00027828025399126086
1665.0581665039062 0.9182461167378718 0.00027369632365945625
1665.0790405273438 0.9947938952126363 0.0002733265191897905
1665.099853515625 0.9827860723603425 0.0002726418515407618
1665.1206665039062 1.1008184334793785 0.0002712697417466654
1665.1415405273438 1.0060456779165505 0.00027030721012527554
1665.162353515625 0.9418855600599308 0.0002704081319523081
1665.1831665039062 1.0176242863528262 0.00027219327625338757
1665.2040405273438 0.9641852105093502 0.000275533628108706
1665.224853515625 0.9972135786327774 0.00028026168991098464
1665.2456665039062 1.0234216153300149 0.00028702344592703387
1665.2665405273438 0.9571432705164028 0.0002855394770707034
1665.287353515625 1.0296405904529724 0.0002838114593786873
1665.3706665039062 0.9639809584509319 0.0002790974873820477
1665.3915405273438 1.002858384725967 0.0002767408135753499
1665.412353515625 1.0605719601843595 0.00027478420687838647
1665.4331665039062 1.013340369102054 0.0002725542685263036
1665.4540405273438 0.9600305843708675 0.00027169695445790364
1665.474853515625 0.9970172043499378 0.00027072780158251836
1665.4956665039062 1.0409656373681377 0.00027123367692848257
1665.5165405273438 0.9899938613899855 0.0002713205143281805
1665.537353515625 1.0041125943145066 0.0002720382262352442
1665.5581665039062 0.9398300651795569 0.00027036411752469434
1665.5790405273438 1.066813484748963 0.0002715351941786594
1665.599853515625 1.0122972890091404 0.00027511692070636645
1665.6206665039062 0.9316593529924708 0.0002751530045637792
1665.6415405273438 1.0691016198554202 0.0002765210577261098
1665.662353515625 0.9741450613953148 0.0002750030361665092
1665.6831665039062 0.9600941658339817 0.0002762115953145724
1665.7040405273438 1.0362492932706973 0.00027487573938885185
1665.724853515625 0.983042795072258 0.0002712362053331117
1665.7456665039062 1.029807613303511 0.0002733177554346846
1665.7665405273438 1.0094762507643955 0.00027515624221062935
1665.787353515625 0.9698260122873896 0.00027091426546219924
1665.8081665039062 1.0272236226242648 0.0002699657438652966
1665.8290405273438 0.9406367677548629 0.0002667910048948963
1665.849853515625 0.9678926957859393 0.0002668038471105904
1665.8706665039062 1.128104841149725 0.0002622012137545706
1665.8915405273438 0.9680354100094756 0.00026149432040586674
1665.912353515625 0.9639361499327899 0.00025933201587042116
1665.9331665039062 0.9711468224260209 0.00025751642921529656
1665.9540405273438 1.043118143446434 0.00026280800988102044
1665.974853515625 1.0015912210019133 0.0002732986623544222
1665.9956665039062 1.0595438645535535 0.0002698282989806285
1666.0165405273438 0.9349725785430149 0.0002721068949258174
1666.037353515625 0.9661294209608167 0.00028001711885756374
1666.0581665039062 0.9865472160766959 0.0002802756727845986
1666.0790405273438 1.0942933078150126 0.0002767038271480313
1666.099853515625 0.9506654572965232 0.00027484533490792
1666.1206665039062 0.9269623990377175 0.00027089177462957846
1666.1415405273438 1.1085803660027531 0.00027011083751690815
1666.162353515625 1.0012435552796528 0.0002729750422371112
1666.1831665039062 0.9775924339887847 0.0002745725040693497
1666.2040405273438 0.9584718523823974 0.00026867940766400116
1666.224853515625 1.0066076443795788 0.0002716267994423982
1666.2456665039062 1.0063784095935262 0.00027985640509479347
1666.2665405273438 1.0508096250079715 0.00027571583868598
1666.287353515625 1.0120631788064425 0.00027571592433152397
1666.3081665039062 0.9312482141014614 0.0002763106373481071
1666.3290405273438 0.9664084736037309 0.000276784185805328
1666.349853515625 1.078849345959721 0.00027736066295070577
1666.3706665039062 0.977945533934245 0.00027502838891426567
1666.3915405273438 1.0082370032221475 0.00027236886285645766
1666.412353515625 1.0054121154523223 0.0002686893989914134
1666.4331665039062 0.9602551415042652 0.0002633219930183001
1666.4540405273438 1.021934024286647 0.0002579182964545623
1666.474853515625 0.9790934287935876 0.0002598592694815793
1666.4956665039062 0.9676186807568333 0.0002612097728760695
1666.5165405273438 0.9580671673642669 0.00026275908323638366
1666.537353515625 0.9716345089805256 0.00026480081738327905
1666.5581665039062 0.9405169057636429 0.0002666323710239645
1666.5790405273438 1.080031808695542 0.00027087403076376555
1666.599853515625 1.0472479929103693 0.0002742475084140405
1666.6206665039062 0.9689426486112125 0.000277823118293297
1666.6415405273438 0.959111179153349 0.00027961557325592123
1666.662353515625 0.9579136753017223 0.00028021780484026304
1666.6831665039062 1.0269538765645445 0.00028514049763515284
1666.7040405273438 1.0389670029252596 0.0002820175551951347
1666.724853515625 1.0112922957221293 0.000276451090964702
1666.7456665039062 0.9649469052382038 0.00026968688938713484
1666.7665405273438 0.9652958408189777 0.00026761687668103547
1666.787353515625 1.031438665070979 0.0002677276515673557
1666.8081665039062 1.024852100767247 0.00026799189503751885
1666.8290405273438 1.0433505657001658 0.00026751507373228245
1666.849853515625 0.9394619128073793 0.0002687195320849318
1666.8706665039062 0.9821675265920489 0.0002678493686359126
1666.8915405273438 1.0059161130389627 0.00027266221235520163
1666.912353515625 1.0186180672758793 0.00027324633513880857
1666.9331665039062 1.0015595422120676 0.00027343073504392895
1666.9540405273438 1.0304947350486993 0.0002680827090524771
1666.974853515625 0.9302495042802781 0.0002692183689476143
1666.9956665039062 1.0183602120017605 0.00026755868221909316
1667.0165405273438 1.00629815168787 0.0002686999729260324
1667.037353515625 1.042970161272137 0.000267627212800388
1667.0581665039062 0.9764989267096581 0.0002713920465025741
1667.0790405273438 1.0040068649337726 0.0002664264128303995
1667.099853515625 0.9630823547087027 0.0002682194466891926
1667.1206665039062 1.0109572608742765 0.000270047896904372
1667.1415405273438 0.9834300057892107 0.0002688262964490401
1667.162353515625 1.083183591562548 0.0002676552002685776
1667.1831665039062 0.9511821857142931 0.0002679343737791452
1667.2040405273438 0.9692691018342499 0.0002636009722320009
1667.224853515625 1.02468518950852 0.00026480241443584634
1667.2456665039062 0.9905688155884994 0.0002648891052315305
1667.2665405273438 1.033155159745169 0.00026258179734374866
1667.287353515625 0.977019256157982 0.00025911620222579323
1667.3081665039062 0.9870361328689623 0.00026055709148422874
1667.3290405273438 1.0108453468943082 0.00025644065826732165
1667.349853515625 1.0307168634847657 0.0002538824101961219
1667.3706665039062 0.9275061568670161 0.00025326012496906705
1667.3915405273438 1.0238880153687442 0.00025049639945190434
1667.4124145507812 1.0656832872975666 0.0002468756863149695
1667.4332275390625 0.9341630474873445 0.0002478472508057004
1667.4540405273438 0.9996832994199147 0.0002486957409719308
1667.4749145507812 1.0269032111375291 0.00025237316702296774
1667.4957275390625 1.057611608743385 0.00026171177343107773
1667.5165405273438 0.9562088092998137 0.0002633082201917124
1667.5374145507812 0.979741538927955 0.0002628175913018826
1667.5582275390625 0.9414997821391233 0.00026330668181879846
1667.5790405273438 1.0216537169762072 0.00026062895229113397
1667.5999145507812 1.0745097715762613 0.00025638571795530527
1667.6207275390625 0.9726838452180069 0.0002505665155492392
1667.6415405273438 1.026778255563585 0.0002422730646337031
1667.6624145507812 0.972653290027587 0.0002335644905637375
1667.6832275390625 1.0600551792663833 0.0002350285697697831
1668.6415405273438 1.044390335563276 0.0004132674446479983
1668.6624145507812 1.0245498841377012 0.00043879858835266965
1668.6832275390625 0.8801861087258068 0.0004647815269215206
1668.7040405273438 0.9941640247163255 0.0004886661162548168
1668.7249145507812 0.9377859073924784 0.0005116833914036585
1668.7457275390625 1.0887786694609038 0.0005343915795461566
1668.7665405273438 1.0335942315420257 0.0005427739328095592
1668.7874145507812 1.0555422677007924 0.0005621959316333623
1668.8082275390625 0.9143129231716361 0.0005821989667574669
1668.8290405273438 0.9993194372101823 0.0006019438385805772
1668.8499145507812 1.0521014349145081 0.0006189676477481686
1668.8707275390625 0.9672686056769341 0.0006344223420582975
1668.8915405273438 0.9344324418548577 0.0006221818998744262
1668.9124145507812 1.0512247691861807 0.0006055114856086287
1668.9332275390625 0.9751272815149964 0.0005889728719823177
1668.9540405273438 1.066854566965915 0.0005738365096293719
1668.9749145507812 0.9113984603076881 0.0005590164339671662
1668.9957275390625 1.0748701442237445 0.0005375318541737101
1669.0165405273438 1.006835290485709 0.0005172916013400192
1669.0374145507812 1.0955182566591364 0.0005015642557429681
1669.0582275390625 0.9877898487348675 0.0004882675651801333
1669.0790405273438 0.9614826323285941 0.00047666551089206973
1669.0999145507812 0.9593102434861751 0.00047404590184984104
1669.1207275390625 0.9475229464423729 0.0004651337203362528
1669.1415405273438 1.0660197159709168 0.00045630711611222794
1669.1624145507812 1.0674508934915126 0.00044184610934316036
1669.1832275390625 0.9457215904650985 0.0004281120391208206
1669.2040405273438 0.9819757254949883 0.0004216917131056079
1669.2249145507812 1.0005068629068172 0.0004135181098751898
1669.2457275390625 1.0081439678738853 0.00041823373346721015
1669.2665405273438 1.034451960129429 0.00041169367537176945
1669.2874145507812 0.9768169439218514 0.00040971534539542684
1669.3082275390625 1.0221870086500002 0.0004037282307222082
1669.3290405273438 0.9254671756503856 0.00040069153480697556
1669.3499145507812 1.0554988594761923 0.0003997849948522447
1669.3707275390625 0.9542069180741035 0.00039743683413515123
1669.3915405273438 1.0887930116283615 0.0003914398412293302
1669.4124145507812 0.9585159953470387 0.00039454414735964183
1669.4332275390625 0.9639405453438906 0.0003899584064115441
1669.4540405273438 1.0277513167621817 0.00039247717894069767
1669.4749145507812 1.0006075466268165 0.00039224361343358563
1669.4957275390625 0.9716707663053779 0.00040306011674644157
1669.5165405273438 1.069998930674422 0.00040020450220495273
1669.5374145507812 0.9816890547250973 0.00040097171137660413
1669.5582275390625 0.951304692564638 0.00040063501674580487
1669.5790405273438 0.9682310628252702 0.00040492132483680083
1669.5999145507812 1.0635806997948942 0.0004051712371803671
1669.6207275390625 1.0407002753498147 0.0004034720004783833
1669.6415405273438 0.9829191017517123 0.0003964100506000822
1669.6624145507812 0.901787382746894 0.00039384136083183845
1669.6832275390625 1.051841748018347 0.0003918761416232232
1669.7040405273438 1.055338434381258 0.00039166994248052687
1669.7249145507812 0.9619664168263585 0.00038266584154233747
1669.7457275390625 0.9642162494176766 0.000374964001450193
1669.7665405273438 1.0229480337084833 0.00037841664331105234
1669.7874145507812 1.0327241743351796 0.0003846721495073621
1669.8082275390625 1.0393507728461335 0.0003876095032920936
1669.8290405273438 0.9624466594965426 0.0003840874962662732
1669.8499145507812 0.8998086344401004 0.0003828837174975213
1669.8707275390625 1.0711253572399797 0.0003871855093181116
1669.8915405273438 0.9973468957528648 0.00038190836061154944
1669.9124145507812 1.0536807507355472 0.0003752763141966978
1669.9332275390625 1.000597022156685 0.000370905351613211
1669.9540405273438 0.9185642938034655 0.0003593203413456252
1669.9749145507812 1.057113714156344 0.00035295595857447534
1669.9957275390625 0.9656271005654186 0.0003428725104378597
1670.0165405273438 0.9760919454426829 0.0003311376972854768
1670.0374145507812 1.099089063631445 0.00031899626521076523
1670.0582275390625 0.9750569907160105 0.00030528309891769554
1670.0790405273438 0.9793896759808001 0.0002915811493906577
1670.0999145507812 0.9662637641871368 0.0002946504797608237
1670.1207275390625 0.9800953105715067 0.00029840397121941705
1670.1415405273438 1.022400031263602 0.0003018977992170559
1670.1624145507812 1.0167934076365885 0.00030544602770136807
1670.1832275390625 1.001035450304091 0.0003094163855721257
1670.2040405273438 0.985715435552674 0.0002979133267116975
1670.2249145507812 1.011348768480055 0.0002887035578168984
1670.2457275390625 0.9752061829109029 0.00027956056481382477
1670.2665405273438 1.0421422325291037 0.0002726246108596921
1670.2874145507812 0.9873209395162806 0.00026624971753519405
1670.3082275390625 1.0329269218273212 0.0002607897086442917
1670.3290405273438 1.0105449696893036 0.0002573735899581614
1670.3499145507812 0.908399692144445 0.0002547788687174611
1670.3707275390625 1.0444029097161607 0.0002543293487420567
1670.3915405273438 1.0210120673121985 0.00025270760080966815
1670.4124145507812 1.0079092625959611 0.00025205192712780215
1670.4332275390625 0.9817538501802462 0.00024996267425977074
1670.4540405273438 0.9895130344884403 0.0002478894356649095
1670.4749145507812 1.0021123379948438 0.00025033021786597705
1670.4957275390625 1.0017555905230668 0.00025195340381981257
1670.5165405273438 1.0128602312947308 0.0002526748907283909
1670.5374145507812 1.006415311250328 0.0002558657135178195
1670.5582275390625 1.006411053056564 0.0002572279652823856
1670.5790405273438 0.9684638176560362 0.00026061592752319736
1670.5999145507812 1.0145743550234532 0.00026102513846145017
1670.6207275390625 0.9843387845007998 0.0002604842466893528
1670.6415405273438 1.0304163479881951 0.00025820853826992495
1670.6624145507812 0.9540333989751753 0.000250918497186058
1670.6832275390625 1.0224001063211183 0.00024589447075922807
1670.7040405273438 0.9882222285801956 0.00024250027575712431
1670.7249145507812 1.0127530501245283 0.00023843526701630913
1670.7457275390625 1.046306276573483 0.0002361979102926144
1670.7665405273438 0.9451780081393947 0.00023559312644552176
1670.7874145507812 1.0156569427197075 0.00023678122064482534
1670.8082275390625 1.0111976327594019 0.00023642112146275224
1670.8290405273438 0.9872704810302675 0.00023632248038278262
1670.8499145507812 0.9765797529455341 0.00023488432659663527
1670.8707275390625 1.0240223613450432 0.00023325283005665946
1670.8915405273438 0.9994245159480929 0.00023071131200013055
1670.9124145507812 1.0160683268598296 0.00022664512950075318
1670.9332275390625 0.9792236981582675 0.000221656134175282
1670.9540405273438 0.9628642988261987 0.00021789790433951085
1670.9749145507812 1.0561442849784939 0.00021479323328358916
1670.9957275390625 0.9943166085943187 0.00021240728691329254
1671.0165405273438 1.006923841066677 0.00020839050535590383
1671.0374145507812 0.9779298712732389 0.00020374375081911298
1671.0582275390625 0.9970449809919909 0.00020238419164628015
1671.0790405273438 0.9826334981655671 0.00019972742817590445
1671.0999145507812 1.0449344125998745 0.0001954461561739235
1671.1207275390625 0.9779320218385155 0.00019403642040939572
1671.1415405273438 0.9835897778831364 0.00019232588730331237
1671.1624145507812 1.0469196024782268 0.00019120585291230769
1671.1832275390625 0.978866662506249 0.00019008565890585844
1671.2040405273438 0.9710536383702288 0.00018929862228987752
1671.2249145507812 1.0022323984878045 0.00018892103860971063
1671.2457275390625 1.0230178190121013 0.00018911182243810278
1671.2665405273438 1.0088340806230602 0.00018951679012552456
1671.2874145507812 0.9876506779541114 0.0001903154370986288
1671.3082275390625 1.0400848745695044 0.00018670391517683967
1671.3290405273438 0.9866806032555226 0.00018269543081169965
1671.3499145507812 0.9337456981688952 0.00017924355599023532
1671.3707275390625 1.0145274915232663 0.00017580456372693652
1671.3915405273438 0.9815856836497752 0.0001727922266401454
1671.4124145507812 1.0223604104925488 0.00017205875206054519
1671.4332275390625 0.9763637924986913 0.00017168977618176645
1671.4540405273438 1.0081748934392352 0.00017139506052656075
1671.4749145507812 1.0250612675231943 0.00017169960128144
1671.4957275390625 1.0210743140353713 0.0001724450797348873
1671.5165405273438 0.9973017240882304 0.0001748536397876802
1671.5374145507812 1.0180572225438198 0.00017645738911751562
1671.5582275390625 0.9585996482377906 0.0001790965763941214
1671.5790405273438 0.9659869388896547 0.00018013675428949188
1671.5999145507812 1.0414580441709562 0.00017981599199689977
1671.6207275390625 1.0017768906623266 0.0001782615877206137
1671.6415405273438 0.9963313408545574 0.00017579527933026573
1671.6624145507812 0.9943867804429084 0.00017200393954391427
1671.6832275390625 0.9917772139979987 0.00017101914597566776
1671.7040405273438 1.01232905250683 0.00017224163489852208
1671.7249145507812 1.0293651354658933 0.00017251194311127
1671.7457275390625 0.9896846848323924 0.0001718655746390811
1671.7665405273438 0.9819566844697174 0.00017355605753027853
1671.7874145507812 0.9794372269816034 0.000176045539416553
1671.8082275390625 1.0177454935867005 0.0001769383056094912
1671.8290405273438 1.0482363432090673 0.0001766338388614023
1671.8499145507812 0.9327539771706742 0.0001744459984381301
1671.8707275390625 0.9928604382583098 0.000173883266312946
1671.8915405273438 1.0316266593740908 0.00017292866942220463
1671.9124145507812 1.0142195226841746 0.00017298986440035142
1671.9332275390625 1.0098777912749606 0.00017116043696666707
1671.9540405273438 0.9574695104464923 0.00016986033118913054
1671.9749145507812 1.0231917784058313 0.00017034223302245878
1671.9957275390625 0.9991567124072084 0.0001687175291475309
1672.0165405273438 0.9938455562491733 0.00016676786156824167
1672.0374145507812 0.9771864567438143 0.00016529185722541186
1672.0790405273438 1.0244076117266447 0.00016178536866175402
1672.0999145507812 1.0170850569970673 0.00016027524070779688
1672.1207275390625 0.9706983081470361 0.00015895328088091855
1672.1415405273438 1.0036935952810866 0.00015943141861352622
1672.1624145507812 1.0388976133535088 0.00015918916624916473
1672.1832275390625 0.9879776725776336 0.0001576115793359316
1672.2040405273438 0.9573225288161022 0.0001568588607807616
1672.2249145507812 0.9780247078851081 0.0001565605515190292
1672.2457275390625 1.0513111089258287 0.00015651741052503457
1672.2665405273438 1.0515245494182661 0.00015666107308281792
1672.2874145507812 0.9448615932722284 0.0001564558366739113
1672.3082275390625 0.983065406727838 0.00015596183284605664
1672.3290405273438 1.0061423698335994 0.00015634829332797137
1672.3499145507812 1.0025847582879934 0.00015877545529952586
1672.3707275390625 1.0042475539787883 0.0001592164110267979
1672.3915405273438 1.0324276403795147 0.00015812375686195975
1672.4124145507812 0.9788912325767855 0.00015822756143100595
1672.4332275390625 0.9546674166157403 0.00015879220768654916
1672.4540405273438 1.001362995806348 0.00015937491666929233
1672.4749145507812 1.0128514108048832 0.000160188413547785
1672.4957275390625 1.0095419991396635 0.00016105833804889126
1672.5165405273438 1.0263653394249836 0.0001602347058776416
1672.5374145507812 1.0315415146661302 0.00015906974801592092
1672.5582275390625 1.0400975470186549 0.00015810022283982103
1672.5790405273438 1.0283238772994927 0.00015697465265432928
1672.5999145507812 0.9842243562469473 0.0001559377439415963
1672.6207275390625 1.0124394076815084 0.00015730154269150858
1672.6415405273438 1.0169598756940086 0.00015805368049115674
1672.6624145507812 1.015041464931389 0.0001588072460059572
1672.6832275390625 0.9450427569140687 0.00015980144620654664
1672.7040405273438 1.0110335803427426 0.0001602409875012395
1672.7249145507812 1.0544510009139625 0.00016114644075076938
1672.7457275390625 0.9667744117322381 0.00016196516167130346
1672.7665405273438 1.003550493096701 0.00016166180827626326
1672.7874145507812 0.9775882378180377 0.00015990294794267316
1672.8082275390625 1.0143935234124029 0.00016174877236510479
1672.8290405273438 1.001810878037922 0.00016093735307352557
1672.8499145507812 1.0148152687332985 0.00015947722015239636
1672.8707275390625 0.9926108415116686 0.000158121583486588
1672.8915405273438 0.9627871385438908 0.00015729669512382945
1672.9124145507812 1.033847674929123 0.00015695295640232552
1672.9332275390625 0.983547864375923 0.00015814547594517034
1672.9540405273438 1.05232319224614 0.00015953743977688295
1672.9749145507812 0.9866147042991195 0.00016123811859318902
1672.9957275390625 0.9904306095754941 0.00016135385134265987
1673.0165405273438 0.9581886091520012 0.00016262165751011517
1673.0374145507812 0.9963564877687253 0.00016187943614290296
1673.0582275390625 1.0090826382207465 0.00016087310242529377
1673.0790405273438 1.0349824580748999 0.00015876945217274904
1673.0999145507812 0.9940993663952383 0.00015854842092804158
1673.1207275390625 0.9958874572963897 0.00015801067770434277
1673.1415405273438 1.0181881800650818 0.00016050902250258154
1673.1624145507812 0.9818907962875693 0.00016212071497192815
1673.1832275390625 0.9830348002679816 0.00016320504657357365
1673.2040405273438 1.0142601403476794 0.00016244643363594213
1673.2249145507812 0.967729707940687 0.00016127276469909963
1673.2457275390625 1.0229064795272267 0.00016060467783611095
1673.2665405273438 1.006037876351862 0.00015976925728027503
1673.2874145507812 1.0171309899711534 0.00015986540739170905
1673.3082275390625 1.0040530883469456 0.00016159206380877405
1673.3290405273438 0.9813249623064607 0.00016239130483478294
1673.3499145507812 0.9939840300214989 0.00016506161913800753
1673.3707275390625 1.0038282121600286 0.00016578728382618034
1673.3915405273438 0.9934632752643389 0.00016693624487746449
1673.4124145507812 1.005714685956603 0.0001658503272884313
1673.4332275390625 0.9924195967919363 0.00016628708730999513
1673.4540405273438 1.0124618531816016 0.00016549900524100077
1673.4749145507812 0.9932150717440783 0.00016582930270188514
1673.4957275390625 1.0218598090136028 0.0001648245371493156
1673.5165405273438 0.9600174674118968 0.000166512860201119
1673.5374145507812 1.033635500891605 0.00016661840877897274
1673.5582275390625 0.9918990771397231 0.0001669154400679727
1673.5790405273438 1.0055653270714207 0.00016517731726297858
1673.5999145507812 0.9658346130417462 0.0001647502988865008
1673.6207275390625 0.9987101156228 0.00016483577940918894
1673.6415405273438 1.0474884007847427 0.00016500453653327357
1673.6624145507812 1.0250448034092976 0.00016556727397117694
1673.6832275390625 0.978872163862474 0.00016591368750644908
1673.7040405273438 0.9874504430842133 0.00016615765499863427
1673.7249145507812 1.0103117414810854 0.0001652411412746381
1673.7457275390625 1.027508112647376 0.00016439927344994034
1673.7665405273438 0.9897760679570238 0.00016373296285942065
1673.7874145507812 0.9551849533019441 0.00016318744461044313
1673.8082275390625 1.013693675811821 0.00016227473754875103
1673.8290405273438 0.96931830715475 0.00016432235984406164
1673.8499145507812 1.006218550762255 0.00016589982053142723
1673.8707275390625 1.0073744895974839 0.00016723272999186002
1673.8915405273438 1.013049184848647 0.00016813175475839879
1673.9124145507812 0.989016858298441 0.00016875106053136315
1673.9332275390625 1.031128167705053 0.00016803527405291667
1673.9540405273438 0.9504699881427774 0.00016869057238738186
1673.9749145507812 0.9998955439927472 0.00016871919715818334
1673.9957275390625 1.0203557436358899 0.00016797367507238617
1674.0165405273438 1.0106497183195062 0.0001680030368894069
1674.0374145507812 0.9988886142890941 0.0001687896001750208
1674.0582275390625 0.9863855469294964 0.00016943590652325344
1674.0790405273438 1.032015445827675 0.0001718311840132946
1674.0999145507812 0.9679796727892758 0.00017255749596609647
1674.1207275390625 1.005194695446783 0.00017266703262934862
1674.1415405273438 0.975427752200516 0.00017265402935671178
1674.1624145507812 1.014906077488824 0.00017126941172634894
1674.1832275390625 1.0234957214084794 0.00017075494317737253
1674.2040405273438 0.9775530705147157 0.00016956808890046627
1674.2249145507812 1.0026912438369906 0.00017043973714326338
1674.2457275390625 1.0256780636572012 0.00017099000746189654
1674.2665405273438 0.9879686144846681 0.00017304130613273372
1674.2874145507812 0.992350080444873 0.00017382470458967523
1674.3082275390625 0.9936203242564543 0.00017342921903912485
1674.3290405273438 0.9906435030657683 0.00017456220275060785
1674.3499145507812 1.0054728538929378 0.0001755615349420608
1674.3707275390625 1.0157834217977533 0.00017628926777648433
1674.3915405273438 1.0258960103871277 0.00017869775185557835
1674.4124145507812 0.9869376873391167 0.00017956933506046172
1674.4332275390625 0.9823490533961348 0.0001791571372427896
1674.4540405273438 0.9638292693781665 0.0001785188273510262
1674.4749145507812 0.9927179677305544 0.00017691976456565665
1674.4957275390625 1.0423707007475134 0.0001766082221080678
1674.5165405273438 1.0299305437253858 0.00017639958172607214
1674.5374145507812 0.9994945664277688 0.00017635747618759533
1674.5582275390625 0.9927872356459415 0.00017571463685424668
1674.5790405273438 0.9467017724696104 0.00017703998990613036
1674.5999145507812 0.9995092661500701 0.00017797070945784334
1674.6207275390625 1.0297534929336856 0.00017540103402990002
1674.6415405273438 1.010606306827974 0.00017444412046532958
1674.6624145507812 0.992148699738877 0.000174164032966666
1674.6832275390625 1.0079009673323194 0.00017157835183579436
1674.7040405273438 1.0083433777746953 0.0001717982605023936
1674.7249145507812 0.9518311165500397 0.00017220537702478965
1674.7457275390625 1.0119109103841442 0.00017186305567247874
1674.7665405273438 1.0421055302967235 0.00017062312592244007
1674.7874145507812 0.9886084763014426 0.0001721290574982681
1674.8082275390625 0.9787549794804729 0.00017190441564197013
1674.8290405273438 1.0106246489946122 0.00017178433306318835
1674.8499145507812 1.0094387380215395 0.00017136999874697425
1674.8707275390625 0.9529846593474228 0.00017107538647361236
1674.8915405273438 1.0339752680106897 0.00017082846704524602
1674.9124145507812 0.9969559347393838 0.00017050139854776859
1674.9332275390625 0.9153891925927968 0.00017204248236951105
1674.9540405273438 1.018982745899784 0.00017265286604648187
1674.9749145507812 0.9615787443508881 0.0001735771791536046
1674.9957275390625 0.9695788508814781 0.0001749096501193945
1675.0165405273438 1.0167927323417516 0.00017624894071218458
1675.0374145507812 0.983251836001014 0.00017865916331018445
1675.0582275390625 0.9958106081707988 0.000180483790131826
1675.0790405273438 0.9790944937406951 0.00018264463579414661
1675.0999145507812 1.0370451733267794 0.00018469260918154554
1675.1207275390625 0.9774671971695159 0.00018648567642459072
1675.1415405273438 1.0178715126140798 0.0001880572625154748
1675.1624145507812 0.968984045122862 0.00019052500123725353
1675.1832275390625 1.0245260849131874 0.00019121652811081462
1675.2040405273438 1.004231594908803 0.0001943174874635079
1675.2249145507812 0.9847570205159984 0.00019397102478176348
1675.2457275390625 1.0034144572514139 0.00019399982168614736
1675.2665405273438 0.9974213736870098 0.00019261772229836138
1675.2874145507812 0.9696640769107614 0.00019459740002968512
1675.3082275390625 1.044412679157705 0.0001943926244491357
1675.3290405273438 1.017497742027044 0.00019394444993017332
1675.3499145507812 0.9932128171447647 0.00019609312259442321
1675.3707275390625 0.9536170666025507 0.00019529701550137678
1675.3915405273438 1.018790898138514 0.00019376214315590395
1675.4124145507812 1.003323699836119 0.0001965606957746268
1675.4540405273438 0.9774330773198212 0.00019475867775061757
1675.4749145507812 1.0566176649002852 0.00019359206220413672
1675.4957275390625 0.9840290937253792 0.000190975610948438
1675.5165405273438 0.9453186709187682 0.0001911918813319592
1675.5374145507812 1.0402333787230393 0.00019118918440838684
1675.5582275390625 0.995248349086528 0.0001923313702221917
1675.5790405273438 1.0437845663626726 0.00019407205646679605
1675.5999145507812 0.9691037943453893 0.00019239462558268575
1675.6207275390625 0.9667476822263444 0.00019258492992646795
1675.6415405273438 1.0081568773711267 0.00019441859495142636
1675.6624145507812 1.01761794936099 0.00019279983157932535
1675.6832275390625 1.0108719328577238 0.00019229999882488185
1675.7040405273438 0.9788714016148388 0.00019089228797056
1675.7249145507812 1.0080913561406524 0.0001914123299383942
1675.7457275390625 1.0148579216441893 0.00019209867543486632
1675.7665405273438 0.9919304805134258 0.00019350486550496397
1675.7874145507812 0.9882219878497951 0.00019411886834033859
1675.8082275390625 0.9980456385937712 0.00019253499756256923
1675.8290405273438 1.0092033585545295 0.00019303571222706174
1675.8499145507812 0.9809722591480504 0.0001934777800166474
1675.8707275390625 1.0138766902031233 0.00019469638794438634
1675.8915405273438 1.0459299426204087 0.00019542951512305275
1675.9124145507812 0.9635784891822199 0.0001953590387918061
1675.9332275390625 0.9714123182182032 0.00019715318132545095
1675.9540405273438 0.992732475017713 0.00019825508998590194
1675.9749145507812 1.0430820828682013 0.0001999532727656249
1675.9957275390625 1.0230171578199636 0.00020155610174049532
1676.0165405273438 0.9515299362813953 0.00020154630885305195
1676.0374145507812 1.0041713244353137 0.00020219339562713403
1676.0582275390625 1.002770657283085 0.00020310608388702912
1676.0790405273438 0.9836249059172784 0.00020439012306250538
1676.0999145507812 0.9890006149857964 0.00020619180458523705
1676.1207275390625 1.0215113401096543 0.0002078239067163871
1676.1415405273438 1.0140868739934252 0.00020770541015213752
1676.1624145507812 0.9670103359167372 0.00020728350038037708
1676.1832275390625 1.0029384338434915 0.00020744625344601298
1676.2040405273438 0.92691763782986 0.00020682107362299663
1676.2249145507812 1.018851904447151 0.0002072770784225997
1676.2457275390625 0.9942246698949347 0.00020796897694328546
1676.2665405273438 0.9689565014683529 0.00020897923219761273
1676.2874145507812 1.0074301963677406 0.00021048359852988055
1676.3082275390625 1.025097920693347 0.0002123515983016312
1676.3290405273438 0.9513861263697664 0.00021452067997206712
1676.3499145507812 1.0386644079585994 0.00021769997670785074
1676.3707275390625 0.9748067808548638 0.0002198916928762606
1676.3915405273438 1.0320493697861342 0.00022391150953979686
1676.4124145507812 1.0046973757923234 0.0002252376240508196
1676.4332275390625 0.9423012851479283 0.0002262611785150719
1676.4540405273438 1.0379690773972132 0.00022596001127180186
1676.4749145507812 0.9648500051291286 0.00022111229252991588
1676.4957275390625 1.0229771909252185 0.00022015377912479127
1676.5165405273438 0.9811671603009666 0.00021767600737609182
1676.5374145507812 1.0474247260037715 0.00021445518969985978
1676.5582275390625 1.0171196607662358 0.0002164837902079417
1676.5790405273438 0.939347636036083 0.0002153691969345849
1676.5999145507812 1.0108048013130104 0.00021628532748776716
1676.6207275390625 1.0198790846015584 0.0002159854249142938
1676.6415405273438 0.9704600366561075 0.0002186271079806166
1676.6624145507812 1.027299871587032 0.0002154053198875605
1676.6832275390625 0.9954161355075573 0.00021204252735667752
1676.7040405273438 0.9847275715260877 0.00021228428138599074
1676.7249145507812 0.9812263205760607 0.00021353674226768597
1676.7457275390625 1.0506522833538547 0.00021213987994148133
1676.7665405273438 1.0125011029337263 0.00021450052496850983
1676.7874145507812 0.9716163791801682 0.00021486812130727616
1676.8082275390625 0.9646114823147107 0.00021609152647806401
1676.8290405273438 1.0385612663336843 0.00021693224802067673
1676.8499145507812 0.9893211121364615 0.00021752027253521002
1676.8707275390625 1.016680479621308 0.0002163964733356847
1676.8915405273438 0.9641799404394781 0.00021417554119815738
1676.9124145507812 1.010640341808142 0.000211479348028416
1676.9332275390625 1.0115736867171135 0.00021085259832631583
1676.9540405273438 0.9745390863752403 0.0002085222210159742
1676.9749145507812 1.0293520102920013 0.00021262427242775558
1676.9957275390625 1.0236865403627557 0.00021544251783363729
1677.0165405273438 1.0135197859690497 0.0002217689873652631
1677.0374145507812 0.9889180559306666 0.00022434612234046035
1677.0582275390625 0.9064066233311279 0.0002286456131968712
1677.0790405273438 1.0498171346331093 0.00023119614915157954
1677.0999145507812 0.9954450768036851 0.00023261505407445605
1677.1207275390625 1.0398822008776312 0.0002290893666877706
1677.1415405273438 0.9585271148565853 0.00022751491766745632
1677.1624145507812 1.0239548754011352 0.00022840569057431807
1677.1832275390625 0.9936403827232261 0.00023147786371664048
1677.2040405273438 1.0411661673555166 0.0002331741938347106
1677.2249145507812 0.9490653157031375 0.00023334239585059434
1677.2457275390625 0.978195534921173 0.00023557312369638505
1677.2665405273438 1.0464576279495448 0.00023500672113631435
1677.2874145507812 0.9638721715782519 0.00023324281923000386
1677.3082275390625 1.0451713902846138 0.00023544159087962035
1677.3290405273438 0.9441543855146863 0.0002346146175847479
1677.3499145507812 1.0853387545068196 0.00023624499275857924
1677.3707275390625 1.0232037667572176 0.00023534673096544222
1677.3915405273438 0.9863684640515341 0.00023479017473647328
1677.4124145507812 1.0494807150307053 0.00023425609563143586
1677.4332275390625 0.9542171491319664 0.0002340051379300228
1677.4540405273438 0.94507518669224 0.00023468610715644174
1677.4749145507812 1.0290845730803524 0.00023744531084903897
1677.4957275390625 1.0372380984793632 0.00023852106373169053
1677.5165405273438 1.0621946617392493 0.00024149454617751964
1677.5374145507812 0.8945205948052337 0.00023959174593898264
1677.5582275390625 1.0017769815593256 0.00023881646124569128
1677.5790405273438 1.0028633859686424 0.00024278088429468227
1677.5999145507812 1.028068384701256 0.00024089901593979374
1677.6207275390625 1.0128688069647367 0.00023878152810402446
1677.6415405273438 1.0019861137286556 0.00023420231135242174
1677.6624145507812 0.9453018467011214 0.00023222668951220954
1677.6832275390625 1.0255375760237615 0.00022987745212159596
1677.7040405273438 0.9832742539703588 0.00022982629442996812
1677.7249145507812 1.0257066946158488 0.00022957082945089218
1677.7457275390625 1.054927887276254 0.00023200922857204024
1677.7665405273438 0.9630591820058946 0.00023423931500151174
1677.7874145507812 0.973136995054771 0.00023847162230658918
1677.8082275390625 1.0002371661139602 0.00023999397064875503
1677.8290405273438 0.969313032189832 0.00024092668643827268
1677.8499145507812 1.0392527249088503 0.0002451296159288571
1677.8707275390625 1.0166940785439365 0.0002440147881291894
1677.8915405273438 1.0087593992348984 0.00024509284284469576
1677.9124145507812 1.0129052777469068 0.00024435318807681806
1677.9332275390625 0.9010067527779748 0.0002430903274926836
1677.9540405273438 1.0340513801053866 0.00024249900392537226
1677.9749145507812 1.0089720054717348 0.00023971519161364237
1677.9957275390625 1.0414590126467635 0.00024092514937283234
1678.0165405273438 0.9959341404591415 0.00024115664957173163
1678.0374145507812 1.0071045464803678 0.0002406046519958759
1678.0582275390625 0.9849128617144017 0.00024550566518041555
1678.0790405273438 0.945343537075747 0.0002473682851394979
1678.0999145507812 1.033623584777661 0.00024924151149572824
1678.1207275390625 1.022583917989923 0.00024581236286714094
1678.1415405273438 0.9805824505613705 0.0002432700560921562
1678.1624145507812 0.9908027796576521 0.0002421347257634161
1678.1832275390625 1.0010357384352275 0.00023915098330709502
1678.2040405273438 1.0476341791349282 0.00024139086106004913
1678.2249145507812 0.9648223039711034 0.0002428685488826018
1678.2457275390625 0.9803301504822322 0.00024234168775352875
1678.2665405273438 1.046853404600695 0.00024450408783137725
1678.2874145507812 0.9545185468847178 0.0002464702749357285
1678.3082275390625 0.9982540392638436 0.00024727697315021763
1678.3290405273438 1.045017371344608 0.00025187930421655537
1678.3499145507812 0.9847798535955424 0.00025864583325284335
1678.3707275390625 1.0322205394329491 0.00026139738332745026
1678.3915405273438 0.9820332136895801 0.0002596086200943479
1678.4124145507812 0.8966722642081201 0.00026053314108275607
1678.4332275390625 1.0198483084490846 0.00025997693462649293
1678.4540405273438 1.0740268513995643 0.0002583201108461387
1678.4749145507812 1.038097076632319 0.00026180531090721544
1678.4957275390625 0.9842475302729801 0.00026266576632489593
1678.5165405273438 0.9900127141574433 0.0002642217141840294
1678.5374145507812 0.9535232873468691 0.0002696789534070916
1678.5582275390625 0.9729316001017635 0.0002717876001767728
1678.5790405273438 1.0714157349663527 0.0002703101445367953
1678.5999145507812 1.0146126195899636 0.0002684847055114828
1678.6207275390625 1.0796215157223459 0.00026636454837358916
1678.6415405273438 1.0257966226988755 0.00026446542050518083
1678.6624145507812 1.008789735132674 0.00025955879442577225
1678.6832275390625 1.0087976813947124 0.0002554103466931378
1678.7040405273438 0.9940771326846092 0.00025269369487821726
1678.7249145507812 1.0556908764255046 0.0002526160093392438
1678.7457275390625 0.9503504844802022 0.0002547798021107261
1678.7665405273438 0.9993041934441375 0.00025429904549132093
1678.7874145507812 0.9716319780210582 0.0002551873139587774
1678.8290405273438 1.0205082494555824 0.0002586546987867631
1678.8499145507812 1.021361521801033 0.00025885237955374516
1678.8707275390625 1.015616545818587 0.00025833865432607677
1678.8915405273438 0.9809271554045665 0.00026056907161726647
1678.9124145507812 0.9665431761031098 0.00025938713366343837
1678.9332275390625 1.0347830388056671 0.0002581807507506679
1678.9540405273438 0.9478882893153774 0.00025603147223779313
1678.9749145507812 1.0230653335042408 0.00025602387847211235
1678.9957275390625 1.047586500731336 0.0002553213344065248
1679.0165405273438 1.0066294188790692 0.0002554092869851279
1679.0374145507812 0.9818016529197992 0.0002596529693740279
1679.0582275390625 0.9569889654647167 0.00025773599011588304
1679.0790405273438 0.9993947580490944 0.0002581129382146038
1679.0999145507812 1.0210476304320446 0.0002591874412652161
1679.1207275390625 0.9709319568805302 0.00025883615844633816
1679.1415405273438 1.0731006312730853 0.0002571077176332954
1679.1624145507812 0.9894512669972008 0.0002587211789840912
1679.1832275390625 0.9496132735090975 0.00026569272092224816
1679.2040405273438 1.0177789236913377 0.0002689788542691465
1679.2249145507812 1.034330133397274 0.00027070026618371853
1679.2457275390625 0.9699941615791324 0.000275893783683374
1679.2665405273438 0.9451739254624602 0.0002743638924075979
1679.2874145507812 1.0581496964324169 0.00027484949613107803
1679.3082275390625 1.017033854426294 0.00027486387882469094
1679.3290405273438 0.9767684351817698 0.00027369505175776085
1679.3499145507812 0.982075591050538 0.00027156099534778267
1679.3707275390625 0.9966800732702605 0.00027261638822002497
1679.3915405273438 1.0463170236152097 0.00027636210273312067
1679.4124145507812 0.9973639783592546 0.00028100740499173665
1679.4332275390625 0.9757081658156591 0.00028363206631266697
1679.4540405273438 1.017577400378484 0.00028924258280861495
1679.4749145507812 1.0082027122348192 0.00029682254713073674
1679.4957275390625 0.944314642081104 0.0002947793446167575
1679.5165405273438 1.0380985819092061 0.00029196163862923937
1679.5374145507812 0.9585381377971561 0.00028993139021681654
1679.5582275390625 1.0010291518486045 0.0002851143217333172
1679.5790405273438 1.0749831240089394 0.0002802591541884923
1679.5999145507812 0.9464015337860727 0.00027786224766080016
1679.6207275390625 0.9972896476680236 0.00028544681505308125
1679.6415405273438 1.073649688724273 0.0002895846703469737
1679.6624145507812 0.9886484424379471 0.0002939877001277876
1679.6832275390625 0.9643530060764346 0.00029647770235923074
1679.7040405273438 0.9159823795935761 0.00029210636534106213
1679.7249145507812 1.0276672189247185 0.0002871494083242558
1679.7457275390625 1.0663154411938984 0.0002821252533927811
1679.7665405273438 0.9852965277762648 0.000269492650708641
1679.7874145507812 0.9458851170767705 0.00026555431908347653
1679.8082275390625 0.9142923496475424 0.0002622493864639998
1679.8290405273438 0.9440490857226989 0.0002596931403661972
1679.8499145507812 0.9671495537545766 0.00025673270086239733
1679.8707275390625 1.0034569025998088 0.00025167648958857063
1679.8915405273438 0.9921339212325152 0.0002535274432556076
1679.9124145507812 1.075720353438968 0.0002571548792135331
1679.9332275390625 1.0246066679533343 0.0002575903147652814
1679.9540405273438 0.9245125735635424 0.0002621519433995204
1679.9749145507812 0.9719644692223249 0.0002705862676897991
1679.9957275390625 1.0070881926092328 0.0002763884025472379
1680.0165405273438 1.0614458505192177 0.0002806940317421771
1680.0374145507812 0.9713537324271886 0.0002762528307546695
1680.0582275390625 0.9517470159946178 0.0002716453010630103
1680.0790405273438 1.0204244353658785 0.00027385447994214226
1680.0999145507812 1.0305335640507791 0.0002763399252595785
1680.1207275390625 1.054756158959301 0.0002750786111950661
1680.1415405273438 0.9476612612834516 0.00026952714084827237
1680.1624145507812 0.9326960825282337 0.0002676239004820485
1680.1832275390625 1.0102823834376118 0.0002692783013528665
1680.2040405273438 1.0610372161950565 0.0002682439058658285
1680.2249145507812 1.033106556599901 0.0002666900960218349
1680.2457275390625 0.9656293876456209 0.0002662358484582404
1680.2665405273438 0.971290847657439 0.00027025384753761824
1680.2874145507812 1.0263393460041312 0.0002743263267285935
1680.3082275390625 1.0145780136083056 0.0002783975624714153
1680.3290405273438 0.9588267649378963 0.0002734338210298346
1680.3499145507812 0.9854645744979474 0.0002680104434818482
1680.3707275390625 1.0117100582817202 0.0002663553560140458
1680.3915405273438 0.9955108650648282 0.00026499459670661186
1680.4124145507812 1.077848129884771 0.00026209685563990926
1680.4332275390625 0.9607101224453645 0.0002602582155326752
1680.4540405273438 0.9687274169132132 0.0002634657894076043
1680.4749145507812 1.013489965238314 0.00026679928094667474
1680.4957275390625 1.0167523921443964 0.0002688138516384997
1680.5165405273438 1.008236636647533 0.00026885246501643956
1680.5374145507812 0.9522751820925952 0.00026238558757668855
1680.5582275390625 0.9934510397378489 0.0002617633904615893
1680.5790405273438 1.0167104264474336 0.0002608001198474093
1680.5999145507812 1.042856566262882 0.000257770637420025
1680.6207275390625 1.0034630167952392 0.000257169145268823
1680.6415405273438 0.9538567481352415 0.0002582170831503306
1680.6624145507812 1.019402132369428 0.00025890337557572444
1680.6832275390625 1.0108053429433705 0.00025754761554911234
1680.7040405273438 0.9629623410585344 0.0002583122439062806
1680.7249145507812 0.9960519833352747 0.0002569148572800183
1680.7457275390625 1.038955052299667 0.000253967761452609
1680.7665405273438 1.0221605318895215 0.00025302311215261744
1680.7874145507812 0.9403326256326446 0.00025204307991676133
1680.8082275390625 1.0019504290337098 0.0002492184865551414
1680.8290405273438 1.027299583174998 0.00025002907230582254
1680.8499145507812 1.0057183995679724 0.00025251172330131047
1680.8707275390625 0.9877841967339537 0.00025529889426802513
1680.8915405273438 1.031767378230333 0.00025443297443184025
1680.9124145507812 0.9852981123765513 0.0002604141856855937
1680.9332275390625 0.9654357109398165 0.000260725764468499
1680.9540405273438 0.980312666689763 0.00026030744065277874
1680.9749145507812 1.0544006387265976 0.0002591224658286328
1680.9957275390625 0.9474822431250369 0.0002591509618886762
1681.0165405273438 0.8692899633662023 0.00025881672028168096
1681.0374145507812 0.8669627264794914 0.0002592187351652328
1681.0582275390625 0.9617442111282664 0.0002591203570463443
1681.0790405273438 1.0503872837101202 0.0002568108650675146
1681.099853515625 0.9796904502173409 0.00025509719182398945
1681.1206665039062 0.9845108256831178 0.0002544866291897339
1681.1415405273438 0.9937085801568131 0.0002543935870085882
1681.162353515625 0.9924842623516624 0.00025278324633977304
1681.1831665039062 1.0350784566353288 0.00025618605929068455
1681.2040405273438 1.013338021770693 0.0002526858890026829
1681.224853515625 0.9779314789354455 0.00025165550529411497
1681.2456665039062 0.9618895565614936 0.00025169561627924966
1681.2665405273438 0.9938410330597661 0.0002535938086323447
1681.287353515625 1.0685656010479543 0.0002560485257936391
1681.3081665039062 1.0244534724882872 0.00026219824484993693
1681.3290405273438 0.9609501810939681 0.0002587665362720422
1681.349853515625 0.9586163717439868 0.00026236560511585085
1681.3706665039062 1.0036467639527906 0.0002679775467240627
1681.3915405273438 0.9852178422114028 0.0002713148330535995
1681.412353515625 1.150354718472213 0.0002688597900134001
1681.4331665039062 0.8667845543045402 0.00026699879693435646
1681.4540405273438 0.9934998345168731 0.0002631982544818756
1681.474853515625 1.037959521640661 0.000263682491874447
1681.4956665039062 1.0268046433995237 0.0002576501655059992
1681.5165405273438 0.9836404481573998 0.00025817746540277584
1681.537353515625 0.9513787028292071 0.00025153843172390103
1681.5581665039062 1.033808185258619 0.00025541404026535006
1681.5790405273438 1.08660632944856 0.0002574156018785812
1681.599853515625 0.9178266239596098 0.000256591678178295
1681.6206665039062 0.9970978956385651 0.00025843831405801456
1681.6415405273438 0.9890348796337155 0.0002546491660453515
1681.662353515625 1.0148640890710459 0.00025424560084878707
1681.6831665039062 0.9964494732925143 0.0002496027963319646
1681.7040405273438 0.9595118110796707 0.00024192226311145604
1681.724853515625 1.0789030178347532 0.0002414729396203238
1681.7456665039062 0.9786476764074722 0.0002439451365765322
1681.7665405273438 1.0231452996683776 0.00024319958802692388
1681.787353515625 0.9846172296382567 0.00024138330114287161
1681.8081665039062 0.9555969154039711 0.00024088997783151112
1681.8290405273438 0.9643323305582556 0.00024251601906569961
1681.849853515625 1.0672523713551352 0.0002379609970672051
1681.8706665039062 1.021823906024173 0.00023756089518096887
1681.8915405273438 0.9741918923828949 0.0002376118385756494
1681.912353515625 0.999784050412287 0.00023921534658651793
1681.9331665039062 1.0283094619278603 0.00024216209282368938
1681.9540405273438 0.9765383566862607 0.0002482762457951956
1681.974853515625 0.9827372156020088 0.00024627729727415585
1681.9956665039062 0.9886339771266088 0.00024175253125004122
1682.0165405273438 0.9946912008609747 0.00024140072189564093
1682.037353515625 1.007570833464886 0.00024015045511404572
1682.0581665039062 1.0506278529904431 0.00023460541825542962
1682.0790405273438 1.0121798287207635 0.0002320789463161653
1682.099853515625 0.9224817059986877 0.0002300417692466369
1682.1206665039062 0.9916383133937717 0.0002287112407722435
1682.1415405273438 1.0498872314813608 0.00022720849928644775
1682.162353515625 0.9869234171632297 0.00022667712698116834
1682.2040405273438 1.0041079168110856 0.00021897686015834506
1682.224853515625 0.9392373219519735 0.00021478841495802575
1682.2456665039062 0.958469102461629 0.00021104249453560094
1682.2665405273438 1.0000549796957041 0.00020805146049691705
1682.287353515625 0.9776662349022528 0.0002078576723750918
1682.3081665039062 1.0 0.00020791380399623176
1682.3290405273438 0.9928042668351696 0.00020805235937332078
1682.349853515625 1.0108087141653452 0.00020832581041642652
