time flux flux_err
1653.9519653320312 1.0000777503328044 7.227871829768164e-05
1653.9728393554688 0.9998520539467166 7.228085330649314e-05
1653.99365234375 0.9999609765428926 7.228894787475449e-05
1654.0144653320312 0.9999452395826248 7.228566003481652e-05
1654.0353393554688 1.0001746968861807 7.230523788944858e-05
1654.05615234375 1.000281086958097 7.232199944043566e-05
1654.0769653320312 0.99987714243989 7.236124494087796e-05
1654.0978393554688 0.9998755366282607 7.240482867959801e-05
1654.11865234375 0.9998472565287643 7.248706662107548e-05
1654.1394653320312 1.00003516802089 7.25727841864275e-05
1654.1603393554688 1.0000423065296997 7.26688311721397e-05
1654.18115234375 1.000228830866076 7.276634587395632e-05
1654.2019653320312 0.9998983337858816 7.284258498092173e-05
1654.2228393554688 0.9997389704126962 7.294354644320505e-05
1654.24365234375 1.0003979915700336 7.304555396257946e-05
1654.2644653320312 0.9999146682769878 7.312058144357438e-05
1654.2853393554688 0.9999330499310075 7.323595971801617e-05
1654.30615234375 0.9998385955050685 7.330504393485017e-05
1654.3269653320312 0.9998070409273316 7.33507171528819e-05
1654.3478393554688 1.000227288416226 7.342658699437212e-05
1654.36865234375 1.000377077011347 7.349141445450344e-05
1654.3894653320312 0.9997664526904724 7.352019789786465e-05
1654.4103393554688 0.9999186654331437 7.358820118845432e-05
1654.43115234375 0.9996917302091278 7.360244975121144e-05
1654.4519653320312 1.000209378984543 7.367434496632277e-05
1654.4728393554688 1.000416278049646 7.373053525027695e-05
1654.49365234375 0.9999747879730762 7.379658509990734e-05
1654.5353393554688 0.9999158835731825 7.394503221924948e-05
1654.55615234375 0.9995484612330936 7.404545026475612e-05
1654.5769653320312 1.0002350780502258 7.412055450107727e-05
1654.5978393554688 0.9997303364240017 7.420221714327456e-05
1654.61865234375 1.0006329760825847 7.426074539840271e-05
1654.6394653320312 0.9995185165944688 7.426091936943118e-05
1654.6603393554688 1.0002367829682302 7.430723479157149e-05
1654.68115234375 0.9999903704533678 7.433754922410394e-05
1654.7019653320312 0.9994322664134466 7.434776736004395e-05
1654.7228393554688 1.000887306713275 7.445100109401893e-05
1654.74365234375 0.9995585838200128 7.45093988382969e-05
1654.7644653320312 0.9999898608775111 7.463059436420982e-05
1654.7853393554688 1.0002936913535685 7.47550270814473e-05
1654.80615234375 0.9995154868379131 7.486105489535478e-05
1654.8269653320312 1.0003385528147664 7.499664300753314e-05
1654.8478393554688 1.0000629610853151 7.510052650352606e-05
1654.86865234375 0.9996870883071471 7.511972581897199e-05
1654.8894653320312 1.0002521405847442 7.517193308845228e-05
1654.9103393554688 0.9995646991737612 7.5145464243565e-05
1654.93115234375 1.000470773771432 7.519986102761487e-05
1654.9519653320312 0.9999042690157197 7.519801695418257e-05
1654.9728393554688 0.9999085461835694 7.522089466318062e-05
1654.99365234375 1.0002026025370025 7.52744804473438e-05
1655.0144653320312 0.9997738980880974 7.537037659133463e-05
1655.0353393554688 1.0002414215978472 7.54522479403396e-05
1655.05615234375 0.9996128851096999 7.553042183734091e-05
1655.0769653320312 1.0003958978783092 7.566589277580298e-05
1655.0978393554688 0.9997149134519006 7.572971162572545e-05
1655.11865234375 0.9998710242801161 7.583083817600638e-05
1655.1394653320312 1.0006592688567049 7.594725399196067e-05
1655.1603393554688 0.999484920476154 7.59979075665716e-05
1655.18115234375 0.999916806300245 7.601699168146902e-05
1655.2020263671875 1.0000521086602794 7.604006136653276e-05
1655.2228393554688 0.9999121828410444 7.607174200216763e-05
1655.2437133789062 1.0011531422516147 7.612982642718218e-05
1655.2645263671875 0.9995664207410087 7.60799311417446e-05
1655.2853393554688 0.999723210849013 7.609369473487255e-05
1655.3062133789062 0.9990108959940639 7.607936063689762e-05
1655.3270263671875 0.9961457768758121 7.601088031413323e-05
1655.3478393554688 0.996837978402232 7.604854880578534e-05
1655.3687133789062 0.9969459284490814 7.609762862950143e-05
1655.3895263671875 0.9968048089103491 7.615238302776331e-05
1655.4103393554688 0.9996982970125686 7.629678293128011e-05
1655.4312133789062 1.0004447933473168 7.639640224554101e-05
1655.4520263671875 1.0000601086157603 7.647023098492519e-05
1655.4728393554688 0.9999639064011773 7.658869852633236e-05
1655.4937133789062 0.9998461220491898 7.66818322178257e-05
1655.5145263671875 0.9997910782335683 7.680780140988653e-05
1655.5353393554688 1.0005463674478898 7.697623601740094e-05
1655.5562133789062 0.9998193886146077 7.709303494567061e-05
1655.5770263671875 0.9993054149989948 7.718529335594437e-05
1655.5978393554688 1.0009683367425468 7.733627598680849e-05
1655.6187133789062 0.999157248342451 7.733196338412655e-05
1655.6395263671875 1.0005288366673382 7.741149766324455e-05
1655.6603393554688 1.0001341034340423 7.740033626722351e-05
1655.6812133789062 0.9990830933557832 7.739458337139841e-05
1655.7020263671875 1.001257308633546 7.746986644252943e-05
1655.7228393554688 0.9991661274211604 7.741533040423922e-05
1655.7437133789062 1.000193059360921 7.747068585299361e-05
1655.7645263671875 1.0001445831196734 7.75229945652422e-05
1655.7853393554688 0.9998635357729878 7.755677909123184e-05
1655.8062133789062 1.0003760512920805 7.76144254282829e-05
1655.8270263671875 0.9994994718223262 7.760003253815455e-05
1655.8478393554688 0.9998162021487366 7.76099666801395e-05
1655.8687133789062 1.000362397397091 7.757938566504627e-05
1655.8895263671875 1.0002447453817618 7.753719417614409e-05
1655.9103393554688 0.9998612046101327 7.743868113000555e-05
1655.9312133789062 0.999940830635416 7.736377534666541e-05
1655.9520263671875 1.0000780821257431 7.729076500933676e-05
1655.9728393554688 0.9996133618032098 7.719018436268641e-05
1655.9937133789062 1.0001467815247593 7.715296173248134e-05
1656.0145263671875 1.0001281191741032 7.7118129281655e-05
1656.0353393554688 0.999901980444939 7.707244392574039e-05
1656.0562133789062 1.0004312644768527 7.709386144727488e-05
1656.0770263671875 0.9992384693551196 7.708930461587299e-05
1656.0978393554688 1.0003482187754185 7.717723150571687e-05
1656.1187133789062 1.0005352072535882 7.728860683968104e-05
1656.1395263671875 0.9993384144221678 7.731825894225605e-05
1656.1603393554688 1.0001452601189404 7.741195449150838e-05
1656.1812133789062 1.000102424687311 7.747639744467606e-05
1656.2020263671875 0.9995471466318412 7.749469210398823e-05
1656.2228393554688 1.0007110131297692 7.75434050742098e-05
1656.2437133789062 0.9997784300150997 7.750643594344761e-05
1656.2645263671875 0.9994238978402304 7.748103616518132e-05
1656.2853393554688 1.0009581052464314 7.744118101654341e-05
1656.3062133789062 0.999221395690638 7.729876289834057e-05
1656.3270263671875 1.0002766220433377 7.723477075883421e-05
1656.3478393554688 1.0003284174029998 7.717448929607106e-05
1656.3687133789062 0.9994732051141019 7.710506473302523e-05
1656.3895263671875 1.0006765946532363 7.713987965384791e-05
1656.4103393554688 0.9992865718121231 7.711134166340589e-05
1656.4312133789062 0.9999610887867535 7.717372952285543e-05
1656.4520263671875 1.0003426810013694 7.724678407453414e-05
1656.4728393554688 0.9998359549520642 7.730745947009798e-05
1656.4937133789062 1.0003299902513967 7.74374515424311e-05
1656.5145263671875 1.0000379749276105 7.756206094951434e-05
1656.5353393554688 0.9994557599052727 7.770660745152649e-05
1656.5562133789062 1.000197186714567 7.787643106676674e-05
1656.5770263671875 1.0001931186712485 7.802308669494245e-05
1656.5978393554688 0.9997064753801502 7.814324361490497e-05
1656.6187133789062 1.0001717430304236 7.82650246597174e-05
1656.6395263671875 1.0006790803990802 7.83512050747683e-05
1656.6603393554688 0.9989515995386957 7.831050108008065e-05
1656.6812133789062 1.0003329646392278 7.834660399123069e-05
1656.7020263671875 0.9998494087085685 7.835689368254444e-05
1656.7228393554688 1.0002343552841202 7.835851409825995e-05
1656.7437133789062 1.0006415288973853 7.83802675753797e-05
1656.7645263671875 0.9989223604564381 7.833640867834976e-05
1656.7853393554688 1.000193029381041 7.842188501476598e-05
1656.8062133789062 1.0003878502403174 7.84446317165692e-05
1656.8270263671875 0.9994532111416363 7.844420425205983e-05
1656.8478393554688 1.0006535014724527 7.847014289552321e-05
1656.8687133789062 0.9996944497242052 7.841936758019185e-05
1656.8895263671875 0.9999941605732653 7.836481767663706e-05
1656.9103393554688 1.000358813784262 7.830228652406552e-05
1656.9312133789062 0.9995807518038671 7.818239768395999e-05
1656.9520263671875 1.000115095834755 7.807112717960997e-05
1656.9728393554688 1.000207647619467 7.793724061584926e-05
1656.9937133789062 0.9993208007277957 7.777788635974596e-05
1657.0145263671875 1.0004558705367308 7.771884374447189e-05
1657.0353393554688 1.0002548071798398 7.762902377119297e-05
1657.0562133789062 0.9995706006555387 7.7572302401994e-05
1657.0770874023438 1.000219846826255 7.757067792114926e-05
1657.097900390625 0.999978819366121 7.757367865158466e-05
1657.1187133789062 0.9994688602875352 7.762365590235124e-05
1657.1395874023438 1.0009845319117328 7.773136143273021e-05
1657.160400390625 0.9994512372885646 7.775987587273606e-05
1657.1812133789062 0.9998258051192579 7.782627962456303e-05
1657.2020874023438 1.0009014130836171 7.787974305522236e-05
1657.222900390625 0.9988721140933721 7.782963503290585e-05
1657.2437133789062 1.000470312889437 7.786120798814378e-05
1657.2645874023438 0.999849221627716 7.782772838612974e-05
1657.285400390625 0.9996907454386461 7.77456328445151e-05
1657.3062133789062 1.0012556630012723 7.762479421451954e-05
1657.3270874023438 0.9992720746164577 7.743627407194353e-05
1657.3687133789062 0.99984827428798 7.723428607026047e-05
1657.3895874023438 1.0001288149136351 7.712235910071242e-05
1657.410400390625 0.9998603842219965 7.707629595037227e-05
1657.4312133789062 1.0002893662981014 7.706170226751927e-05
1657.4520874023438 0.9995704302440861 7.706474906761361e-05
1657.472900390625 1.0002037696410024 7.712123496864873e-05
1657.4937133789062 0.9983038425366991 7.715602968583024e-05
1657.5145874023438 0.9996152821108288 7.728418896649518e-05
1657.535400390625 1.0002645247068744 7.743207130057204e-05
1657.5562133789062 1.0004638814973585 7.756787460199244e-05
1657.5770874023438 0.9999650345957305 7.76998448573996e-05
1657.597900390625 1.000283681796485 7.781938527209238e-05
1657.6187133789062 0.9993349167967766 7.786944344316475e-05
1657.6395874023438 0.9995982141940821 7.790890902730565e-05
1657.660400390625 1.0004947311559564 7.793965514372033e-05
1657.6812133789062 1.0000007967585576 7.790248508895571e-05
1657.7020874023438 1.0003963422744997 7.785077939475636e-05
1657.722900390625 1.000248510407756 7.781114680022602e-05
1657.7437133789062 0.9988930395782424 7.773825024447534e-05
1657.7645874023438 1.0005031400898614 7.77174581113309e-05
1657.785400390625 0.9980342988050288 7.76338960498004e-05
1657.8270874023438 0.996221911788862 7.759740062137446e-05
1657.8687133789062 0.9969456981935975 7.756589741672517e-05
1657.8895874023438 0.9972000902494979 7.752556262945239e-05
1657.910400390625 0.9997640181408196 7.751628756357992e-05
1657.9312133789062 1.000880256005635 7.745956970843534e-05
1657.9520874023438 0.9996194679479786 7.730048734222676e-05
1657.972900390625 0.9989709793046643 7.716826608672712e-05
1657.9937133789062 1.0011594556410777 7.71049943535586e-05
1658.0145874023438 0.9989535353107374 7.694475066689201e-05
1658.035400390625 1.0005062852523505 7.6904276469078e-05
1658.0562133789062 1.0004513995922506 7.685979349070095e-05
1658.0770874023438 0.9994856096476514 7.679193378143492e-05
1658.097900390625 1.0001498454622069 7.681785880502177e-05
1658.1187133789062 1.0000188673366248 7.684087526122248e-05
1658.1395874023438 0.9998091100073005 7.685318086302485e-05
1658.160400390625 1.00018146774681 7.691133077978192e-05
1658.1812133789062 1.0003993976534016 7.697181553157431e-05
1658.2020874023438 0.9989679082603801 7.696346472206134e-05
1658.222900390625 1.0011000606918625 7.705271616826684e-05
1658.2437133789062 0.9996568436957182 7.700170087356244e-05
1658.2645874023438 0.9992599116482348 7.695918997438282e-05
1658.285400390625 1.0007872134794724 7.693387072438896e-05
1658.3062133789062 0.9994480116920276 7.674960035925177e-05
1658.3270874023438 1.0004797186429129 7.665787103383967e-05
1658.347900390625 1.0003878764048098 7.647705847941564e-05
1658.3687133789062 0.9988177959234171 7.632300354616605e-05
1658.3895874023438 1.000891557266719 7.627279326543009e-05
1658.410400390625 0.9998390254374264 7.615057557009998e-05
1658.4312133789062 0.9998412422106558 7.608556992547034e-05
1658.4520874023438 1.00029868714602 7.609737586835962e-05
1658.472900390625 0.999539157690304 7.608126746196802e-05
1658.4937133789062 1.0002178561464732 7.612765428317293e-05
1658.5145874023438 1.000483676166598 7.618691284668928e-05
1658.535400390625 0.9992054059440073 7.62414413873431e-05
1658.5562133789062 1.0006057465167295 7.63589121628193e-05
1658.5770874023438 0.9998185284512382 7.641311997321242e-05
1658.597900390625 0.999481921112203 7.645401888947233e-05
1658.6187133789062 1.0007593829434713 7.652510949454003e-05
1658.6395874023438 0.9994937047899405 7.649250707067101e-05
1658.660400390625 1.0000471883982256 7.649551546429857e-05
1658.6812133789062 1.0001960758886252 7.645128566261771e-05
1658.7020874023438 0.9999873701808575 7.640015203728406e-05
1658.722900390625 0.9999131322776567 7.633767367272313e-05
1658.7437133789062 1.0003415163055382 7.630896599619859e-05
1658.7645874023438 0.9996938459522328 7.628157648509008e-05
1658.785400390625 0.9999401246195915 7.627257789364921e-05
1658.8062133789062 1.0001022999701052 7.625647532806832e-05
1658.8270874023438 0.9995183134895899 7.622122565780876e-05
1658.847900390625 1.0007613721554427 7.625047867399897e-05
1658.8687133789062 0.9998936116506809 7.621054665951467e-05
1658.8895874023438 0.9993204993493008 7.615135656121957e-05
1658.910400390625 1.000833371135012 7.613639844276044e-05
1658.9312133789062 0.9994023509272596 7.601508817544146e-05
1658.9520874023438 1.0002954143834573 7.598798525322821e-05
1658.972900390625 0.999993812438727 7.586987857439522e-05
1658.9937133789062 0.9998302882758481 7.576332817363514e-05
1659.0145874023438 1.0003996647473128 7.568465520138397e-05
1659.0354614257812 0.9995155225685628 7.561450937416908e-05
1659.0562744140625 1.0004387165948512 7.559106333939184e-05
1659.0770874023438 0.99958276892269 7.552692371860856e-05
1659.0979614257812 1.000211723573054 7.552482268202553e-05
1659.1187744140625 0.9997975018711023 7.551306882596104e-05
1659.1395874023438 1.0001713544195712 7.551427565411007e-05
1659.1604614257812 0.9999826624831001 7.552803280410878e-05
1659.1812744140625 1.0002313083755583 7.556446067066533e-05
1659.2020874023438 0.9998661789462747 7.558254317889064e-05
1659.2229614257812 0.9996250286169345 7.556868090607236e-05
1659.2437744140625 1.0004089093309907 7.557722171955957e-05
1659.2645874023438 1.0000955893873713 7.555213668811756e-05
1659.2854614257812 0.9996154464021381 7.549688554020008e-05
1659.3062744140625 1.0002537346528706 7.546027574591751e-05
1659.3270874023438 0.9997353048527735 7.53814723759121e-05
1659.3479614257812 0.9999500163744645 7.531761136481416e-05
1659.3687744140625 1.0006676866812503 7.524582963607677e-05
1659.3895874023438 0.9992734793937949 7.51482828755163e-05
1659.4104614257812 1.0006221010378236 7.513655241353055e-05
1659.4312744140625 0.9997533375860145 7.5080771607038e-05
1659.4520874023438 0.999447711361757 7.508671116434461e-05
1659.4729614257812 1.0008504480925027 7.512128450496772e-05
1659.4937744140625 0.999492240401982 7.509382793829428e-05
1659.5145874023438 1.0000786202108154 7.512264755540367e-05
1659.5354614257812 0.99995692427736 7.516484446731318e-05
1659.5562744140625 0.9999275232122351 7.518936385721611e-05
1659.5770874023438 1.0001592238230217 7.525699933505042e-05
1659.5979614257812 1.0005672220079027 7.529017192862645e-05
1659.6187744140625 0.9992539000687285 7.528268374310646e-05
1659.6395874023438 1.0000905850678181 7.53685609038254e-05
1659.6604614257812 1.0001296817538683 7.533180122552024e-05
1659.6812744140625 0.9996921361866697 7.530088443929756e-05
1659.7020874023438 1.000749564479644 7.531365920277777e-05
1659.7229614257812 0.9991281399086773 7.522174207775537e-05
1659.7437744140625 1.0002646822778103 7.524559725046454e-05
1659.7645874023438 1.0006103624124278 7.523721837556164e-05
1659.7854614257812 0.999249135707635 7.518637808805455e-05
1659.8062744140625 1.0003376149543604 7.523597380519668e-05
1659.8270874023438 1.00003935443494 7.523931864004e-05
1659.8479614257812 0.9995747078561698 7.522502166119696e-05
1659.8687744140625 1.0005428957324045 7.526197616220793e-05
1659.8895874023438 0.9998898028518615 7.521938309307373e-05
1659.9104614257812 0.9997465148199022 7.518208011396886e-05
1659.9312744140625 1.000132445446265 7.515278412216767e-05
1659.9520874023438 0.9997316140817706 7.505772912322899e-05
1659.9729614257812 1.0005491832469533 7.49954770455608e-05
1659.9937744140625 1.0000547510801847 7.489889491142273e-05
1660.0145874023438 0.9992835450830182 7.477556955996369e-05
1660.0354614257812 1.0004474888072308 7.472740579453742e-05
1660.0562744140625 1.0000257261621313 7.466386815924332e-05
1660.0770874023438 0.9996688330999378 7.459846521231613e-05
1660.0979614257812 1.0004656728143346 7.458563839375337e-05
1660.1187744140625 0.9999960627234618 7.452294014952297e-05
1660.1395874023438 0.9993409061659838 7.449586982293701e-05
1660.1604614257812 1.0004372151014913 7.450803050665429e-05
1660.1812744140625 1.000083724159207 7.449503031373715e-05
1660.2020874023438 0.9999812655067252 7.447882054952792e-05
1660.2229614257812 1.0000571442574515 7.449333670468619e-05
1660.2437744140625 0.9998914957775251 7.448847508361352e-05
1660.2645874023438 1.0000183872794979 7.449776511150742e-05
1660.2854614257812 0.9979222864413408 7.441594158448571e-05
1660.3062744140625 0.9958589338982963 7.434456665620387e-05
1660.3270874023438 0.9970750869761468 7.434544122087725e-05
1660.3479614257812 0.996911690472544 7.429792472182033e-05
1660.3687744140625 0.9966601722502049 7.423853400356327e-05
1660.3895874023438 1.000001832022116 7.428788903171306e-05
1660.4104614257812 0.999885381650029 7.425755593523157e-05
1660.4312744140625 0.9997475391860312 7.422906211434257e-05
1660.4520874023438 1.0006858829770295 7.423580450628017e-05
1660.4729614257812 0.9997679430087404 7.419793472176064e-05
1660.4937744140625 1.0001072118961498 7.422301525755027e-05
1660.5145874023438 0.9998874217438595 7.423569734992445e-05
1660.5354614257812 0.9996976736086566 7.425673209864805e-05
1660.5562744140625 1.0004208962475412 7.434526762967835e-05
1660.5770874023438 0.9996111063943683 7.436692702573557e-05
1660.5979614257812 1.0005860523171268 7.446815866383885e-05
1660.6187744140625 0.9999630611011326 7.449068382414075e-05
1660.6395874023438 0.999666802141695 7.451958640232631e-05
1660.6604614257812 1.000018472540689 7.454855267130979e-05
1660.6812744140625 0.9998778486735568 7.457518477839094e-05
1660.7020874023438 1.000046428195445 7.454948577211368e-05
1660.7437744140625 1.0002257395196676 7.453219235676109e-05
1660.7645874023438 0.9998174627201887 7.449468498179632e-05
1660.7854614257812 0.9999129883828966 7.44695176675365e-05
1660.8062744140625 1.0004351529195314 7.446845304877397e-05
1660.8270874023438 0.9996742073546402 7.447330849823552e-05
1660.8479614257812 0.9999735164047798 7.450476907364902e-05
1660.8687744140625 1.0003118207975212 7.449356261501132e-05
1660.8895874023438 0.9998214871221027 7.44749479366824e-05
1660.9104614257812 0.9997106925153204 7.442883457938589e-05
1660.9312744140625 1.0004042594944147 7.438958253221375e-05
1660.9520874023438 0.9997693392023009 7.431518190209087e-05
1660.9729614257812 0.9999451894873754 7.424838631812979e-05
1660.9937744140625 0.9999934219045344 7.414620460322988e-05
1661.0145874023438 1.0000456161334468 7.40688112104831e-05
1661.0354614257812 1.0001724494058164 7.399572034102955e-05
1661.0562744140625 1.0000027602532549 7.391046978047583e-05
1661.0770874023438 0.9996985262159606 7.387006436736824e-05
1661.0979614257812 1.0002796539739105 7.3846031318231e-05
1661.1187744140625 1.0000349046707468 7.381292159075226e-05
1661.1395874023438 0.999890969459421 7.376283407228299e-05
1661.1604614257812 1.0002406798543455 7.376342023280556e-05
1661.1813354492188 0.9994993339422723 7.372325402180131e-05
1661.2021484375 1.0001942771508918 7.374168261907007e-05
1661.2229614257812 1.0001897754511249 7.374324388856885e-05
1661.2438354492188 0.9996907710452875 7.376087949713036e-05
1661.2646484375 1.0004746973153702 7.372420324167844e-05
1661.2854614257812 0.9993778884638039 7.367553512477609e-05
1661.3063354492188 1.0005251123370449 7.367832702918023e-05
1661.3271484375 0.9998364464753065 7.361711588744326e-05
1661.3479614257812 0.9997271213443468 7.353813407043138e-05
1661.3688354492188 1.000480633067543 7.35216065601538e-05
1661.3896484375 0.9994540173100582 7.344099121111094e-05
1661.4104614257812 1.000288917614305 7.344672691428247e-05
1661.4313354492188 1.0000460755368072 7.341915558608066e-05
1661.4521484375 1.0002412280974953 7.342959797740084e-05
1661.4729614257812 0.999769312440958 7.344958690660422e-05
1661.4938354492188 0.9997437989667237 7.346861714553488e-05
1661.5146484375 1.000598849852621 7.352438723435408e-05
1661.5354614257812 0.9993982185097761 7.352528608687462e-05
1661.5563354492188 1.0001521760521068 7.360450930967212e-05
1661.5771484375 0.9999185715496182 7.363325304585223e-05
1661.5979614257812 1.000147505359496 7.367698615763418e-05
1661.6188354492188 1.0002280438414415 7.372644666426343e-05
1661.6396484375 0.9995883564123593 7.377715359443927e-05
1661.6604614257812 1.0001421643815278 7.378561786080596e-05
1661.6813354492188 1.0000881610983203 7.378904474465943e-05
1661.7021484375 0.9998002405666485 7.381117372075409e-05
1661.7229614257812 1.0002914157787373 7.379586576994421e-05
1661.7438354492188 0.9999642579713396 7.379411802580897e-05
1661.7646484375 0.9998738352514507 7.376745460613861e-05
1661.7854614257812 1.0002294960633793 7.377576035905735e-05
1661.8063354492188 0.9995833875485214 7.3756009840846e-05
1661.8271484375 1.0001266147407855 7.378640694612521e-05
1661.8479614257812 1.0002183758841494 7.378852353590613e-05
1661.8688354492188 1.000085853471118 7.376860872383738e-05
1661.8896484375 0.9994206994675984 7.375701320802975e-05
1661.9104614257812 1.0002575182192288 7.375110397832732e-05
1661.9313354492188 1.0001250036897662 7.3719265859554e-05
1661.9521484375 1.0000086754726325 7.369920804796571e-05
1661.9729614257812 1.0003704591569207 7.365331093557933e-05
1661.9938354492188 0.9993803578678385 7.358165591509485e-05
1662.0146484375 1.0002428326794173 7.35547076721704e-05
1662.0354614257812 0.9997879447452162 7.346077566866225e-05
1662.0563354492188 1.000140846810062 7.339482957364873e-05
1662.0771484375 1.0002095590116562 7.333676642908586e-05
1662.0979614257812 0.9998083479223195 7.325663254612753e-05
1662.1188354492188 0.9999923757675517 7.322887003293477e-05
1662.1396484375 1.000045017724897 7.318072725518981e-05
1662.1604614257812 0.9999733022485887 7.314506240262059e-05
1662.1813354492188 1.000109339327195 7.313547738496614e-05
1662.2021484375 0.9999782913852576 7.314020264947192e-05
1662.2229614257812 0.9996650315844577 7.308064279032795e-05
1662.2438354492188 1.0002816042548859 7.309450347998594e-05
1662.2646484375 0.999938120013252 7.305744237515065e-05
1662.2854614257812 1.0000727344867408 7.304086317755988e-05
1662.3063354492188 1.0002317186911798 7.303653881105908e-05
1662.3271484375 0.9996363849773027 7.294662459178536e-05
1662.3479614257812 1.0000322579020566 7.293031082927894e-05
1662.3688354492188 0.9998735094942061 7.287901686238588e-05
1662.3896484375 1.0002736048920906 7.283668759345581e-05
1662.4104614257812 1.0000204785517084 7.277883562487583e-05
1662.4313354492188 1.000163724043589 7.27592818702579e-05
1662.4521484375 0.9997381229073807 7.272266106812476e-05
1662.4729614257812 0.9997582634067659 7.269178461951212e-05
1662.4938354492188 1.0002057455303806 7.268581811563813e-05
1662.5146484375 0.9999318549291122 7.267860305017352e-05
1662.5354614257812 1.0001714436684932 7.269271145852678e-05
1662.5563354492188 1.0000279089383393 7.270115221556316e-05
1662.5771484375 0.9997060680227436 7.273085591955572e-05
1662.5979614257812 1.0004562556149674 7.27600566696277e-05
1662.6188354492188 0.9996392100168721 7.275174404858499e-05
1662.6396484375 1.0001389595280101 7.277791859356211e-05
1662.6604614257812 1.000193669778226 7.280285661523479e-05
1662.6813354492188 0.9994472006255194 7.273423582634018e-05
1662.7021484375 1.0004622460005432 7.274540106185671e-05
1662.7229614257812 0.9996671210150138 7.267668003521266e-05
1662.7438354492188 1.0001548537731966 7.264857567055254e-05
1662.7646484375 0.9987600865634089 7.257143470996436e-05
1662.7854614257812 0.9962595079262476 7.246564130230713e-05
1662.8063354492188 0.9969201301966129 7.24284169951692e-05
1662.8271484375 0.9963961575509195 7.237760356808423e-05
1662.8479614257812 0.9963823679581524 7.237981714822789e-05
1662.8688354492188 0.9986334204003204 7.240324843117478e-05
1662.8896484375 0.9994215364688017 7.240662690137352e-05
1662.9104614257812 1.0006457910158506 7.2403929672846e-05
1662.9313354492188 0.9999666408308587 7.235179988522006e-05
1662.9521484375 1.0003276036517434 7.231383271312285e-05
1662.9729614257812 1.0000302295785133 7.227125476818479e-05
1662.9938354492188 0.9998491615051303 7.221643673300958e-05
1663.0146484375 0.9998377541779837 7.217766603107884e-05
1663.0354614257812 0.9999647506836034 7.21175857225688e-05
1663.0563354492188 1.0001538707884834 7.206903596523024e-05
1663.0771484375 0.9998735821646806 7.205876643746152e-05
1663.0979614257812 1.000047304531811 7.200041275604339e-05
1663.1188354492188 1.0003213848571206 7.196504778544847e-05
1663.1396484375 0.9993680444514593 7.19245306295757e-05
1663.1604614257812 1.0006310967019136 7.194739944787072e-05
1663.1813354492188 0.999716841848541 7.191801510139274e-05
1663.2021484375 1.000121277004673 7.190421427602084e-05
1663.2229614257812 1.0002139010519708 7.191071812554595e-05
1663.2438354492188 0.9994533643487846 7.186180590530971e-05
1663.2646484375 1.0001882830451974 7.188057466725335e-05
1663.2854614257812 1.0000111073837221 7.18381170365027e-05
1663.3063354492188 0.999771848815455 7.179145434633118e-05
1663.3271484375 1.0003540305606498 7.181049548631793e-05
1663.3479614257812 1.000122245794384 7.175929088441916e-05
1663.3688354492188 0.9998115090443449 7.173857372524511e-05
1663.3896484375 1.0000784971864178 7.174007688118989e-05
1663.4104614257812 0.9996129361664547 7.169350864065922e-05
1663.4313354492188 1.0003290589756777 7.169445338534517e-05
1663.4521484375 1.000128115962637 7.167305206441273e-05
1663.4729614257812 0.9997445271984948 7.163897458925082e-05
1663.4938354492188 1.000037229208948 7.164999825488912e-05
1663.5146484375 1.0002194443694927 7.1644557805132e-05
1663.5354614257812 0.9996130361736324 7.163672668798349e-05
1663.5563354492188 1.000379021983117 7.165832126760361e-05
1663.5772094726562 1.000006225482792 7.166299001882952e-05
1663.5980224609375 0.9994976286245889 7.164715084713842e-05
1663.6188354492188 1.0004851827240644 7.16816811588351e-05
1663.6397094726562 0.999812016266657 7.165777574185962e-05
1663.6605224609375 0.9997277853722708 7.164604505579155e-05
1663.6813354492188 1.0007632163632716 7.170867160082676e-05
1663.7022094726562 0.9992252552888059 7.164571155671936e-05
1663.7230224609375 1.000264925563734 7.166129772619063e-05
1663.7438354492188 1.0005415113452782 7.166509735762322e-05
1663.7647094726562 0.9991178112694024 7.161185880421668e-05
1663.7855224609375 1.0006516541526511 7.164977850741071e-05
1663.8063354492188 0.9997573771587132 7.160916151335198e-05
1663.8272094726562 0.999684572785092 7.159209883607503e-05
1663.8480224609375 1.0005200151571163 7.162041162669766e-05
1663.8688354492188 0.9997876603760821 7.157626982641403e-05
1663.8897094726562 0.9998276659040902 7.157390776083634e-05
1663.9105224609375 1.000305855402993 7.159318210725245e-05
1663.9313354492188 0.9998308166590826 7.153462773603971e-05
1663.9522094726562 0.9999542061064459 7.153097389684655e-05
1663.9730224609375 1.0003834763343262 7.153095309969869e-05
1663.9938354492188 0.9993368832946916 7.149446430218524e-05
1664.0147094726562 1.0006011094112512 7.149153024140258e-05
1664.0355224609375 1.0001812893322442 7.145172122024029e-05
1664.0563354492188 0.9989856401194123 7.139546927391187e-05
1664.0772094726562 1.000396429890506 7.142655130860352e-05
1664.1188354492188 0.9997694328813755 7.1350794084731e-05
1664.1397094726562 1.0011460742363532 7.135581448899305e-05
1664.1605224609375 0.9994545549019973 7.131340281237441e-05
1664.1813354492188 0.9992357976843719 7.132781568036222e-05
1664.2022094726562 1.0008667150811847 7.135007637393105e-05
1664.2230224609375 0.9995658480765501 7.13248477213205e-05
1664.2438354492188 1.0004797448763352 7.138841279756981e-05
1664.2647094726562 0.9998206657396385 7.134963627463062e-05
1664.2855224609375 0.9995357587847662 7.135751570897692e-05
1664.3063354492188 1.000748370257174 7.137297703641826e-05
1664.3272094726562 0.9992686809216155 7.134528855850362e-05
1664.3480224609375 1.0003061793655226 7.134472193157882e-05
1664.3688354492188 1.00003213380894 7.133716476123058e-05
1664.3897094726562 0.9996497942584714 7.130524546236873e-05
1664.4105224609375 1.0005939546758706 7.132773267227984e-05
1664.4313354492188 0.9997994363193473 7.127714173122061e-05
1664.4522094726562 0.9998676588566021 7.12533596882731e-05
1664.4730224609375 1.0000425461513824 7.129554718730339e-05
1664.4938354492188 0.9997058518184384 7.123396571756566e-05
1664.5147094726562 1.0002363361528555 7.123938448213695e-05
1664.5355224609375 1.0001131424376406 7.1209130300629e-05
1664.5563354492188 1.0002950957082395 7.120788206708979e-05
1664.5772094726562 0.9998088621407325 7.119722173588076e-05
1664.5980224609375 0.9997985988363769 7.123486134324272e-05
1664.6188354492188 0.999978900239332 7.12011404851329e-05
1664.6397094726562 0.9995200839283462 7.121505172465225e-05
1664.6605224609375 1.000785785142143 7.120145492824372e-05
1664.6813354492188 0.9998253860311792 7.120127213460592e-05
1664.7022094726562 1.0001690595986226 7.120469756487718e-05
1664.7230224609375 0.9999582044917786 7.12114640526684e-05
1664.7438354492188 0.9992127728707502 7.115905272916137e-05
1664.7647094726562 1.0008852453313126 7.124093184076079e-05
1664.7855224609375 0.9997272332199011 7.115812734428289e-05
1664.8063354492188 0.9999048982944041 7.119954607794699e-05
1664.8272094726562 1.000461680517439 7.120870150761945e-05
1664.8480224609375 0.9992003044912195 7.114365066829484e-05
1664.8688354492188 1.000815561510671 7.120780827918486e-05
1664.8897094726562 0.9990386759141893 7.114437954453757e-05
1664.9105224609375 1.0006586674931477 7.11532269708826e-05
1664.9313354492188 1.0003367522009088 7.118026681627165e-05
1664.9522094726562 0.9989098944928457 7.111246770805633e-05
1664.9730224609375 1.0012632224979514 7.117234572983224e-05
1664.9938354492188 0.9992675933730766 7.113246547322687e-05
1665.0147094726562 1.0002333526034655 7.119250137696928e-05
1665.0355224609375 0.9998092631609742 7.11353134252819e-05
1665.0563354492188 1.0002973066481728 7.113222802798958e-05
1665.0772094726562 0.999737200831918 7.112817638844095e-05
1665.0980224609375 0.9997281182299096 7.113459718497365e-05
1665.1188354492188 1.0004623605885203 7.116084036712156e-05
1665.1397094726562 0.9995528620850831 7.109616357705072e-05
1665.1605224609375 1.000782220398516 7.113605012816093e-05
1665.1813354492188 0.9994261656845861 7.111266485053088e-05
1665.2022094726562 0.9999056526975995 7.112845838209357e-05
1665.2230224609375 1.000799975000938 7.1154082618134e-05
1665.2438354492188 0.9995098612803044 7.109495329426791e-05
1665.2647094726562 0.9984572232819772 7.108778834184165e-05
1665.2855224609375 0.9970844181748167 7.102641458530415e-05
1665.3688354492188 0.9997465816739912 7.110623800367693e-05
1665.3897094726562 1.0006424406422063 7.112227772956714e-05
1665.4105224609375 0.9991382876041615 7.107535982964016e-05
1665.4313354492188 1.0007054220338847 7.111273860521423e-05
1665.4522094726562 1.0001735891076793 7.10843832662297e-05
1665.4730224609375 0.9992970303079837 7.105947862245415e-05
1665.4938354492188 1.0006246369612932 7.111535982861321e-05
1665.5147094726562 0.9997003695905431 7.108455827059957e-05
1665.5355224609375 1.0000365663376354 7.109886398043242e-05
1665.5563354492188 1.0001747740389597 7.11137807161268e-05
1665.5772094726562 0.9996154926969488 7.109040767669421e-05
1665.5980224609375 0.9998313947676455 7.110828832322365e-05
1665.6188354492188 1.0007328160520592 7.113357575833974e-05
1665.6397094726562 0.9996020182187774 7.110341249316422e-05
1665.6605224609375 0.9998320306114707 7.111919917383447e-05
1665.6813354492188 1.000601709104839 7.115835626629831e-05
1665.7022094726562 0.9992200964839557 7.109998544430202e-05
1665.7230224609375 1.0002792859907026 7.113914367987843e-05
1665.7438354492188 1.0004599953633524 7.112383319181534e-05
1665.7647094726562 0.9991917307032099 7.111662004578627e-05
1665.7855224609375 1.0008366859449715 7.1148872845502e-05
1665.8063354492188 0.999471919163864 7.110839700566318e-05
1665.8272094726562 0.9996636710312244 7.112010856919874e-05
1665.8480224609375 1.0010672921649113 7.116144080010995e-05
1665.8688354492188 0.9991813501921268 7.110005386231853e-05
1665.8897094726562 1.0002454899420492 7.115191016324665e-05
1665.9105224609375 1.0005029082097672 7.11512141017364e-05
1665.9313354492188 0.9988949227822336 7.109909853421957e-05
1665.9522094726562 1.0006557701850731 7.115966161541247e-05
1665.9730224609375 0.999907713622705 7.112158724306109e-05
1665.9938354492188 0.9995715282028951 7.1105769531352e-05
1666.0147094726562 1.000940884591272 7.115193735155874e-05
1666.0355224609375 0.9992148919271722 7.108672914116744e-05
1666.0563354492188 1.000446854560802 7.113186188365024e-05
1666.0772094726562 1.0000429557424957 7.111138631825266e-05
1666.0980224609375 0.99946740280102 7.109991735159192e-05
1666.1188354492188 1.0004052603209106 7.112670519417647e-05
1666.1397094726562 0.9999633909203532 7.111904164832965e-05
1666.1605224609375 0.9998903019189229 7.110084555846319e-05
1666.1813354492188 1.0000023460050642 7.110206820717496e-05
1666.2022094726562 1.0002288085908908 7.113178468018469e-05
1666.2230224609375 0.9996109110560126 7.109718818015867e-05
1666.2438354492188 1.0005276741351103 7.110961886957282e-05
1666.2647094726562 0.9997113350368316 7.11062630289146e-05
1666.2855834960938 0.999681786049396 7.11055915898104e-05
1666.306396484375 1.0006009682189123 7.114403838127611e-05
1666.3272094726562 0.9993301781268958 7.10934248688822e-05
1666.3480834960938 1.0005276025284446 7.113428738684405e-05
1666.368896484375 1.000196811871525 7.111988296786613e-05
1666.3897094726562 0.9992312964746956 7.110273113429029e-05
1666.4105834960938 1.0006089171067496 7.1156063014287e-05
1666.431396484375 0.9998974828181335 7.113687414284709e-05
1666.4522094726562 0.9996015972078021 7.11223164132969e-05
1666.4730834960938 1.0006353358043065 7.117298510923232e-05
1666.493896484375 0.9996084022357619 7.113990361865113e-05
1666.5147094726562 0.9999746137198393 7.113436577758261e-05
1666.5355834960938 1.000146307866664 7.115132157243666e-05
1666.556396484375 0.9995911567659812 7.111042426973577e-05
1666.5772094726562 1.00060380508625 7.114652933076488e-05
1666.5980834960938 0.9997483322052194 7.112521310430557e-05
1666.618896484375 1.0001806572388028 7.113797839682075e-05
1666.6397094726562 0.9997762469625655 7.112299352369891e-05
1666.6605834960938 1.0000462849028748 7.11577457030719e-05
1666.681396484375 0.9998581321552159 7.113645133485696e-05
1666.7022094726562 1.000227866334249 7.116918499103303e-05
1666.7230834960938 1.0001001026163256 7.114343593148006e-05
1666.743896484375 0.9993988349064329 7.111061720244741e-05
1666.7647094726562 1.0006262186958528 7.114208265639294e-05
1666.7855834960938 0.9996174003209053 7.112332028982864e-05
1666.806396484375 1.0000574943444693 7.111426244174039e-05
1666.8272094726562 1.0004321316849258 7.113034715218178e-05
1666.8480834960938 0.9994167686870563 7.109154180272397e-05
1666.868896484375 1.000335085163641 7.112960679335553e-05
1666.8897094726562 1.0000784535021734 7.111315409262186e-05
1666.9105834960938 0.9996632165191516 7.11059377084288e-05
1666.931396484375 1.0004180429770473 7.113323791098154e-05
1666.9522094726562 0.9995452513375782 7.112276167440656e-05
1666.9730834960938 1.0003400221290897 7.11393367237008e-05
1666.993896484375 0.9999052252854868 7.114733019858653e-05
1667.0147094726562 0.9999719267726452 7.113700922719226e-05
1667.0355834960938 1.0000767205945467 7.113778079572959e-05
1667.056396484375 0.9998271758283845 7.111647255481466e-05
1667.0772094726562 1.0001206361374553 7.113043853554294e-05
1667.0980834960938 1.0000171302944585 7.115334368037214e-05
1667.118896484375 0.9998400430184725 7.113893146674802e-05
1667.1397094726562 1.0003485887884933 7.113316795593614e-05
1667.1605834960938 0.9993712232332986 7.111902136683462e-05
1667.181396484375 1.0006751589322052 7.170632156489157e-05
1667.2022094726562 0.9997936918472969 7.111152396223499e-05
1667.2230834960938 0.9998658671467816 7.113323554508865e-05
1667.243896484375 1.0001314548952729 7.113026820510985e-05
1667.2647094726562 0.9996493351678715 7.112441876383062e-05
1667.2855834960938 1.000603998736005 7.114840663478305e-05
1667.306396484375 0.9994630748534856 7.11130441317904e-05
1667.3272094726562 1.0003675741499614 7.113791342071577e-05
1667.3480834960938 0.9999133248335683 7.111208839394907e-05
1667.368896484375 0.999575055476529 7.109253435796244e-05
1667.3897094726562 1.0008369861753101 7.113753077643339e-05
1667.4105834960938 0.9993099108693222 7.109524478506433e-05
1667.431396484375 1.0002232240046303 7.113017805471644e-05
1667.4522094726562 1.0001045630281014 7.110541628344125e-05
1667.4730834960938 0.9997185275856523 7.11036614124256e-05
1667.493896484375 1.0000923342049606 7.111412088953022e-05
1667.5147094726562 0.999981593925769 7.108621734784948e-05
1667.5355834960938 1.0002436574309097 7.111577430799554e-05
1667.556396484375 0.9998791305726997 7.111932498597638e-05
1667.5772094726562 0.9998018517654903 7.110586638653618e-05
1667.5980834960938 1.000184269988899 7.111408782867059e-05
1667.618896484375 1.000208280886453 7.111708508729053e-05
1667.6397094726562 0.9994757827663481 7.112921773897398e-05
1667.6605834960938 1.0000188327040214 7.114171946182081e-05
1667.681396484375 1.0001914902092945 7.118388394318563e-05
1668.6397094726562 1.0001015034846739 7.162285240638987e-05
1668.6605834960938 1.0000949616636243 7.16603812594647e-05
1668.681396484375 0.9998534804445374 7.17177661403075e-05
1668.7022094726562 0.999558957622011 7.178175128780102e-05
1668.7230834960938 1.0003069483069584 7.186491936681442e-05
1668.743896484375 1.0000261977450513 7.194252569444389e-05
1668.7647094726562 0.999952038873674 7.198630785478787e-05
1668.7855834960938 1.0002295592872128 7.209222309263267e-05
1668.806396484375 0.9995124914746336 7.215262658904149e-05
1668.8272094726562 1.0003390962626098 7.223519968067204e-05
1668.8480834960938 1.0000269024143684 7.227540311956797e-05
1668.868896484375 0.9999325929672881 7.232089929460601e-05
1668.8897094726562 1.0001572935580856 7.236091706287822e-05
1668.9105834960938 0.9997175416374546 7.237310440995302e-05
1668.931396484375 0.9999058061667842 7.236557880618362e-05
1668.9522094726562 1.000503503049085 7.237036093376729e-05
1668.9730834960938 0.9997864877191294 7.235584408035988e-05
1668.993896484375 0.9997683894078482 7.238378359424331e-05
1669.0147094726562 1.0001464708665022 7.24322218795186e-05
1669.0355834960938 1.0000286409993415 7.246381754514291e-05
1669.056396484375 1.0000094913266624 7.250825844775527e-05
1669.0772094726562 1.0001148794803676 7.25810456421249e-05
1669.0980834960938 0.9996621345835135 7.260097484723672e-05
1669.118896484375 1.000100026616059 7.264599889292323e-05
1669.1397094726562 1.000267025162399 7.271648153188774e-05
1669.1605834960938 0.9994758905668887 7.275196398464188e-05
1669.181396484375 1.0005491696287143 7.284503707551712e-05
1669.2022094726562 0.9997017618479537 7.294698912705804e-05
1669.2230834960938 1.0001072166507987 7.306195972368899e-05
1669.243896484375 1.0005580755855525 7.319218411257065e-05
1669.2647094726562 0.9992921495535286 7.324614846241037e-05
1669.2855834960938 0.99993371715341 7.336278822536399e-05
1669.306396484375 1.0000704586913218 7.346232477942049e-05
1669.3272094726562 0.9999454841199439 7.351462525606268e-05
1669.3480834960938 1.000257493428035 7.359099599684105e-05
1669.368896484375 1.0001473580485016 7.36772283574383e-05
1669.3897094726562 0.9997389079449841 7.375509711916555e-05
1669.4105834960938 0.9999782578123374 7.38480643909377e-05
1669.431396484375 1.0001512261824934 7.396473145220405e-05
1669.4522094726562 0.9997355064672188 7.404156317272153e-05
1669.4730834960938 1.0003718090212346 7.417811552403712e-05
1669.493896484375 0.99994903685023 7.430842104721687e-05
1669.5147094726562 0.9996887175227993 7.439351914494903e-05
1669.5355834960938 1.0003202461357865 7.454082997775127e-05
1669.556396484375 0.9997671217580647 7.460284059470913e-05
1669.5772094726562 0.9997656373167183 7.469472371316513e-05
1669.5980834960938 1.0005384438300273 7.473995019372824e-05
1669.618896484375 0.9995388409723556 7.473957600746482e-05
1669.6397094726562 1.00051444372326 7.47912748278e-05
1669.6605834960938 0.9998535441670817 7.476445172206903e-05
1669.681396484375 0.9997796575549677 7.475067006562863e-05
1669.7022094726562 1.0001916521180605 7.473662904227649e-05
1669.7230834960938 0.9997118353727734 7.471759867209955e-05
1669.743896484375 1.000141481177453 7.475032445091618e-05
1669.7647094726562 1.0001623346326358 7.478526357471033e-05
1669.7855834960938 0.9997995511036931 7.483951523238953e-05
1669.806396484375 0.999953414164297 7.491538999356673e-05
1669.8272094726562 1.0003590716679336 7.500495638889497e-05
1669.8480834960938 0.9996539014257468 7.507917075036532e-05
1669.868896484375 1.0002565803227095 7.51734065662008e-05
1669.8897094726562 0.9998225901186141 7.51756638009163e-05
1669.9105834960938 0.9999749733271451 7.517263012735247e-05
1669.931396484375 1.0003722233762347 7.51137939302953e-05
1669.9522094726562 0.9995107566025563 7.501440930467407e-05
1669.9730834960938 0.9999037625544612 7.493512317067937e-05
1669.993896484375 1.0003089029671017 7.489917542685363e-05
1670.0147094726562 1.000136299824671 7.484121676643683e-05
1670.0355834960938 0.9998790807229404 7.479644588774008e-05
1670.056396484375 1.0001369154779853 7.480159049699554e-05
1670.0772094726562 0.9997296735998211 7.481711735152817e-05
1670.0980834960938 0.9998544751604383 7.488694646473326e-05
1670.118896484375 1.000243311876964 7.492001124954288e-05
1670.1397094726562 0.9999091122401715 7.497482808559984e-05
1670.1605834960938 1.0004325657070525 7.503802781029174e-05
1670.181396484375 0.9997589997104703 7.507935703531999e-05
1670.2022094726562 0.9999014547377097 7.509253847791775e-05
1670.2230834960938 1.0000393541070418 7.512947138230751e-05
1670.243896484375 0.9968219998168787 7.501362534112402e-05
1670.2647094726562 0.9964868056074305 7.499013110361639e-05
1670.2855834960938 0.9970791717009309 7.498568494051976e-05
1670.3272094726562 0.9981936281649003 7.49956304224791e-05
1670.3480834960938 0.9997084992107711 7.505039896368534e-05
1670.368896484375 1.0003527117723165 7.505913271025511e-05
1670.3897094726562 1.000197781422534 7.51038792417736e-05
1670.4105834960938 0.9997230521556293 7.512796262589107e-05
1670.431396484375 1.0001055786625415 7.516587641077135e-05
1670.4522094726562 0.9999067629961546 7.521154724775125e-05
1670.4730834960938 0.9999956291578721 7.529359827323003e-05
1670.493896484375 1.0002860772920608 7.541420187201544e-05
1670.5147094726562 0.9999902709211685 7.554117543987969e-05
1670.5355834960938 0.9995948678765775 7.569901222018426e-05
1670.556396484375 0.9999651749981943 7.581318472551025e-05
1670.5772094726562 1.0001555597781222 7.594773638290014e-05
1670.5980834960938 0.9999769450289341 7.602276339344985e-05
1670.618896484375 1.0004425273726492 7.611272531911841e-05
1670.6397094726562 0.9997330904926824 7.613064953310852e-05
1670.6605834960938 0.9997817812530146 7.614901873308485e-05
1670.681396484375 1.0006793759729282 7.619172411660622e-05
1670.7022094726562 0.9987555370381348 7.612403295350271e-05
1670.7230834960938 1.0011302833351394 7.621720990186266e-05
1670.7439575195312 0.9996345941278111 7.620080768792652e-05
1670.7647705078125 0.999595340382909 7.626147414015493e-05
1670.7855834960938 1.000863966512622 7.634830597649839e-05
1670.8064575195312 0.9990102758174824 7.637462564084993e-05
1670.8272705078125 1.0005266737337786 7.649865020033748e-05
1670.8480834960938 1.0002356035242872 7.657015549411413e-05
1670.8689575195312 0.9994198385574316 7.660470826358714e-05
1670.8897705078125 1.0006013516462737 7.664121909904372e-05
1670.9105834960938 0.9994861308316035 7.660333535351999e-05
1670.9314575195312 1.0000616560682967 7.65705176627761e-05
1670.9522705078125 1.0004064983846535 7.651177178283457e-05
1670.9730834960938 0.9997951926410386 7.640909743183069e-05
1670.9939575195312 0.9997344889492888 7.63153897162815e-05
1671.0147705078125 1.0005233498372885 7.627412492875371e-05
1671.0355834960938 0.9996359097155871 7.618747896776684e-05
1671.0564575195312 1.0000224287669839 7.6212736399909e-05
1671.0772705078125 1.0001901824229447 7.622036123861514e-05
1671.0980834960938 0.999381641729981 7.628899053105221e-05
1671.1189575195312 1.0004908061371376 7.63906737870389e-05
1671.1397705078125 1.00033036566488 7.646339215269899e-05
1671.1605834960938 0.9991566639937045 7.648715686685273e-05
1671.1814575195312 1.0008326765731554 7.657425281665929e-05
1671.2022705078125 0.9996745482067423 7.657504149316122e-05
1671.2230834960938 0.9997563560735431 7.657002802404865e-05
1671.2439575195312 1.000701631874935 7.656553042761672e-05
1671.2647705078125 0.9990154729389074 7.645610580197386e-05
1671.2855834960938 1.0005810364647383 7.64465288156545e-05
1671.3064575195312 1.0001949478554266 7.635817755269897e-05
1671.3272705078125 0.9997495634442911 7.626777916910943e-05
1671.3480834960938 1.0000087407945335 7.622287235306616e-05
1671.3689575195312 0.9998867920988563 7.616599831213932e-05
1671.3897705078125 0.9996795903599793 7.613619459568563e-05
1671.4105834960938 1.000609364164544 7.617091933296509e-05
1671.4314575195312 0.999846667098771 7.614112644070575e-05
1671.4522705078125 0.9998851547250162 7.616364732775101e-05
1671.4730834960938 1.000354649656188 7.621846585787275e-05
1671.4939575195312 0.9995184196905809 7.620454421703877e-05
1671.5147705078125 1.0001319238413573 7.630591040492894e-05
1671.5355834960938 1.0002916225642295 7.642026971653282e-05
1671.5564575195312 0.999806386161731 7.651032489924157e-05
1671.5772705078125 0.999874469435663 7.654768589138791e-05
1671.5980834960938 0.9999883013795192 7.657324697607178e-05
1671.6189575195312 0.9997427084470024 7.659110863008851e-05
1671.6397705078125 1.0004673053396873 7.660478766139362e-05
1671.6605834960938 1.0001960557114928 7.658887461214386e-05
1671.6814575195312 0.9993098176157457 7.652205757381928e-05
1671.7022705078125 1.000965708963657 7.655691289347192e-05
1671.7230834960938 0.9991933681210697 7.653212634684637e-05
1671.7439575195312 0.9998253384976462 7.657322994231179e-05
1671.7647705078125 1.0009466012748072 7.66550038883802e-05
1671.7855834960938 0.9992417592897916 7.66882719702942e-05
1671.8064575195312 1.000384091074981 7.680879599483949e-05
1671.8272705078125 0.9997389651477281 7.68632400498786e-05
1671.8480834960938 0.9998789707537231 7.691770104289891e-05
1671.8689575195312 1.0001519806554728 7.697019968973685e-05
1671.8897705078125 1.00003603785859 7.699220431862467e-05
1671.9105834960938 1.0000008928967847 7.693906851081519e-05
1671.9314575195312 1.000158565870119 7.689601131280908e-05
1671.9522705078125 0.9995669780304753 7.679807252976729e-05
1671.9730834960938 1.0004540078120354 7.673087578362034e-05
1671.9939575195312 1.0005581683626361 7.661036234440413e-05
1672.0147705078125 0.9991479674578838 7.649285053436073e-05
1672.0355834960938 1.0000985106209803 7.638844165162903e-05
1672.0772705078125 0.9991506954308718 7.620686535633868e-05
1672.0980834960938 1.000947758883767 7.622213820011836e-05
1672.1189575195312 1.0003210264924223 7.620219946434367e-05
1672.1397705078125 0.9995478801117972 7.61435491039748e-05
1672.1605834960938 1.0006351946675667 7.618448096374881e-05
1672.1814575195312 0.99905878587272 7.616005823369605e-05
1672.2022705078125 0.9999922153854517 7.619468157006793e-05
1672.2230834960938 1.000902000050432 7.619891638640897e-05
1672.2439575195312 0.9989884062920522 7.607786011138643e-05
1672.2647705078125 1.0007974934380748 7.608299366793227e-05
1672.2855834960938 0.999774028394728 7.597061564092477e-05
1672.3064575195312 0.9996194560551198 7.58611271260451e-05
1672.3272705078125 1.0008710039344673 7.581054214389002e-05
1672.3480834960938 0.9990909200832453 7.568298590047526e-05
1672.3689575195312 1.0001300626280418 7.565498945331279e-05
1672.3897705078125 1.000442295441587 7.562232074484861e-05
1672.4105834960938 0.999400805371884 7.556538688841819e-05
1672.4314575195312 1.0004652068051985 7.561348167145903e-05
1672.4522705078125 1.0001261306972085 7.560137615188135e-05
1672.4730834960938 0.9996822933086332 7.560234145205585e-05
1672.4939575195312 1.0002540075137987 7.567972590815248e-05
1672.5147705078125 0.9998599019303706 7.573224980091238e-05
1672.5355834960938 0.9998717762598757 7.581880791760085e-05
1672.5564575195312 1.0002644497815507 7.589812589975477e-05
1672.5772705078125 0.9996366531715645 7.59412508686114e-05
1672.5980834960938 0.999962218844789 7.599470098032665e-05
1672.6189575195312 1.0005587718377371 7.60113814004139e-05
1672.6397705078125 0.9997716335821784 7.596987420121701e-05
1672.6605834960938 0.9999253064677828 7.596932714536652e-05
1672.6814575195312 1.000618317631837 7.595220666054615e-05
1672.7022705078125 0.9995328443991541 7.591260364863784e-05
1672.7230834960938 0.9987539654228389 7.587928704362029e-05
1672.7439575195312 0.9970233659725842 7.582810897761568e-05
1672.7855834960938 0.9980086721550208 7.593702482842468e-05
1672.8272705078125 0.9994460601532971 7.6078829280377e-05
1672.8480834960938 1.0008181675406271 7.617118326743164e-05
1672.8689575195312 0.9991957902740156 7.614904985410312e-05
1672.8897705078125 1.0012715949138629 7.620248064131973e-05
1672.9105834960938 0.9995586001170341 7.613087198923675e-05
1672.9314575195312 0.9998616974623005 7.607940232090134e-05
1672.9522705078125 1.000466802066647 7.603816083697531e-05
1672.9730834960938 0.9989252762921078 7.588136942419202e-05
1672.9939575195312 1.000814489081834 7.58384309551034e-05
1673.0147705078125 0.9997942198873194 7.57142470873388e-05
1673.0355834960938 1.0001130102565319 7.562079397497081e-05
1673.0564575195312 0.9999449725248919 7.551893058267345e-05
1673.0772705078125 0.9998485568745012 7.544442406647881e-05
1673.0980834960938 1.0000772724291112 7.537237288149957e-05
1673.1189575195312 1.0002521188516627 7.533249551065051e-05
1673.1397705078125 1.0000034700897071 7.533046319013021e-05
1673.1605834960938 0.9995627457351015 7.52887559780214e-05
1673.1814575195312 1.0002878650800933 7.530746602672965e-05
1673.2022705078125 1.0000455836696822 7.528693015846063e-05
1673.2230834960938 0.9994978742685361 7.525528245407719e-05
1673.2439575195312 1.0005234999606432 7.527055221127421e-05
1673.2647705078125 0.9998302212983975 7.52067984766586e-05
1673.2855834960938 1.0001010775768708 7.517167348361255e-05
1673.3064575195312 1.00042710625442 7.509792164795375e-05
1673.3272705078125 0.9991202752000247 7.497154866679494e-05
1673.3480834960938 1.000742333908869 7.495684485969547e-05
1673.3689575195312 0.9995381884988315 7.484226279340607e-05
1673.3897705078125 0.9997294994915528 7.4779582616076e-05
1673.4105834960938 1.0007703426520174 7.476710823164387e-05
1673.4314575195312 0.999434110423648 7.468232674264344e-05
1673.4522705078125 1.0000926688868526 7.472006616597864e-05
1673.4730834960938 1.0003021188639276 7.47429720147399e-05
1673.4939575195312 0.9996566231664602 7.476042348461806e-05
1673.5147705078125 1.0001947219712193 7.482268864263252e-05
1673.5355834960938 1.0001902394897866 7.490044310419821e-05
1673.5564575195312 0.9997938234218086 7.499195974684583e-05
1673.5772705078125 0.9995119888034805 7.503734380611095e-05
1673.5980834960938 1.000800132771418 7.515168862500756e-05
1673.6189575195312 0.9992994982960518 7.514950375745613e-05
1673.6397705078125 1.0005575716190425 7.525235083512995e-05
1673.6605834960938 1.0000608539754372 7.527367459843992e-05
1673.6814575195312 0.9993117380999162 7.527195226728407e-05
1673.7022705078125 1.0008277765258713 7.535219281287402e-05
1673.7230834960938 0.999168478127378 7.529890768413304e-05
1673.7439575195312 1.000467977386058 7.533316556211029e-05
1673.7647705078125 1.0001607566947182 7.534456786323589e-05
1673.7855834960938 0.999365416889358 7.529661664802842e-05
1673.8064575195312 1.0005360586457612 7.535947074598602e-05
1673.8272705078125 1.0003888718608909 7.539003522511142e-05
1673.8480834960938 0.9989818564082378 7.535746509632428e-05
1673.8689575195312 1.0010917486801825 7.541791842413732e-05
1673.8897705078125 0.9993354618335577 7.534488588416445e-05
1673.9105834960938 0.999636358527095 7.53205046968878e-05
1673.9314575195312 1.0010481671635094 7.529370347853637e-05
1673.9522705078125 0.9988509908195815 7.518047617504878e-05
1673.9730834960938 1.0006772564353652 7.511198973719107e-05
1673.9939575195312 1.0001213232818327 7.499665548667255e-05
1674.0147705078125 0.9992863823665903 7.488273178351748e-05
1674.0355834960938 1.0009443109350094 7.48587321287141e-05
1674.0564575195312 0.9992774774975295 7.473891097439526e-05
1674.0772705078125 1.0002912785487574 7.471892015349753e-05
1674.0980834960938 1.0001331975594694 7.468365626014111e-05
1674.1189575195312 0.9998418198960978 7.461475185079152e-05
1674.1397705078125 0.9997174592428953 7.462382496093468e-05
1674.1605834960938 1.0004465452384659 7.464079164119249e-05
1674.1814575195312 0.999924243630882 7.461958505802138e-05
1674.2022705078125 0.9997298451926783 7.462345684537217e-05
1674.2230834960938 1.00019744930085 7.460378019358059e-05
1674.2439575195312 0.9998446623917633 7.458030236377035e-05
1674.2647705078125 0.9999831177080521 7.45544457632581e-05
1674.2855834960938 1.0004638188039896 7.452219082860653e-05
1674.3064575195312 0.9994976598362099 7.440703707611413e-05
1674.3272705078125 1.0003698842162103 7.436733673401907e-05
1674.3480834960938 0.9998431542227639 7.424829088218174e-05
1674.3689575195312 0.9996555036510814 7.416130930088033e-05
1674.3897705078125 1.000695310301294 7.413049887926099e-05
1674.4105834960938 0.9993357837826385 7.40470747397482e-05
1674.4314575195312 1.0004275993289962 7.408783008442924e-05
1674.4522705078125 1.0001012321122094 7.40777529460254e-05
1674.4730834960938 0.9993137457095629 7.409377222640829e-05
1674.4939575195312 1.0005615811303143 7.416149223945557e-05
1674.5147705078125 0.9997820944745172 7.420820133196394e-05
1674.5355834960938 1.0001236745981739 7.429716141573695e-05
1674.5564575195312 1.0000741443147914 7.437868038375145e-05
1674.5772705078125 0.9999111764930754 7.446256615951623e-05
1674.5980834960938 1.0001243727330655 7.455888678214082e-05
1674.6189575195312 0.9996125811781951 7.462717483275965e-05
1674.6397705078125 1.000395468226103 7.469677812989394e-05
1674.6605834960938 0.9995665156386718 7.470361498012374e-05
1674.6814575195312 1.0004531463413475 7.475617098411577e-05
1674.7022705078125 1.0000056279463814 7.475431698306199e-05
1674.7230834960938 0.9997890094930975 7.473325939545576e-05
1674.7439575195312 1.0001356036359306 7.476186703180021e-05
1674.7647705078125 0.9996203307391339 7.470939188117151e-05
1674.7855834960938 1.000311526605494 7.472310190125234e-05
1674.8064575195312 1.0001148375331566 7.472936873384189e-05
1674.8272705078125 0.999645371245987 7.474959636498636e-05
1674.8480834960938 1.000410758225936 7.47844828678748e-05
1674.8689575195312 0.9997793249983937 7.477430269356514e-05
1674.8897705078125 1.0001681742246329 7.475181315795086e-05
1674.9105834960938 0.9998104977133059 7.471791158230668e-05
1674.9314575195312 0.9998756330375687 7.46753073031049e-05
1674.9522705078125 1.0002277617812734 7.458344751551386e-05
1674.9730834960938 0.9998243285973641 7.4523381465751e-05
1674.9939575195312 1.000229166750635 7.441505682679998e-05
1675.0147705078125 0.9998987391540114 7.431655043361438e-05
1675.0355834960938 0.9997527805087089 7.425609518281915e-05
1675.0564575195312 1.000549038290004 7.42145111096454e-05
1675.0772705078125 0.999237620554176 7.41170568118327e-05
1675.0980834960938 1.0007937892052303 7.410274653046017e-05
1675.1189575195312 0.9996089151991873 7.403943240882583e-05
1675.1397705078125 0.9997891066308624 7.401448884996486e-05
1675.1605834960938 1.000666998700016 7.402510008078986e-05
1675.1814575195312 0.9996443142300732 7.400111764709466e-05
1675.2022705078125 0.9998436580706447 7.401614417784573e-05
1675.2230834960938 0.9968418211715664 7.390587325010331e-05
1675.2439575195312 0.9964508620163373 7.386935673892881e-05
1675.2647705078125 0.996685309521205 7.384709737928598e-05
1675.2855834960938 0.9962137670751472 7.379830940528808e-05
1675.3064575195312 0.9979057513492579 7.379609211457821e-05
1675.3272705078125 0.9997491729758503 7.378685600741205e-05
1675.3480834960938 1.0002702438039275 7.375302195993675e-05
1675.3689575195312 1.0000414183969908 7.367272540281466e-05
1675.3897705078125 1.0000547972366993 7.364188869416926e-05
1675.4105834960938 1.0000055298228354 7.363300550945994e-05
1675.4522705078125 0.9999230972316832 7.362843588664535e-05
1675.4730834960938 1.000269858181737 7.364184781932871e-05
1675.4939575195312 0.9996654680475385 7.368866090700602e-05
1675.5147705078125 1.0000846973072295 7.376047968984995e-05
1675.5355834960938 1.0000728109213877 7.38273847323407e-05
1675.5564575195312 0.9998626074751633 7.388790111649259e-05
1675.5772705078125 1.0001780167738406 7.397499134775723e-05
1675.5980834960938 0.9997672266626234 7.401260548196319e-05
1675.6189575195312 1.000299086055755 7.409025072908341e-05
1675.6397705078125 0.9997306304348674 7.412210397939857e-05
1675.6605834960938 0.9998628966391124 7.414549620855813e-05
1675.6814575195312 1.000486736421126 7.416462326097571e-05
1675.7022705078125 0.9996426693384635 7.413417408200333e-05
1675.7230834960938 1.0002891356997938 7.413880549528777e-05
1675.7439575195312 0.999850194923027 7.412795565191835e-05
1675.7647705078125 0.999909921779627 7.412748864493527e-05
1675.7855834960938 1.0001108878313552 7.413297948141336e-05
1675.8064575195312 0.9998365397725875 7.414440638014922e-05
1675.8272705078125 0.9999971260902835 7.417654599780379e-05
1675.8480834960938 1.0001439526122173 7.421696189675304e-05
1675.8689575195312 1.0000243691925443 7.422863069589392e-05
1675.8897705078125 1.0001589502336234 7.421622679335446e-05
1675.9105834960938 0.9996747540311951 7.419033474321098e-05
1675.9314575195312 1.0002249987612446 7.416542835165787e-05
1675.9522705078125 0.9999501671587488 7.412299951370054e-05
1675.9730834960938 0.9997802640932956 7.404666420897928e-05
1675.9939575195312 1.0000747191800436 7.39622959671219e-05
1676.0147705078125 1.0002328091702004 7.390489427067787e-05
1676.0355834960938 0.999875904687539 7.382588353323107e-05
1676.0564575195312 0.9998936999856078 7.37452019609703e-05
1676.0772705078125 1.0002206053329374 7.369485380753989e-05
1676.0980834960938 0.9996699887948649 7.361283067977852e-05
1676.1189575195312 0.9999568652074358 7.357833400448242e-05
1676.1397705078125 1.0004825087728002 7.355658916929713e-05
1676.1605834960938 0.9996101049074438 7.350547627423771e-05
1676.1814575195312 1.000397946032209 7.354188753693666e-05
1676.2022705078125 0.9998329380855142 7.348961210993976e-05
1676.2230834960938 0.9998713291169667 7.34969524488537e-05
1676.2439575195312 1.0002591284704294 7.350673698934403e-05
1676.2647705078125 0.9992851934815756 7.346835180243595e-05
1676.2855834960938 1.0006270242819393 7.348139554758259e-05
1676.3064575195312 1.0001875741090898 7.342784049450077e-05
1676.3272705078125 0.9993264166654812 7.335286911457694e-05
1676.3480834960938 1.000635440560711 7.333765929105654e-05
1676.3689575195312 0.9995482467986307 7.324310452282258e-05
1676.3897705078125 0.9999993335551038 7.322317881349713e-05
1676.4105834960938 1.0004288303400735 7.322335313203926e-05
1676.4314575195312 0.9995249483527983 7.315802531800131e-05
1676.4522705078125 1.000570961322186 7.318627456674177e-05
1676.4730834960938 0.9996804083651802 7.316583687662323e-05
1676.4939575195312 0.9995861313245596 7.31783163742e-05
1676.5147705078125 1.0003646242605146 7.322285854839301e-05
1676.5355834960938 1.0000078201207507 7.325735262095356e-05
1676.5564575195312 1.0001259009929522 7.329798711014948e-05
1676.5772705078125 1.0000076183670368 7.332999378741365e-05
1676.5980834960938 0.9999560006024646 7.340156951200643e-05
1676.6189575195312 0.9996072520944437 7.343583486419384e-05
1676.6397705078125 1.0004801521721394 7.349405599809402e-05
1676.6605834960938 1.0000395698612805 7.353520026797381e-05
1676.6814575195312 0.9994940528123686 7.351610615989312e-05
1676.7022705078125 1.0006569802722112 7.355232789427518e-05
1676.7230834960938 0.9993876193057468 7.348784952295621e-05
1676.7439575195312 1.0003255049266113 7.351275272497681e-05
1676.7647705078125 1.000021696543021 7.348877524964547e-05
1676.7855834960938 0.9995456040620433 7.344502473903206e-05
1676.8064575195312 1.000800901078989 7.347482689117327e-05
1676.8272705078125 0.9993056539351091 7.342564739298987e-05
1676.8480834960938 1.0000931186198678 7.347158591297736e-05
1676.8689575195312 1.0004857611331097 7.349402278515123e-05
1676.8897705078125 0.9996070091405006 7.347017152638295e-05
1676.9105834960938 1.0002808389727729 7.348933786020822e-05
1676.9314575195312 0.9997498245060668 7.343092467410087e-05
1676.9522705078125 0.9996575333294038 7.337243982857104e-05
1676.9730834960938 1.0004800904158122 7.333968829177927e-05
1676.9939575195312 1.0001064924660568 7.326575667622839e-05
1677.0147705078125 0.9996080603780092 7.317599533366396e-05
1677.0355834960938 1.000143857042541 7.313907209513575e-05
1677.0564575195312 1.0001887162404703 7.304240226256069e-05
1677.0772705078125 0.9998452706086305 7.299662383297932e-05
1677.0980834960938 1.0000415547597246 7.294986068907824e-05
1677.1189575195312 0.9997514839458489 7.288499031380275e-05
1677.1397705078125 1.0002079760111182 7.287417401131375e-05
1677.1605834960938 1.0004308821866068 7.286047387915501e-05
1677.1814575195312 0.9993954972091035 7.278389778866029e-05
1677.2022705078125 1.000180553347231 7.279074653526136e-05
1677.2230834960938 0.9999018199147829 7.276295018645269e-05
1677.2439575195312 0.9997908489707716 7.271738013104023e-05
1677.2647705078125 1.000622524795258 7.268862621153318e-05
1677.2855834960938 0.9997856742879072 7.261531372341097e-05
1677.3064575195312 0.9998072770089156 7.25510037506663e-05
1677.3272705078125 1.0002540722696107 7.25071406287122e-05
1677.3480834960938 0.9997003426870603 7.245616123380494e-05
1677.3689575195312 1.0001535426058232 7.239083502149604e-05
1677.3897705078125 1.0000868296896637 7.233944990994034e-05
1677.4105834960938 0.9996856161936174 7.228605491244078e-05
1677.4314575195312 1.000225616265058 7.22674652797511e-05
1677.4522705078125 1.0001416764474262 7.224575546550337e-05
1677.4730834960938 0.9997562362692798 7.219951725638611e-05
1677.4939575195312 1.0001652840131279 7.220825904655257e-05
1677.5147705078125 1.0000655299345103 7.221920968252814e-05
1677.5355834960938 0.9996619979514073 7.219743893113796e-05
1677.5564575195312 1.0003731892329486 7.22419597437677e-05
1677.5772705078125 0.9997580873613876 7.22518407995788e-05
1677.5980834960938 0.9999265527780593 7.225459560582932e-05
1677.6189575195312 1.0003067755538428 7.226271007833372e-05
1677.6397705078125 0.9995228220975666 7.224257171515356e-05
1677.6605834960938 1.0004127122682247 7.228389395870726e-05
1677.6814575195312 0.9998760970209262 7.224430839375283e-05
1677.7022705078125 0.9983413305808837 7.220066694655028e-05
1677.7230834960938 0.9976137999511863 7.215984867237826e-05
1677.7439575195312 0.9969483997992541 7.21334202703427e-05
1677.7647705078125 0.9974139245160343 7.21165111407414e-05
1677.7855834960938 0.9979661810835976 7.211254457743212e-05
1677.8064575195312 0.9993958986289411 7.214400894603076e-05
1677.8272705078125 1.0004198703554246 7.214977675532672e-05
1677.8480834960938 1.0007551865664313 7.213792670794025e-05
1677.8689575195312 0.999497475176864 7.209688856474555e-05
1677.8897705078125 1.00020690639074 7.209650155575583e-05
1677.9105834960938 1.0000133834616562 7.208440404972895e-05
1677.9314575195312 0.9998714847919477 7.206365451923672e-05
1677.9522705078125 1.0002544567770184 7.205960461589502e-05
1677.9730834960938 0.9997926774858744 7.201761719819769e-05
1677.9939575195312 0.9999389476914655 7.199836966279867e-05
1678.0147705078125 1.000131001394344 7.198876811198641e-05
1678.0355834960938 0.9998139322793866 7.196342000470708e-05
1678.0564575195312 1.0001287950461641 7.195717780986875e-05
1678.0772705078125 1.0000485853691872 7.191467972921691e-05
1678.0980834960938 1.000006864590984 7.190315906220117e-05
1678.1189575195312 1.0000900223901692 7.190456063580859e-05
1678.1397705078125 0.9997948142494123 7.187123538883565e-05
1678.1605834960938 0.9999156482988045 7.188178067691225e-05
1678.1814575195312 1.0000678701845716 7.187897646676597e-05
1678.2022705078125 1.0002586701329952 7.186923265272582e-05
1678.2230834960938 0.9996678146209098 7.185986583923084e-05
1678.2439575195312 1.000399898179807 7.18600712897957e-05
1678.2647705078125 0.9996459365699261 7.182241061793022e-05
1678.2855834960938 0.9999140728965877 7.17951521076395e-05
1678.3064575195312 1.0003563849285575 7.180307968734058e-05
1678.3272705078125 0.9994287349009441 7.174286852177246e-05
1678.3480834960938 1.0006617568886291 7.174495809879401e-05
1678.3689575195312 0.9996929852870501 7.169034512609467e-05
1678.3897705078125 0.9997363891659174 7.167838597211167e-05
1678.4105834960938 1.00090517175794 7.168139207379225e-05
1678.4314575195312 0.9993137089307406 7.1632573309455e-05
1678.4522705078125 1.0000929581739584 7.166693086157187e-05
1678.4730834960938 0.9999639431519224 7.165238176962279e-05
1678.4939575195312 0.9998031361837835 7.165155786332613e-05
1678.5147705078125 1.0002250670842758 7.163527925248327e-05
1678.5355834960938 1.0000740295604944 7.163111651363592e-05
1678.5564575195312 0.9998644379331943 7.161952863544574e-05
1678.5772705078125 1.0002937890067178 7.164747821544688e-05
1678.5980834960938 0.9997979008820667 7.164068029519446e-05
1678.6189575195312 0.999836782327105 7.16529111716474e-05
1678.6397705078125 1.0003031636376494 7.168859620058503e-05
1678.6605834960938 0.9996469695108154 7.165319853686403e-05
1678.6814575195312 1.000138611765756 7.168420535913721e-05
1678.7022705078125 1.000295950401492 7.16799349168582e-05
1678.7230834960938 0.9993491536890362 7.16469824673218e-05
1678.7439575195312 1.0004941465707178 7.166180439370674e-05
1678.7647705078125 1.000383817751213 7.165887803083205e-05
1678.7855834960938 0.9996191367998161 7.162170062815266e-05
1678.8272705078125 0.9996945087521788 7.160491896844506e-05
1678.8480834960938 0.9998957650178418 7.159608931580982e-05
1678.8689575195312 1.0003204290091183 7.16133216223345e-05
1678.8897705078125 0.9998500301953669 7.15754965112983e-05
1678.9105834960938 1.0001583338484683 7.157827509797726e-05
1678.9314575195312 1.0005158881939753 7.158967119483671e-05
1678.9522705078125 0.9993380799973779 7.157535455377114e-05
1678.9730834960938 1.0001805619940913 7.158021031464184e-05
1678.9939575195312 0.9999434852639839 7.159475876692052e-05
1679.0147705078125 0.9996511587407834 7.154098321251047e-05
1679.0355834960938 1.000588304024764 7.157147887829829e-05
1679.0564575195312 0.9998760879690952 7.154421498121141e-05
1679.0772705078125 0.9996550843470645 7.150974330173248e-05
1679.0980834960938 1.0007202371579327 7.154409064923563e-05
1679.1189575195312 0.9992230360148169 7.148166334276439e-05
1679.1397705078125 1.0000913077367377 7.149824130272844e-05
1679.1605834960938 1.000352053958472 7.149023070824523e-05
1679.1814575195312 0.999369962558764 7.142733854119679e-05
1679.2022705078125 1.0009522219470643 7.150320203377432e-05
1679.2230834960938 0.9999929505789242 7.145045820781642e-05
1679.2439575195312 0.9996036086765006 7.143114824835389e-05
1679.2647705078125 1.0016926329077684 7.147176335920456e-05
1679.2855834960938 0.999443739457034 7.142233878808864e-05
1679.3064575195312 0.9999147259517807 7.139674264982478e-05
1679.3272705078125 1.0011164349480084 7.141644196876455e-05
1679.3480834960938 0.9992599072728505 7.132914419978388e-05
1679.3689575195312 1.000249199942214 7.136758540625363e-05
1679.3897705078125 1.0000955933833289 7.134280383938147e-05
1679.4105834960938 0.9996109504729653 7.130944006963021e-05
1679.4314575195312 1.0007506509203425 7.13448943725014e-05
1679.4522705078125 0.999591234779303 7.132280700228622e-05
1679.4730834960938 0.9994997342652823 7.129841494018355e-05
1679.4939575195312 1.0005570224126306 7.135062922650337e-05
1679.5147705078125 0.9994197203732224 7.130263382396468e-05
1679.5355834960938 1.000365876479265 7.131358927670839e-05
1679.5564575195312 1.0006202659908006 7.133551775186659e-05
1679.5772705078125 0.9992007768626551 7.12742637840995e-05
1679.5980834960938 1.0003450931181657 7.130268415225217e-05
1679.6189575195312 1.0002552241765985 7.135215932928419e-05
1679.6397705078125 0.9992293071771242 7.127932029065577e-05
1679.6605834960938 1.0003441698772786 7.133278205504911e-05
1679.6814575195312 1.000260882947183 7.131051337496447e-05
1679.7022705078125 0.9994171777345939 7.127502772497043e-05
1679.7230834960938 1.0008425266213756 7.13219488661454e-05
1679.7439575195312 0.9994711337321389 7.128141198092302e-05
1679.7647705078125 0.9997079668000688 7.127198040067358e-05
1679.7855834960938 1.0008129573020292 7.130087167761267e-05
1679.8064575195312 0.9991820989782375 7.124082593245753e-05
1679.8272705078125 1.000338238614226 7.12751376761208e-05
1679.8480834960938 1.0004120770075668 7.126710508802939e-05
1679.8689575195312 0.9993847409059202 7.123753845425075e-05
1679.8897705078125 1.0003151977202882 7.128395862749278e-05
1679.9105834960938 1.0001405098717728 7.126431991062352e-05
1679.9314575195312 0.9993470764818814 7.124145981402086e-05
1679.9522705078125 1.0006250815317266 7.128414130328644e-05
1679.9730834960938 0.9998784803403282 7.125172360997568e-05
1679.9939575195312 0.9997567892595872 7.124955680198384e-05
1680.0147705078125 1.0002159365793655 7.128528765632644e-05
1680.0355834960938 0.999839928562566 7.124011372578808e-05
1680.0564575195312 1.0002142254324613 7.127389740776685e-05
1680.0772705078125 1.00023692352425 7.126564199439249e-05
1680.0980834960938 0.9996829449080201 7.126781768953023e-05
1680.1189575195312 0.9998842724220952 7.128517136244719e-05
1680.1397705078125 1.0003338264962616 7.130274909546811e-05
1680.1605834960938 0.9998326193664262 7.1268125183403e-05
1680.1814575195312 0.9999014372827044 7.127830186101914e-05
1680.2022705078125 0.9970157791141245 7.118976635839945e-05
1680.2230834960938 0.9968265154890088 7.11766517231186e-05
1680.2439575195312 0.9976230326780439 7.120256416846096e-05
1680.2647705078125 0.9967650315355067 7.117107934386489e-05
1680.2855834960938 0.9984237220550235 7.124184774282146e-05
1680.3064575195312 0.9997826696750453 7.131255234368011e-05
1680.3272705078125 1.0000778680152733 7.127989449630972e-05
1680.3480834960938 1.000334293995983 7.130203050278362e-05
1680.3689575195312 0.9999371410968176 7.128270684181751e-05
1680.3897705078125 0.9997252677667877 7.128390933253635e-05
1680.4105834960938 1.0005898837896217 7.130437690246115e-05
1680.4314575195312 0.999410447146844 7.126165638733891e-05
1680.4522705078125 1.0003283064321906 7.131088518452798e-05
1680.4730834960938 1.0001727589677962 7.130710720170524e-05
1680.4939575195312 0.9994375202427788 7.125760702089172e-05
1680.5147705078125 1.0004398583134582 7.130232322495367e-05
1680.5355834960938 0.9998842998062106 7.125504640937092e-05
1680.5564575195312 0.9998677471626282 7.127741080463719e-05
1680.5772705078125 1.0001528091399525 7.128056711012585e-05
1680.5980834960938 1.0001438342165587 7.127825795760747e-05
1680.6189575195312 0.9997573078598007 7.125243336460458e-05
1680.6397705078125 0.9998161326278384 7.128920190415124e-05
1680.6605834960938 1.0005251331264187 7.128661071836738e-05
1680.6814575195312 0.9994930325874615 7.124254720211934e-05
1680.7022705078125 1.0006637300977934 7.126989828587335e-05
1680.7230834960938 0.999274494812368 7.123169537278416e-05
1680.7439575195312 1.0001010888588193 7.126342118214043e-05
1680.7647705078125 1.0005715765668959 7.126822302434863e-05
1680.7855834960938 0.9991638947115411 7.121036755275465e-05
1680.8064575195312 1.0009605593107538 7.129012351988763e-05
1680.8272705078125 0.9995758788211418 7.123483363788832e-05
1680.8480834960938 0.9995539555770939 7.124080669213482e-05
1680.8689575195312 1.0006986991237035 7.126609963356459e-05
1680.8897705078125 0.9994220679478238 7.121018915041453e-05
1680.9105834960938 1.0002857609185982 7.1257043447377e-05
1680.9314575195312 1.000099435481024 7.124416028332167e-05
1680.9522705078125 0.9995347194732326 7.122877101959424e-05
1680.9730834960938 1.0006335131973194 7.126764680487737e-05
1680.9939575195312 0.9996770054011099 7.122795796823004e-05
1681.0147705078125 0.9998202844965031 7.123867031049153e-05
1681.0355834960938 1.0004206286951411 7.128861246816935e-05
1681.0564575195312 0.9996679681417803 7.121633151627974e-05
1681.0772705078125 1.0000806368700805 7.124427705698472e-05
1681.0980834960938 1.000200806416526 7.123402096047968e-05
1681.1189575195312 0.9996833201097597 7.122622421672003e-05
1681.1397705078125 1.0000499866763148 7.122429517959898e-05
1681.1605834960938 1.0002846226879076 7.126444717260433e-05
1681.1814575195312 0.9998272730407823 7.12245502997682e-05
1681.2022705078125 0.9999980835383105 7.12451476843952e-05
1681.2230834960938 1.0000883997029777 7.124180087567894e-05
1681.2439575195312 0.9997473408505789 7.12371447274441e-05
1681.2647705078125 1.0001623491796197 7.127478812126613e-05
1681.2855834960938 0.9997391062670132 7.122748157050289e-05
1681.3064575195312 1.000191070842817 7.122783454062186e-05
1681.3272705078125 1.0004310757021178 7.121869747915074e-05
1681.3480834960938 0.9995861975784956 7.11840066543347e-05
1681.3689575195312 1.00015443386073 7.11649221422773e-05
1681.3897705078125 0.9999395580199917 7.114330308310522e-05
1681.4105834960938 0.9995492372253013 7.1147904573829e-05
1681.4314575195312 1.0005340258931505 7.11700868338069e-05
1681.4522705078125 0.9999192672303641 7.116225358677283e-05
1681.4730834960938 0.9998448167105415 7.121077568488815e-05
1681.4939575195312 1.0001249073634635 7.121749394752048e-05
1681.5147705078125 1.0001596998096667 7.125552799884836e-05
1681.5355834960938 0.9997538843810788 7.123089123474869e-05
1681.5564575195312 1.0001707923498386 7.124047280951959e-05
1681.5772705078125 0.9998688494800728 7.124003024380105e-05
1681.5980834960938 0.9997908177574194 7.123150515610103e-05
1681.6189575195312 1.000193421316785 7.12480873944964e-05
1681.6397705078125 1.0000078265531909 7.122663949131312e-05
1681.6605834960938 1.000147590602293 7.123180188200095e-05
1681.6814575195312 0.9999144585386956 7.12281382163018e-05
1681.7022705078125 1.0000482739330572 7.124362978773251e-05
1681.7230834960938 0.9998862883185496 7.123672582759537e-05
1681.7439575195312 1.0001916527954073 7.127158420262026e-05
1681.7647705078125 0.9996261945464238 7.124600608345504e-05
1681.7855834960938 1.0002803938033955 7.126119249016468e-05
1681.8064575195312 1.0000615652839429 7.124147748015609e-05
1681.8272705078125 0.999479437889536 7.12349624836719e-05
1681.8480834960938 1.0006495431286024 7.127261909528097e-05
1681.8689575195312 0.9996803365525773 7.122922050556161e-05
1681.8897705078125 1.0002413787302704 7.128002509731887e-05
1681.9105834960938 0.9998903133710773 7.126235144128972e-05
1681.9314575195312 0.999597040952212 7.124987974096384e-05
1681.9522705078125 1.000540275292094 7.126885918647209e-05
1681.9730834960938 0.9997706687509124 7.124892039191945e-05
1681.9939575195312 0.9997625006454618 7.125313681326936e-05
1682.0147705078125 1.0004599597975623 7.125701925447647e-05
1682.0355834960938 0.9998991886118446 7.126255485024982e-05
1682.0564575195312 0.9997689947653808 7.124923551253213e-05
1682.0772705078125 1.0003124027992776 7.125982828907778e-05
1682.0980834960938 0.9999054300368436 7.125778334035544e-05
1682.1189575195312 0.9994135696879333 7.122956003701196e-05
1682.1397705078125 1.0004701609048883 7.125214630903966e-05
1682.1605834960938 1.0002579581018614 7.12386965782911e-05
1682.2022705078125 1.0001064083735483 7.125132576242998e-05
1682.2230834960938 0.9996973533216946 7.12604009210724e-05
1682.2439575195312 0.9996654537801977 7.125650750758673e-05
1682.2647705078125 1.0002874891286644 7.129326101376117e-05
1682.2855834960938 0.9994277713015265 7.127688000871869e-05
1682.3064575195312 1.0006727119670806 7.132560758980865e-05
1682.3272705078125 1.0000212654384877 7.130422172745056e-05
1682.3480834960938 0.9998470166824283 7.130677904790167e-05
