time flux flux_err
1653.9528198242188 1.0000905090856256 0.00017061148197087685
1653.9736328125 0.9998614072780263 0.00017050251063391525
1653.9944458007812 0.9999716172917913 0.00017045466661468026
1654.0153198242188 1.00005479080912 0.00017056480696401357
1654.0361328125 1.0002942874099072 0.00017062767004390766
1654.0569458007812 0.9995578999405338 0.00017071824735260385
1654.0778198242188 0.9999968311625683 0.00017080749391733027
1654.0986328125 1.0001531291680825 0.0001712532771911504
1654.1194458007812 1.0001244571168915 0.00017185443255785616
1654.1403198242188 1.0000408116410575 0.00017233304452573454
1654.1611328125 0.9997307600728538 0.00017301255293276468
1654.1819458007812 0.9995868297485582 0.0001735126971299089
1654.2028198242188 1.0006041317615226 0.00017446189366195604
1654.2236328125 0.9999242477949926 0.00017475900612122999
1654.2444458007812 1.0004131200320718 0.0001755508794717456
1654.2653198242188 0.9996149797435142 0.00017622058390731425
1654.2861328125 1.0000302427377625 0.00017705037978020982
1654.3069458007812 0.9998166590368209 0.00017733798592634942
1654.3278198242188 0.9999858754583477 0.00017769644593919722
1654.3486328125 1.0000613390140924 0.00017821649769976611
1654.3694458007812 1.0000084927179487 0.00017844710700043337
1654.3903198242188 1.0000750992121152 0.00017872777848793365
1654.4111328125 1.000150351497848 0.00017915469345876437
1654.4319458007812 1.0000031182240812 0.0001794733981591202
1654.4528198242188 0.999825779853946 0.00017967450228659678
1654.4736328125 0.9998277002678057 0.0001799475899275991
1654.4944458007812 0.9986497335230601 0.00018019872714120734
1654.5361328125 0.9996478139536648 0.00018109319183151853
1654.5569458007812 1.000478054104033 0.00018136850354885805
1654.5778198242188 1.0004234076719478 0.00018182610659159433
1654.5986328125 0.9999476633230515 0.00018199973321684883
1654.6194458007812 0.9994442158219412 0.0001822739901866224
1654.6403198242188 0.9999370440249964 0.00018231281036495544
1654.6611328125 1.0003968287695904 0.00018236171054187856
1654.6820068359375 1.0002415296913074 0.00018241030993869473
1654.7028198242188 0.9997226062059807 0.00018241322030795485
1654.7236938476562 0.9996139597345428 0.00018241952725720658
1654.7445068359375 0.9998676648115797 0.0001824013922233335
1654.7653198242188 1.0005966790440513 0.00018251403619176312
1654.7861938476562 0.9997550427656 0.00018245589060145585
1654.8070068359375 1.0002270997592932 0.00018259258671439815
1654.8278198242188 1.0000586611138222 0.00018233460693874113
1654.8486938476562 0.9998793024957268 0.0001823038591945174
1654.8695068359375 1.0002569735243532 0.00018214535037556817
1654.8903198242188 0.9998508185148974 0.0001821081886413871
1654.9111938476562 0.9998707418214858 0.00018154811762244753
1654.9320068359375 0.9993495747377283 0.00018124051626634314
1654.9528198242188 1.0001982636066815 0.0001810419969388949
1654.9736938476562 1.0003075457054673 0.00018098013831513557
1654.9945068359375 1.000548347291761 0.00018099811702472184
1655.0153198242188 0.9998731034584675 0.00018072122325436314
1655.0361938476562 0.9998043367657109 0.00018071227486463013
1655.0570068359375 0.9993866966045851 0.00018082931027397234
1655.0778198242188 1.0004323633645655 0.0001810877364688985
1655.0986938476562 0.9989869240837127 0.0001810101972119844
1655.1195068359375 1.0000196245057498 0.0001809803514989956
1655.1403198242188 0.9998726108123234 0.00018104227550326478
1655.1611938476562 1.0005122036102876 0.00018123191013921292
1655.1820068359375 0.9997681010964785 0.00018099692871378337
1655.2028198242188 0.9996799177799381 0.00018102287949257553
1655.2236938476562 1.0012080858865204 0.0001809194330946457
1655.2445068359375 1.0004627025788186 0.0001807197885911441
1655.2653198242188 0.99976260765716 0.0001804813306567143
1655.2861938476562 0.9996849937107622 0.00018030825968117355
1655.3070068359375 1.0002903963985226 0.00018027387754924147
1655.3278198242188 0.999899972960619 0.0001801147799772575
1655.3486938476562 1.00027394889403 0.00017999120619626065
1655.3695068359375 0.9998885101980475 0.0001802462042602428
1655.3903198242188 0.999849173864442 0.00017980856105605486
1655.4111938476562 1.0002159505699142 0.00017995478695271772
1655.4320068359375 0.999992135719426 0.00017993302829423337
1655.4528198242188 0.9997795590325878 0.00017994669773653503
1655.4736938476562 0.9999902305773315 0.000180217587166833
1655.4945068359375 0.9998319973127667 0.00018014029577210596
1655.5153198242188 1.0000245098186131 0.00018052650361411102
1655.5361938476562 1.0004825987730543 0.00018048351209758087
1655.5570068359375 0.9998990236178352 0.00018057325119621607
1655.5778198242188 1.0000133029738123 0.0001804637217432553
1655.5986938476562 0.9999093288710282 0.0001805922629205384
1655.6195068359375 1.0000253976150555 0.0001805577868411831
1655.6403198242188 0.9998731339566139 0.00018051950078123917
1655.6611938476562 0.999812141050407 0.0001805042049918854
1655.6820068359375 1.0003434913463933 0.00018046601468919797
1655.7028198242188 1.0000019466845342 0.00018054951084107545
1655.7236938476562 0.9999354233957914 0.00018044865052872024
1655.7445068359375 0.9997509704756585 0.00018026515922323378
1655.7653198242188 1.0000859420786912 0.00018004973076506242
1655.7861938476562 1.0001601940999885 0.0001801578313606187
1655.8070068359375 1.000159935816861 0.00017988201683121686
1655.8278198242188 0.9996561697274399 0.00017985174727041617
1655.8486938476562 0.9999496952194143 0.00017960584011766025
1655.8695068359375 1.0005550990580032 0.00017953480829940608
1655.8903198242188 0.9997794983773851 0.00017938832750945255
1655.9111938476562 0.9996301538775826 0.00017902874818242356
1655.9320068359375 1.0003024244719185 0.00017880674952690508
1655.9528198242188 0.9999353312999382 0.0001784577400893655
1655.9736938476562 0.9996886603017823 0.00017829408835307836
1655.9945068359375 1.000362913171162 0.0001781939798255912
1656.0153198242188 1.0000699788722216 0.00017789702424512822
1656.0361938476562 0.9999624549601054 0.0001778175696079172
1656.0570068359375 1.0006890305896088 0.00017766902076288258
1656.0778198242188 0.9989156152199631 0.00017772943637320727
1656.0986938476562 0.9998183293118799 0.0001776155447278007
1656.1195068359375 0.9999920079607517 0.00017764397246356874
1656.1403198242188 1.0001719169794825 0.00017775660042881693
1656.1611938476562 0.9999997669016748 0.00017759744215381604
1656.1820068359375 0.9999252320318969 0.0001776829617234292
1656.2028198242188 0.999844906459451 0.00017762788682653926
1656.2236938476562 1.0002789849994322 0.00017756861082857716
1656.2445068359375 0.999837821331919 0.00017752648692422455
1656.2653198242188 1.0002453673977474 0.00017737577065879867
1656.2861938476562 0.9996390531778886 0.00017722080162191494
1656.3070068359375 0.9998367140569265 0.00017693974744301407
1656.3278198242188 1.0003124521053788 0.0001769113354140873
1656.3486938476562 1.0000686468680597 0.00017663604006042019
1656.3695678710938 1.0002258568595743 0.00017643189488929562
1656.390380859375 0.9999689295879404 0.000176447507648648
1656.4111938476562 0.9997302063314898 0.0001766653429105724
1656.4320678710938 0.9998160374728671 0.00017633870336736615
1656.452880859375 0.9999274497455322 0.0001763082156953639
1656.4736938476562 1.0001410722793032 0.00017636753623152088
1656.4945678710938 1.000197192720051 0.00017650549095922903
1656.515380859375 1.000050504097422 0.0001764319717739526
1656.5361938476562 0.9999989019715027 0.00017660153840165252
1656.5570678710938 0.9998173238339155 0.00017672446159896354
1656.577880859375 0.9999861725121555 0.0001770263712988502
1656.5986938476562 0.9999735810422511 0.00017686716490260458
1656.6195678710938 1.0003861977387085 0.00017698702309862588
1656.640380859375 0.9996969345208657 0.0001770644054295107
1656.6611938476562 1.0000119977365411 0.00017698015744297752
1656.6820678710938 0.9999446993860294 0.0001768806448324757
1656.702880859375 0.9998001977848424 0.00017694817714843867
1656.7236938476562 1.0003974403078637 0.00017671414065983297
1656.7445678710938 0.9998904311285485 0.00017678275197049924
1656.765380859375 0.9998216333312404 0.00017682776041843713
1656.7861938476562 1.0002485290515775 0.00017687250620384014
1656.8070678710938 1.0001449944088217 0.00017664432659949438
1656.827880859375 0.9998552289388274 0.00017678792733264416
1656.8486938476562 0.9998127225339742 0.00017666729767452856
1656.8695678710938 1.0000334861388003 0.00017659281816675713
1656.890380859375 1.0000229951478452 0.00017676891633123084
1656.9111938476562 0.9997328503588316 0.00017652743349321284
1656.9320678710938 1.0003919971124124 0.0001761347399996412
1656.952880859375 0.9998871854211823 0.00017596614989645376
1656.9736938476562 1.0004539088036744 0.00017596898338243747
1656.9945678710938 0.9996374634138256 0.00017569802762877043
1657.015380859375 0.9996597645608605 0.00017563162516886705
1657.0361938476562 1.0001181775080494 0.0001755319387608987
1657.0570678710938 1.0010089860511124 0.00017536586433479417
1657.077880859375 1.0000772153620199 0.00017573764501328798
1657.0986938476562 1.0000911665235113 0.0001752445340863023
1657.1195678710938 1.0001504426712655 0.00017525865045735014
1657.140380859375 0.9999714912570441 0.00017534356810691248
1657.1611938476562 0.9997891819542039 0.0001754923894294511
1657.1820678710938 0.9999695135056335 0.00017540276719579318
1657.202880859375 0.9999630540448071 0.00017537430541562322
1657.2236938476562 1.0002976625675835 0.00017544054433894747
1657.2445678710938 1.000033500476816 0.00017534799578735618
1657.265380859375 0.9997082081692128 0.00017524598766492625
1657.2861938476562 0.9998166596071782 0.00017529378875031092
1657.3070678710938 1.000255872315102 0.0001751990525383352
1657.327880859375 1.000174800784351 0.00017498428223553344
1657.3695678710938 0.9989546761342394 0.00017459125139550962
1657.390380859375 0.999888836108806 0.00017455735075954946
1657.4111938476562 0.9991319710226675 0.00017434023349842626
1657.4320678710938 0.9999214383294525 0.0001743775886241846
1657.452880859375 1.0002699018957482 0.00017427557423478442
1657.4736938476562 0.9998841568069854 0.00017437316626390945
1657.4945678710938 0.9989014805760562 0.00017440332092099437
1657.515380859375 0.9997654434848716 0.0001748092396964491
1657.5361938476562 0.9996990310914509 0.00017468777826669843
1657.5570678710938 1.000321126782798 0.00017479903678747208
1657.577880859375 1.0004900686134552 0.00017494894422366924
1657.5986938476562 1.000010022590642 0.00017512281657523342
1657.6195678710938 0.9997638107698651 0.00017543389391494682
1657.640380859375 0.9995895633457895 0.00017498704657702523
1657.6611938476562 0.9997211402018279 0.00017524332503531738
1657.6820678710938 1.0006159956419693 0.00017497337018846214
1657.702880859375 1.000062788712813 0.00017503052009757724
1657.7236938476562 1.0000921520301622 0.00017490205201650588
1657.7445678710938 0.9994826225991255 0.00017477999440502123
1657.765380859375 0.999978651087954 0.0001747662253888345
1657.7861938476562 1.0003424928455384 0.0001747400687131915
1657.8070678710938 1.0002238286453602 0.00017482966835990154
1657.827880859375 0.9999607090098072 0.00017471699289383692
1657.8486938476562 0.9997073371127267 0.0001748762238446153
1657.8695678710938 0.9999937199938101 0.00017479888940762528
1657.890380859375 0.999840137961095 0.0001748500232789973
1657.9111938476562 1.000052271707321 0.00017466457567179265
1657.9320678710938 1.00033003312357 0.00017441527058362352
1657.952880859375 1.0002694207765304 0.00017438691791529348
1657.9736938476562 0.9996889244180643 0.00017455866540794834
1657.9945678710938 0.9997907976298556 0.0001744412367487077
1658.015380859375 0.9996701203118082 0.00017415606863074306
1658.0361938476562 1.0008435535363087 0.00017416168633607824
1658.0570678710938 1.0004479414619336 0.00017405892816466865
1658.077880859375 1.0001202786922627 0.00017416306132101632
1658.0986938476562 0.9997030975827756 0.00017392005112560347
1658.1195678710938 1.0001880742857467 0.00017415496661127246
1658.1404418945312 1.000075086812199 0.00017391639841525625
1658.1612548828125 0.999696006225932 0.00017401822973411396
1658.1820678710938 1.0005419260044117 0.00017415133923484664
1658.2029418945312 0.9996146875441783 0.00017421314096714252
1658.2237548828125 1.0001080423832627 0.00017410100652449147
1658.2445678710938 0.9999177948219378 0.00017404993994455563
1658.2654418945312 0.9998375630877098 0.00017407340865764915
1658.2862548828125 1.0000602660734432 0.0001742514756870864
1658.3070678710938 1.0003879433757759 0.0001739017099174715
1658.3279418945312 0.9997507459564606 0.0001740547370913954
1658.3487548828125 0.9997055809184464 0.00017358126062150535
1658.3695678710938 1.0001299310714777 0.0001735192777808406
1658.3904418945312 1.0002445191596843 0.00017342336762445887
1658.4112548828125 1.0001201944411318 0.00017349511379446682
1658.4320678710938 0.9997941680698568 0.00017350518248588492
1658.4529418945312 0.9997362735189173 0.0001734936923709743
1658.4737548828125 1.0003046408358436 0.00017359085933277375
1658.4945678710938 1.0002519753874368 0.00017337554420622658
1658.5154418945312 0.9997218382663705 0.00017341345122561116
1658.5362548828125 0.9997217683664101 0.0001735458514746914
1658.5570678710938 1.0000867166337482 0.00017407339079742956
1658.5779418945312 1.0000706611917674 0.00017375835241087957
1658.5987548828125 1.0004488998288232 0.00017400571727797014
1658.6195678710938 0.999741058658631 0.00017397255247800442
1658.6404418945312 0.9996665690528262 0.00017394481921452595
1658.6612548828125 1.0001485998360606 0.00017385848906024251
1658.6820678710938 1.0001537466221626 0.00017372759005301574
1658.7029418945312 1.0002125653641691 0.0001738310164084475
1658.7237548828125 0.9995923126742983 0.0001736389573707975
1658.7445678710938 1.0000076309521702 0.0001736937500429378
1658.7654418945312 1.0000991640721888 0.00017380406093738408
1658.7862548828125 1.000049126941576 0.00017361221289308098
1658.8070678710938 1.000012823510787 0.00017380601417275694
1658.8279418945312 0.9999060386143515 0.0001737571437494317
1658.8487548828125 0.9998552770589193 0.00017357905378360066
1658.8695678710938 1.0002810013605437 0.0001736575477236589
1658.8904418945312 0.9999004094826611 0.0001734944067113479
1658.9112548828125 1.0000766641772452 0.00017348174378173102
1658.9320678710938 1.00021518487666 0.0001738280399604615
1658.9529418945312 0.9995101345020246 0.00017341444445134432
1658.9737548828125 1.0002948845432094 0.00017331857393414714
1658.9945678710938 0.9999283166490784 0.00017325420827726272
1659.0154418945312 0.9998966411021486 0.0001732003765685815
1659.0362548828125 1.0000400944823387 0.0001731379488851319
1659.0570678710938 0.9999533899457868 0.00017313145443254677
1659.0779418945312 1.0002707534794992 0.00017305535874405524
1659.0987548828125 1.0000946801774437 0.00017326874940461865
1659.1195678710938 0.999441084704791 0.00017311300196121404
1659.1404418945312 1.0000414986298378 0.00017303087732655016
1659.1612548828125 1.000154051387966 0.00017299266718029063
1659.1820678710938 1.0003273242430508 0.0001731407435307814
1659.2029418945312 0.9999671168655725 0.00017311408290097855
1659.2237548828125 1.000025456340785 0.0001730720692370834
1659.2445678710938 0.9998006279830477 0.00017319188826551976
1659.2654418945312 0.9996605451827228 0.00017314136180764675
1659.2862548828125 1.000287046384221 0.00017320382772446555
1659.3070678710938 1.0000604005485365 0.0001730219449112757
1659.3279418945312 0.9998999071033619 0.00017307799504213882
1659.3487548828125 1.0000001694115508 0.00017299247428005808
1659.3695678710938 0.9999803431282318 0.00017275905425581043
1659.3904418945312 1.0002499928896686 0.00017274235503337437
1659.4112548828125 0.9998596726426774 0.00017326180209163762
1659.4320678710938 1.000120186279471 0.00017263340627949862
1659.4529418945312 0.9997938434367415 0.00017264263533315393
1659.4737548828125 1.0000255906155489 0.0001728112155585793
1659.4945678710938 1.0000169852814214 0.00017285709016868418
1659.5154418945312 1.0000486348911053 0.00017291464062552385
1659.5362548828125 0.9999492259242933 0.00017283780040463047
1659.5570678710938 1.000058786554706 0.0001728816591588954
1659.5779418945312 0.9998832316495513 0.0001730408896814013
1659.5987548828125 1.000153331461824 0.0001730810061957686
1659.6195678710938 0.9998569605933478 0.0001728987683411555
1659.6404418945312 1.0000383858285786 0.00017296011105319867
1659.6612548828125 0.999951851992589 0.0001729588621127747
1659.6820678710938 1.0003459749771901 0.00017301442673257894
1659.7029418945312 0.9997892091366393 0.00017286174722845265
1659.7237548828125 0.9999614496392915 0.00017298709958847867
1659.7445678710938 0.9998210719997068 0.00017295116819125023
1659.7654418945312 1.0000426713135395 0.0001728681609088261
1659.7862548828125 1.0001603359165439 0.00017289234497487393
1659.8070678710938 1.0000117394877766 0.00017288170284509528
1659.8279418945312 1.000028473482258 0.00017287636604844793
1659.8487548828125 1.0000352045741363 0.00017293952276853348
1659.8695678710938 0.9997769406269273 0.00017310090262067344
1659.8904418945312 0.9999991806323135 0.00017289482855064654
1659.9112548828125 1.000099967761805 0.00017301791136441577
1659.9320678710938 0.9999822294300467 0.00017293442375104472
1659.9529418945312 1.0000045289118868 0.00017279943100910304
1659.9738159179688 1.0000084094212067 0.0001727852244639699
1659.99462890625 1.000091119989723 0.00017258843664279264
1660.0154418945312 1.000047838880861 0.00017280890796310823
1660.0363159179688 1.0000867306842236 0.00017255827854785184
1660.05712890625 0.9995900882410583 0.00017238303363497698
1660.0779418945312 0.9999244255225745 0.00017251022965019346
1660.0988159179688 1.0001429818221548 0.00017248866863903457
1660.11962890625 1.0002637908010834 0.00017224602498200914
1660.1404418945312 1.0000719152798294 0.00017227561207743062
1660.1613159179688 0.9999126429320996 0.00017225927049932896
1660.18212890625 0.9996981048527922 0.0001724547070147101
1660.2029418945312 1.0001264111962458 0.00017220842375846755
1660.2238159179688 1.0002061048944453 0.00017232552383063165
1660.24462890625 0.9999219203116346 0.0001725287124988923
1660.2654418945312 1.000047528239895 0.0001723162440855788
1660.2863159179688 0.9997330304077666 0.00017229320672581245
1660.30712890625 0.9999035078235837 0.00017232655734938205
1660.3279418945312 1.000368567827879 0.00017237537726982625
1660.3488159179688 0.9997768475395375 0.00017212877525206978
1660.36962890625 1.0001166365096816 0.00017228309881120338
1660.3904418945312 1.0001776424792355 0.00017203318568356562
1660.4113159179688 0.9997022569927021 0.00017208271190465496
1660.43212890625 1.0000423666558889 0.00017205837096290373
1660.4529418945312 1.000065358613408 0.00017203314809899141
1660.4738159179688 1.0001448287332586 0.00017218155494292065
1660.49462890625 0.9998184648770976 0.00017201235803537292
1660.5154418945312 0.9999989887236262 0.00017215919053567566
1660.5363159179688 1.0000921857291987 0.00017206094750787804
1660.55712890625 0.9999687121346581 0.00017216395032065645
1660.5779418945312 0.9997895904237761 0.0001722357309805152
1660.5988159179688 1.0000594332850796 0.00017232198915611188
1660.61962890625 1.000319899093507 0.00017235772249659962
1660.6404418945312 0.9997827719247276 0.0001724645398327451
1660.6613159179688 1.0003324031545004 0.00017228684149607834
1660.68212890625 0.9996841729671568 0.0001722895104424359
1660.7029418945312 0.9997345416524953 0.00017233605525698094
1660.74462890625 1.0000170299541704 0.00017234036195781338
1660.7654418945312 1.0002616453348743 0.00017251242833836317
1660.7863159179688 1.0002974355477368 0.00017231714769642728
1660.80712890625 0.9994980694523132 0.00017220815137147173
1660.8279418945312 1.0002709147318218 0.0001722356945470002
1660.8488159179688 0.9999797484031109 0.00017223631913759212
1660.86962890625 1.0001258417841492 0.00017235144961447624
1660.8904418945312 0.9997288291244697 0.00017236737488182349
1660.9113159179688 0.9999855935032935 0.00017221101556597345
1660.93212890625 1.000035963555568 0.00017209372151997317
1660.9529418945312 1.000180204149387 0.00017220482117213663
1660.9738159179688 0.9998635682102452 0.0001721215029313412
1660.99462890625 1.0001341371389192 0.00017191559948223818
1661.0154418945312 0.9996180751786906 0.00017198872102307082
1661.0363159179688 1.0003040460649932 0.00017178553768110847
1661.05712890625 1.0002040660714928 0.0001717589269433174
1661.0779418945312 0.9995881360466423 0.00017174861561180835
1661.0988159179688 1.000131657988299 0.00017182511363199153
1661.11962890625 1.0002075995085562 0.00017170766270369346
1661.1404418945312 0.9998220409859978 0.0001716447283147756
1661.1613159179688 0.9999599575274292 0.00017159075997070011
1661.18212890625 1.000169264393699 0.0001715347141005743
1661.2029418945312 0.9998451168213832 0.00017165922282294486
1661.2238159179688 0.9997977122859657 0.00017160612937608567
1661.24462890625 1.0002427982689814 0.00017169872616379334
1661.2654418945312 1.000341516431299 0.00017160161902231546
1661.2863159179688 0.9997416959079871 0.00017175616965095885
1661.30712890625 0.9998697554137528 0.00017166451101485522
1661.3279418945312 0.9996822023994444 0.00017154499148632296
1661.3488159179688 1.0003780449365087 0.00017147183019851445
1661.36962890625 1.0001667932328684 0.00017157095772365132
1661.3904418945312 0.9997838411572648 0.0001713376286417678
1661.4113159179688 1.0000454774106913 0.000171443170909269
1661.43212890625 0.9999944359437081 0.0001716304100288399
1661.4529418945312 1.0001134480679932 0.00017164714791414724
1661.4738159179688 0.9998682753255483 0.00017146273805188978
1661.49462890625 0.9999235449459429 0.00017153651362066
1661.5154418945312 0.999998800887079 0.00017204399728807716
1661.5363159179688 1.0000802136800289 0.00017142504259761766
1661.55712890625 1.000140643199129 0.00017157727338143922
1661.5779418945312 0.9999911060120342 0.00017160391200456317
1661.5988159179688 0.9998500601133031 0.00017174463107007842
1661.61962890625 0.999946447723049 0.00017170718485925966
1661.6404418945312 0.999743915258092 0.00017162453644344578
1661.6613159179688 1.0004911719903045 0.00017170996039437807
1661.68212890625 1.0001793514830402 0.00017162873951991983
1661.7029418945312 0.9996335583039017 0.0001716299852012378
1661.7238159179688 0.9997174138492705 0.00017178715623856
1661.74462890625 1.000372384353112 0.00017169629708971504
1661.7654418945312 1.0000810964299116 0.00017161673053753132
1661.7863159179688 1.000074797272434 0.0001717115041953822
1661.80712890625 0.9996612309692877 0.0001717653195664345
1661.8279418945312 0.9999976541794701 0.0001717389422871426
1661.8488159179688 0.9999752469529133 0.0001717992233155474
1661.86962890625 1.0001814567625464 0.00017187968909671217
1661.8904418945312 1.0002443049812124 0.00017178327929394616
1661.9113159179688 0.9997486417849961 0.00017184048511983635
1661.93212890625 0.999981909324764 0.00017171393275815334
1661.9529418945312 0.999762145062131 0.0001716695782992486
1661.9738159179688 1.000344370762154 0.00017165058812655448
1661.99462890625 0.9999309400986169 0.00017157861488068912
1662.0155029296875 0.9998763014969414 0.00017148828709660598
1662.0363159179688 1.0002334798226877 0.00017161373213608156
1662.0571899414062 0.9997740760987905 0.00017156531335150863
1662.0780029296875 1.0000685797561772 0.00017129574640654534
1662.0988159179688 1.0000016545445285 0.00017151224155334644
1662.1196899414062 1.0001562431946136 0.00017139257432102005
1662.1405029296875 0.9996549690282286 0.00017125840254843236
1662.1613159179688 1.0002918754709893 0.00017138367430917623
1662.1821899414062 0.9997514654564342 0.00017117748240148007
1662.2030029296875 1.0001691278019775 0.00017123288965525848
1662.2238159179688 1.000326986763219 0.0001711577200803832
1662.2446899414062 0.9995410505184438 0.00017129679731265628
1662.2655029296875 0.9999868698722383 0.00017117434435200287
1662.2863159179688 1.0000802372362412 0.00017113538799777377
1662.3071899414062 0.9999788719432657 0.0001712904931727333
1662.3280029296875 1.0000580380091788 0.0001712676991170336
1662.3488159179688 1.000254093368219 0.00017098979399878352
1662.3696899414062 0.9998021939636893 0.00017121375956220483
1662.3905029296875 0.9998633728043246 0.00017098205715253192
1662.4113159179688 1.0000642115172866 0.0001711612971053302
1662.4321899414062 0.9999890420068756 0.00017087238634929847
1662.4530029296875 1.000072855482606 0.00017094818056620633
1662.4738159179688 0.9999158509487674 0.0001709369121492345
1662.4946899414062 1.0000355296726051 0.00017106766944298724
1662.5155029296875 1.000167122190872 0.00017093592573153523
1662.5363159179688 0.9997111439136119 0.00017103641404903638
1662.5571899414062 1.0001486909901436 0.0001708717170455357
1662.5780029296875 1.000035004211489 0.00017105777952293843
1662.5988159179688 1.0000437511871492 0.00017110629455208397
1662.6196899414062 0.9996383424069404 0.00017106424368372363
1662.6405029296875 1.0003070758130135 0.00017136417520839743
1662.6613159179688 1.0000915721560375 0.00017121889912967905
1662.6821899414062 0.9999563332135466 0.00017113167111335845
1662.7030029296875 0.9999553057102778 0.00017135808071737412
1662.7238159179688 0.9998499668032385 0.00017109358442109413
1662.7446899414062 1.0000359488381614 0.0001712678262671705
1662.7655029296875 1.0000155205895545 0.00017115990693881763
1662.7863159179688 1.000221810197762 0.00017129143871569478
1662.8071899414062 1.0001106374645778 0.00017110061408200423
1662.8280029296875 0.9996225227093121 0.00017103383253415036
1662.8488159179688 0.999833627956583 0.0001710947771323706
1662.8696899414062 1.0001445648026592 0.00017119321390809896
1662.8905029296875 1.0001930418065443 0.00017105990288942885
1662.9113159179688 1.0000711452507849 0.00017096305145481314
1662.9321899414062 1.0003389384930723 0.00017117363662586175
1662.9530029296875 0.9996370850787346 0.00017090789634046106
1663.0571899414062 0.9999376524875652 0.00017095319372340833
1663.0780029296875 1.0003057240247697 0.00017081151347307354
1663.0988159179688 0.9999456510804048 0.00017077748790991334
1663.1196899414062 0.9996084915280138 0.00017076212942913102
1663.1405029296875 0.999896084890857 0.00017072656141738703
1663.1613159179688 1.0001332967501844 0.00017062721020960495
1663.1821899414062 1.0002761411171197 0.00017071837790885692
1663.2030029296875 1.0002102577271377 0.00017067066703506977
1663.2238159179688 0.999734551526541 0.0001707968719492165
1663.2446899414062 0.9998490094905673 0.00017056402376387244
1663.2655029296875 0.9998745042926894 0.00017049609426155195
1663.2863159179688 0.9999966824664864 0.00017060021279650503
1663.3071899414062 1.000190150247475 0.00017065969063742397
1663.3280029296875 0.9997931966984211 0.000170473414127729
1663.3488159179688 1.0004761882631705 0.00017050301324539145
1663.3696899414062 0.9999467228407665 0.00017041436916670195
1663.3905029296875 0.9996995464671754 0.00017058063656639287
1663.4113159179688 1.0001317584585756 0.0001703769587213475
1663.4321899414062 0.9999051181598175 0.00017040161623365084
1663.4530029296875 0.99998109391809 0.00017051154520910652
1663.4738159179688 1.0001167340226471 0.0001703700392996778
1663.4946899414062 0.9999690150393242 0.00017033734660102526
1663.5155029296875 1.000114450930268 0.00017036294286651492
1663.5363159179688 0.9997783383084035 0.0001706925955991181
1663.5571899414062 1.0000151255142604 0.00017054386067755936
1663.5780029296875 0.9998708101533886 0.00017044754147762595
1663.5988159179688 1.000325339581913 0.00017071644838088842
1663.6196899414062 0.9999765532648361 0.0001704856849088181
1663.6405029296875 0.9999872806575304 0.00017052455576839116
1663.6613159179688 0.9998432602079974 0.00017060329809727152
1663.6821899414062 0.9996770773409015 0.000170489749817474
1663.7030029296875 1.000525422936617 0.0001706542896781567
1663.7238159179688 1.0001817804501498 0.0001704525892992413
1663.7446899414062 0.9997734373251032 0.00017059399623822944
1663.7655029296875 0.9998753433186803 0.00017064068112120905
1663.7863159179688 0.9999051102466049 0.00017048165502115233
1663.8071899414062 1.0001476651228056 0.00017051814639163472
1663.8280029296875 0.9998336153404657 0.00017039737755833884
1663.8488159179688 1.0000107726584782 0.00017036048439123138
1663.8696899414062 1.0002601569964473 0.00017046585025696292
1663.8905029296875 0.9999249014233309 0.00017041017832945707
1663.9113159179688 1.0002743386298114 0.00017046484945534642
1663.9321899414062 0.9994200282759624 0.00017041208015091818
1663.9530029296875 1.0001440628762566 0.0001703826207695688
1663.9738159179688 1.0000392030508625 0.00017040469559488847
1663.9946899414062 1.0000954465261709 0.00017033430867373985
1664.0155029296875 1.0003792782148009 0.0001703093935065122
1664.0363159179688 0.9997385176063198 0.00017029947752823563
1664.0571899414062 0.9998848512034725 0.0001701828403857857
1664.0780029296875 0.9995894559583925 0.0001702944427808512
1664.1196899414062 0.9999951434935157 0.00017013135466328094
1664.1405029296875 1.0005921422543167 0.00017004475562732119
1664.1613159179688 0.9999812925168362 0.00017025075286421744
1664.1821899414062 0.9994395081873392 0.00017016490681769092
1664.2030029296875 1.0005520862628783 0.0001700886233846151
1664.2238159179688 1.000106991906107 0.00017007874206912367
1664.2446899414062 0.9999722276165157 0.00017013977654253894
1664.2655639648438 0.9997360447721358 0.0001701799421173321
1664.286376953125 0.9998186643497083 0.0001704850012857212
1664.3071899414062 1.0001498492556962 0.00017012712744491948
1664.3280639648438 0.9999031758127296 0.00017006972593041416
1664.348876953125 1.0001353469856489 0.0001700381911900976
1664.3696899414062 0.9998996973596551 0.00017008771322050522
1664.3905639648438 1.0003106577079968 0.00017033022022140597
1664.411376953125 0.9998693093991559 0.00017005683399151647
1664.4321899414062 0.9999648355083963 0.0001699922236959325
1664.4530639648438 0.9999242679454362 0.0001700811191985491
1664.473876953125 0.9998596548618033 0.0001700019477173362
1664.4946899414062 1.0002868333219366 0.00016997855481014354
1664.5155639648438 0.999881009247108 0.0001699152558801981
1664.536376953125 1.00008401036459 0.00017008596616217435
1664.5571899414062 0.9997305338716628 0.00016981538819396352
1664.5780639648438 1.0002760407766085 0.00017005441897142434
1664.598876953125 0.9998219707111935 0.00016986691669104134
1664.6196899414062 1.0002288242515236 0.0001698708805090908
1664.6405639648438 0.9997732173945907 0.00016983846571148634
1664.661376953125 1.0002222023152363 0.00016987255533921383
1664.6821899414062 0.9999870886589967 0.00016993323573229077
1664.7030639648438 1.0000638268036255 0.00016989154687529896
1664.723876953125 0.9997120731491665 0.00016987113800186573
1664.7446899414062 0.9998378266521795 0.00016993566822025261
1664.7655639648438 0.9999384266790483 0.00016986178124687347
1664.786376953125 1.000406022773644 0.00016988092418594483
1664.8071899414062 1.0000501752370756 0.00016989761946451247
1664.8280639648438 1.000258993312689 0.0001698489161926581
1664.848876953125 0.9996693141348313 0.00016980709907494086
1664.8696899414062 0.9997747204871766 0.0001698294499487142
1664.8905639648438 0.9999752492377686 0.0001698423870239537
1664.911376953125 1.0001790828858221 0.000169869837039653
1664.9321899414062 1.000156308145865 0.00016987318042757242
1664.9530639648438 0.9999223224286027 0.00016971729674566526
1664.973876953125 1.0000382039303501 0.00016984347178684246
1664.9946899414062 0.9998905704415428 0.00016974193381991072
1665.0155639648438 0.9999498391298349 0.00016972009917611474
1665.036376953125 0.9999609577155593 0.00016987191385814667
1665.0571899414062 1.000096656942955 0.00016962283702949001
1665.0780639648438 1.0000962487056577 0.00016959332330989942
1665.098876953125 0.9998019295585348 0.00016971089053766843
1665.1196899414062 1.0001138488454155 0.00016979578527892653
1665.1405639648438 1.000036150143679 0.00016951921644695845
1665.161376953125 0.9999219998707992 0.00016951104766845822
1665.1821899414062 1.0000374192180628 0.00016968857916133665
1665.2030639648438 1.0000382929407279 0.00016962924394101233
1665.223876953125 0.9999826604309142 0.0001697361130621091
1665.2446899414062 1.0001475090227114 0.00016965249808511345
1665.2655639648438 0.9996993996654447 0.00016950652156642144
1665.286376953125 0.9999333799100503 0.00016958594786968263
1665.3696899414062 1.0001206748728173 0.00016954757032914368
1665.3905639648438 1.0003793072353393 0.00016969954060214114
1665.411376953125 0.999857343579874 0.0001695192326811446
1665.4321899414062 0.9997623662105278 0.00016952445658236415
1665.4530639648438 0.9999192487272088 0.00016951893229429467
1665.473876953125 0.9998748557955613 0.00016966743036569293
1665.4946899414062 1.0002337461657649 0.00016961171632825107
1665.5155639648438 1.000136073359772 0.00016959990237791527
1665.536376953125 1.000045835931469 0.00016949121075928274
1665.5571899414062 1.0001042300519152 0.00016947471904168887
1665.5780639648438 0.9998550397340695 0.00016974223357213702
1665.598876953125 0.9995698905326393 0.00016943446567456032
1665.6196899414062 1.0002103529957527 0.0001694786439167983
1665.6405639648438 1.0003712127319515 0.0001695451235369876
1665.661376953125 1.0000592773063195 0.00016952528708244697
1665.6821899414062 0.9995549945984017 0.00016961175309354284
1665.7030639648438 0.9999131178997808 0.00016968989266485853
1665.723876953125 1.0002540591461895 0.00016953803367339085
1665.7446899414062 0.9998872048729922 0.00016977015020198068
1665.7655639648438 1.0000682593301984 0.00016954947843718214
1665.786376953125 1.0000619068226988 0.00016960914367472217
1665.8071899414062 1.0001790317047121 0.00016955515240238298
1665.8280639648438 0.9996875248391988 0.00016951576949928544
1665.848876953125 0.9999903094600063 0.00016966733978331344
1665.8696899414062 1.0000359515478954 0.0001696278363181004
1665.8905639648438 1.0002018457952848 0.00016952735982435913
1665.911376953125 0.9999560843403286 0.00016976929852000847
1665.9321899414062 0.9999709422975217 0.000169594466187377
1665.9530639648438 0.999610134800287 0.00016963852604926565
1665.973876953125 1.000344330133582 0.0001696151717869815
1665.9946899414062 1.0001638491291516 0.00016954105418904948
1666.0155639648438 0.9996001854753795 0.0001694860552200579
1666.036376953125 1.0002062506486686 0.00016950334692773634
1666.0571899414062 1.0000416756856407 0.00016963218639454289
1666.0780639648438 1.0002906027993497 0.00016993797521873522
1666.098876953125 0.999741586240119 0.00016965881763104598
1666.1196899414062 0.9999022489612398 0.0001698076217089353
1666.1405639648438 0.9997686501690656 0.0001697598275510065
1666.161376953125 1.0002083159116484 0.000169703611712242
1666.1821899414062 1.0001596721747261 0.0001695249714587727
1666.2030639648438 0.9997943410478642 0.00016956230223889808
1666.223876953125 1.000122735825322 0.00016969510816812626
1666.2446899414062 1.0000610017109621 0.00016954182155452533
1666.2655639648438 0.9999351741088188 0.00016965191619801483
1666.286376953125 1.0002117741809158 0.00016976538705806203
1666.3071899414062 0.9996149853843942 0.00016961775964446655
1666.3280639648438 0.9999968395748401 0.00016973454057441032
1666.348876953125 1.0002187316441544 0.00016963358285466588
1666.3696899414062 0.999926115967567 0.00016954721056931885
1666.3905639648438 1.0001938599779079 0.00016973362902814165
1666.411376953125 0.9996851007798334 0.00016974666467721778
1666.4321899414062 1.0001670765313857 0.00016973506928564012
1666.4530639648438 0.9999719557444301 0.00016963360718198439
1666.473876953125 1.0000219594951802 0.00016964620372682357
1666.4946899414062 0.9997980602275208 0.00016961304017562811
1666.5155639648438 1.000040966782086 0.0001695217543858697
1666.536376953125 1.0003255462674594 0.00016958785129417772
1666.5571899414062 1.0000657236878272 0.00016946720916154436
1666.5780639648438 0.9996228977641106 0.00016962922288343341
1666.598876953125 0.9999607887413954 0.0001694594921437876
1666.6196899414062 1.0002941797305493 0.000169694912403225
1666.6405639648438 1.000005018348614 0.00016946373717179866
1666.661376953125 0.99975622293179 0.00016948109878822494
1666.6821899414062 1.0000743154539151 0.0001696130706121844
1666.7030639648438 0.9999070032917059 0.0001696776508831627
1666.723876953125 1.0000147125761754 0.00016974826275086097
1666.7446899414062 1.000256051446606 0.0001695829564588018
1666.7655639648438 0.9998973669713027 0.00016955654122165006
1666.786376953125 0.999998044221794 0.00016946050738930122
1666.8071899414062 1.0000193738278949 0.00016954629162786717
1666.8280639648438 0.9998245455031932 0.0001696949880784902
1666.8489379882812 1.0002863380540945 0.00016964024126571128
1666.8697509765625 0.9999335850248788 0.00016986444870578296
1666.8905639648438 0.9997340251628591 0.0001696403631962103
1666.9114379882812 1.0001080777098321 0.00016958981562202407
1666.9322509765625 1.0000351122192082 0.00016962997666819467
1666.9530639648438 0.9999265296887198 0.00016952988719530168
1666.9739379882812 1.0000942465539173 0.00016948942812795989
1666.9947509765625 1.0000874655123688 0.00016976315183695143
1667.0155639648438 0.9999306736845989 0.00016955226377849328
1667.0364379882812 0.999870062104618 0.00016948024079640607
1667.0572509765625 0.999922316102054 0.00016949794929644032
1667.0780639648438 1.000436269433292 0.00016971492658445666
1667.0989379882812 1.0001662289004423 0.00016954860408226319
1667.1197509765625 0.9994115179766717 0.00016954183936807892
1667.1405639648438 0.9999999005239842 0.00016965772702755478
1667.1614379882812 0.9997159378695331 0.0001697983426935568
1667.1822509765625 1.0006581463018756 0.00017034304526096546
1667.2030639648438 1.0001756767331746 0.00016955446858157053
1667.2239379882812 0.9996560048735248 0.00016949496312466532
1667.2447509765625 0.999977647966136 0.00016964608220829534
1667.2655639648438 0.9996309688410452 0.0001695650480684587
1667.2864379882812 1.0002871055632236 0.0001696438826176564
1667.3072509765625 1.0001030018627939 0.0001696024983126417
1667.3280639648438 1.0002308455122793 0.00016944799652328195
1667.3489379882812 0.9998636176656425 0.0001696768684649637
1667.3697509765625 0.9996853764568995 0.00016946633050878137
1667.3905639648438 1.0003680080911441 0.0001696732411229823
1667.4114379882812 0.9996816077962618 0.0001695102134559269
1667.4322509765625 1.0001519419356564 0.00016953263599670993
1667.4530639648438 0.9999909012797823 0.00016945452144507758
1667.4739379882812 0.9998018289945986 0.00016951016972817059
1667.4947509765625 1.0000972885618402 0.0001694373277334773
1667.5155639648438 1.0001067292382861 0.00016950711254491515
1667.5364379882812 1.0002771088646687 0.00016955575808413933
1667.5572509765625 0.9999087612297197 0.00016964380607527643
1667.5780639648438 0.9997842532308645 0.00016949734575509218
1667.5989379882812 0.9994019045835532 0.0001694780107695255
1667.6197509765625 1.000580986311859 0.00016956240412566685
1667.6405639648438 1.0001980779726287 0.00016952104105893282
1667.6614379882812 1.0000160080484748 0.00016978740593997233
1667.6822509765625 0.9998408126385494 0.00016946283670611214
1668.6405639648438 0.9997762183868477 0.00017227519889508877
1668.6614379882812 1.0003577114059046 0.00017264693951719827
1668.6822509765625 0.9998536861995333 0.0001730745759486332
1668.7030639648438 0.9999931794252956 0.0001734695787641751
1668.7239379882812 1.0001852312112038 0.00017373671678966307
1668.7447509765625 1.0000324310820572 0.000174405403857789
1668.7655639648438 0.9998684511672218 0.00017474155322522487
1668.7864379882812 0.9998825085072096 0.00017532616601825937
1668.8072509765625 0.999978320386748 0.0001758638752398328
1668.8280639648438 1.0003700159822417 0.0001762353760625997
1668.8489379882812 0.9997877054198128 0.00017652804971171195
1668.8697509765625 0.9998431631841036 0.0001766696898113957
1668.8905639648438 1.0001271109169148 0.00017681973886545142
1668.9114379882812 0.9999191225024814 0.00017678338946658433
1668.9322509765625 1.0002056593153539 0.00017677942833233142
1668.9530639648438 0.9988204043011705 0.00017653297782461763
1668.9739379882812 0.9998044539368804 0.000176510927044341
1668.9947509765625 1.000260153059243 0.00017649340819945035
1669.0155639648438 0.9994511294680006 0.00017655783224326943
1669.0364379882812 1.0001307288039905 0.00017697166602845032
1669.0572509765625 1.0002440001887243 0.00017685921351683808
1669.0780639648438 1.000325171006482 0.00017719304134548983
1669.0989379882812 1.000092119867354 0.00017714867820446567
1669.1197509765625 0.9993879091429363 0.0001773277275112712
1669.1405639648438 0.9999787556054895 0.0001773598843619492
1669.1614379882812 1.0002661718225827 0.00017738316166066606
1669.1822509765625 0.9996965286489155 0.0001774719655919936
1669.2030639648438 1.000094514510341 0.00017770084218992802
1669.2239379882812 1.0002124755065536 0.00017760630399129432
1669.2447509765625 1.0000211637353096 0.00017770431521314768
1669.2655639648438 0.9999218278809944 0.00017793814800331242
1669.2864379882812 0.9999441261170731 0.00017775916533233226
1669.3072509765625 0.999914968496659 0.00017757369358107098
1669.3280639648438 1.0001786031231636 0.000177643740539957
1669.3489379882812 1.0000307831149593 0.00017754350138445493
1669.3697509765625 1.0001243199353347 0.00017770847313879087
1669.3905639648438 0.9997886729845565 0.00017771507484225986
1669.4114379882812 0.999738003835179 0.00017779814034560009
1669.4322509765625 1.0000800658750495 0.00017797885822716189
1669.4530639648438 1.0002901826019495 0.00017815406373789284
1669.4739379882812 1.000163618850385 0.00017825603448294358
1669.4947509765625 1.0000299714926206 0.0001783083578809906
1669.5155639648438 0.9994414672065604 0.00017840070299859112
1669.5364379882812 0.9999086506123341 0.0001787515094747958
1669.5572509765625 1.0004169399458431 0.00017871450802872752
1669.5780639648438 1.0002326906872743 0.00017888135623893523
1669.5989379882812 0.9993685601320383 0.0001787920547176678
1669.6197509765625 1.0003094721712662 0.00017878402752831342
1669.6405639648438 1.000124491503269 0.00017860560275583987
1669.6614379882812 0.9998949467511129 0.00017854350211331447
1669.6822509765625 1.0001612518291083 0.0001783684090004358
1669.7030639648438 0.9998799565090931 0.00017812154336589825
1669.7239379882812 0.9999866135055806 0.00017786229806536906
1669.7447509765625 0.9997719429402934 0.0001778621280629202
1669.7655639648438 1.000010658128814 0.00017785891148131526
1669.7864379882812 1.0002456745420918 0.0001778482564845119
1669.8072509765625 1.0000810465106322 0.0001779414730369284
1669.8280639648438 0.9997746692449219 0.0001778305835244677
1669.8489379882812 1.000416243910147 0.00017792834729002166
1669.8697509765625 0.9995681574690662 0.0001782959355784773
1669.8905639648438 1.0001359550128837 0.00017812535568925572
1669.9114379882812 0.9997623160034189 0.0001780498174098573
1669.9322509765625 1.0003329998135175 0.00017761688618419874
1669.9530639648438 0.9999324541878558 0.00017761407033962254
1669.9739379882812 0.9999086471706806 0.00017697852320161227
1669.9947509765625 0.9999887434063133 0.0001767502645032974
1670.0155639648438 0.9997898700142699 0.00017658036427538416
1670.0364379882812 1.0003906973909482 0.00017674917915296926
1670.0572509765625 0.999860180661231 0.0001763629380163161
1670.0780639648438 0.999965293321271 0.00017617694648534068
1670.0989379882812 1.0002552845326451 0.0001762832845314643
1670.1197509765625 0.999908452073657 0.0001763471815259252
1670.1405639648438 0.9996391077975133 0.00017629596281663353
1670.1614379882812 1.0001385333184767 0.00017648359020223212
1670.1822509765625 1.0000302515587312 0.0001764313759848363
1670.2030639648438 1.0003606358509338 0.00017640431670541828
1670.2239379882812 0.9996628613651805 0.00017617158229522523
1670.2447509765625 1.0002653223726954 0.00017600567105860473
1670.2655639648438 0.9995054914512688 0.0001758248940219658
1670.2864379882812 1.0000871896541423 0.00017580135616905037
1670.3072509765625 1.0001350288026045 0.00017560021788208711
1670.3280639648438 1.0002443156896699 0.0001757406855102394
1670.3489379882812 0.9998121511913185 0.00017540495049648075
1670.3697509765625 0.9998901786872593 0.0001753556004573248
1670.3905639648438 1.0000694768142306 0.00017544670644017128
1670.4114379882812 1.0002548345705242 0.00017541130440193868
1670.4322509765625 0.9997417627445823 0.0001754751533076098
1670.4530639648438 0.9999575019001896 0.00017538189007212026
1670.4739379882812 1.0001803089399257 0.00017543934696018852
1670.4947509765625 0.9999943529132848 0.00017574816182252
1670.5155639648438 0.999656191178686 0.00017564795954946015
1670.5364379882812 1.0003429767658525 0.00017572293249160586
1670.5572509765625 0.999843922621829 0.0001760910796733111
1670.5780639648438 0.9999189699911183 0.0001759237541040799
1670.5989379882812 1.000279751710554 0.00017603152685186646
1670.6197509765625 1.000060963312277 0.0001760410176935588
1670.6405639648438 0.9998831263741171 0.0001760313304869359
1670.6614379882812 0.9997643482064904 0.00017602384498979935
1670.6822509765625 0.9999299165162202 0.0001760397524985125
1670.7030639648438 1.0001467287427714 0.00017597543630295113
1670.7239379882812 1.0003413230289815 0.00017592131063330372
1670.7447509765625 0.9998201465537137 0.0001759229047628934
1670.7655639648438 0.9999629152825099 0.00017589533410131242
1670.7864379882812 0.9998931417894824 0.00017589622683808048
1670.8072509765625 0.9997354623793897 0.00017591780868714195
1670.8280639648438 1.0003282495567125 0.00017607601199511345
1670.8489379882812 1.0003136344158583 0.000175958492194238
1670.8697509765625 0.9995918162222802 0.00017622280861155566
1670.8905639648438 1.0002138489858505 0.00017600347627877997
1670.9114379882812 0.9998620296616577 0.00017594915699107813
1670.9322509765625 0.9998344425645211 0.0001758841654116949
1670.9530639648438 1.0001922904546074 0.00017550774633210138
1670.9739379882812 1.0000364864688642 0.00017550146463473786
1670.9947509765625 0.9999922898837201 0.00017520549492878513
1671.0155639648438 1.0000382586010932 0.00017514093764473503
1671.0364379882812 0.9997991970860474 0.00017514180823654222
1671.0572509765625 1.0001127810948538 0.0001750242490434442
1671.0780639648438 0.9998486330214545 0.0001748742062351443
1671.0989379882812 1.0002912720485495 0.00017491911839258892
1671.1197509765625 0.9997558287874136 0.00017496160940229204
1671.1405639648438 1.00030261817929 0.00017509641490881202
1671.1614379882812 0.9997573104622931 0.00017499048154203067
1671.1822509765625 1.0000646604451797 0.00017513157054078736
1671.2030639648438 1.0001487240341307 0.0001751115755854493
1671.2239379882812 0.9998840033063282 0.00017511232608899166
1671.2447509765625 0.9998432033613096 0.00017493937051740716
1671.2655639648438 0.9997308210016981 0.0001748618071530927
1671.2864379882812 1.0006325253101007 0.00017476322255552024
1671.3072509765625 0.9999264668983667 0.000174820690576225
1671.3280639648438 0.9998273663604731 0.00017465005173369498
1671.3489379882812 0.9999221389501859 0.00017431513241033197
1671.3697509765625 0.9999510026125316 0.00017436711378941323
1671.3905639648438 1.0002389231321038 0.00017424381389353046
1671.4114379882812 0.999896108769722 0.0001742835560149916
1671.4322509765625 0.9997876912237331 0.00017466354457350763
1671.4530639648438 1.0001306797839835 0.00017424601196439621
1671.4739379882812 1.0002072335394034 0.00017416805624955532
1671.4947509765625 0.9999736971399973 0.0001743249434126243
1671.5155639648438 0.999906311888599 0.00017432677588328276
1671.5364379882812 0.9996986765433752 0.00017431485643252696
1671.5572509765625 1.000503422905224 0.00017450383626035757
1671.5780639648438 1.0000043213522585 0.00017477558797064738
1671.5989379882812 0.9997598319256099 0.00017444968135161605
1671.6197509765625 0.9999598884113778 0.00017442164577661303
1671.6405639648438 0.9998833834888424 0.0001748746306940983
1671.6614379882812 1.0002627228369503 0.00017449973689911085
1671.6822509765625 0.9997333825018917 0.00017450497728610916
1671.7030639648438 1.0001175673499023 0.0001745329865036953
1671.7239379882812 1.0001765709524675 0.0001742911689295646
1671.7447509765625 0.9997481705693215 0.00017435700202983305
1671.7655639648438 1.0002436518129831 0.00017452085233780814
1671.7864379882812 1.000045626920428 0.00017438741950006782
1671.8072509765625 0.9997872073153636 0.00017459835206082064
1671.8280639648438 1.000290182578149 0.00017453701268017332
1671.8489379882812 0.9995929840796571 0.0001748445200764908
1671.8697509765625 1.0001008940264424 0.0001745974645624618
1671.8905639648438 1.0001641583755576 0.00017461098257744905
1671.9114379882812 0.9996178793739796 0.00017450326248769578
1671.9322509765625 1.0003113006654383 0.00017455770249866418
1671.9530639648438 0.9999873895312694 0.00017440974664194333
1671.9739379882812 1.0002451328202278 0.00017429570407500024
1671.9947509765625 0.9999092065259356 0.0001741211160349664
1672.0155639648438 0.9995929190287279 0.00017440288004671252
1672.0364379882812 1.00023006015036 0.0001740531650938718
1672.0780639648438 1.0000435662418679 0.00017388256921474314
1672.0989379882812 0.9998393148337923 0.00017387807690909216
1672.1197509765625 1.0001970165461624 0.00017398216467040645
1672.1405639648438 0.9999953009527548 0.0001738232533878468
1672.1614379882812 0.9999499246222179 0.00017369635347631548
1672.1822509765625 1.0000336757706643 0.0001736641452407871
1672.2030639648438 0.9999616303492272 0.00017372101964444292
1672.2239379882812 0.9998966551179229 0.00017367707939365683
1672.2447509765625 1.000065128803816 0.00017376156640969216
1672.2655639648438 1.0001155043096652 0.0001736235114318401
1672.2864379882812 1.000011597158738 0.0001736506677065226
1672.3072509765625 0.9998012770315516 0.0001734351227006969
1672.3280639648438 1.000209524665569 0.00017356376200223803
1672.3489379882812 0.9998097177581736 0.00017324472451660526
1672.3697509765625 1.0000002735746554 0.0001732245859836292
1672.3905639648438 1.0000702438327425 0.00017306650938525643
1672.4114379882812 0.9999185853834419 0.00017308471802655577
1672.4322509765625 1.0000378646067445 0.00017307204244533148
1672.4530639648438 1.0003608306745873 0.00017331080080676214
1672.4739379882812 0.9998662171588995 0.0001731526884316922
1672.4947509765625 0.99976481441959 0.00017316301329070084
1672.5155639648438 1.000062074303141 0.0001731665791846533
1672.5364379882812 0.9996531022896528 0.00017342366963284307
1672.5572509765625 1.0005436960087775 0.0001734435429400196
1672.5780639648438 0.9996588063520422 0.00017348163313793597
1672.5989379882812 1.0001231489962266 0.0001734994469003663
1672.6197509765625 1.0002503143030035 0.00017356269614609047
1672.6405639648438 0.9996947819351647 0.00017339449510489027
1672.6614379882812 1.0000832827886175 0.00017361530546076704
1672.6822509765625 0.9999950964920004 0.00017341435524164425
1672.7030639648438 1.0003417687253724 0.0001733519633857983
1672.7239379882812 0.9995869322155267 0.00017342841581963872
1672.7447509765625 0.9998122321209548 0.00017352369569075086
1672.7655639648438 1.0002434133565103 0.00017334399069176613
1672.7864379882812 0.9998457416130709 0.00017352778846879154
1672.8072509765625 1.0001885899214735 0.00017361757998683215
1672.8280639648438 1.000067486524954 0.00017373499161081482
1672.8489379882812 0.9999575876704478 0.00017356290885309447
1672.8697509765625 1.0000732631907987 0.00017357051404185794
1672.8905639648438 0.9999313573263009 0.00017369498532204575
1672.9114379882812 0.9998519604043746 0.0001738783947110449
1672.9323120117188 1.0001234497218683 0.00017356436099202338
1672.953125 1.0002065137072484 0.0001737276997487471
1672.9739379882812 0.9996835334776183 0.00017376109224651512
1672.9948120117188 0.9999845034633106 0.00017345052223261662
1673.015625 0.9998379705221582 0.00017367237238305127
1673.0364379882812 1.0002020952274262 0.00017312760709695525
1673.0573120117188 1.0004886548549015 0.00017316028751500947
1673.078125 0.9996063410289713 0.00017326764741216837
1673.0989379882812 0.9998694478176668 0.00017325866994746643
1673.1198120117188 0.9999969871976971 0.0001730002087107478
1673.140625 1.0000200798189482 0.00017305539281298296
1673.1614379882812 1.0001204376166255 0.00017310989286807715
1673.1823120117188 1.0000239930656418 0.00017302581330410174
1673.203125 0.9998814028276662 0.00017291158530293043
1673.2239379882812 1.000128983662044 0.00017305568715960288
1673.2448120117188 1.00003679822919 0.00017296184048909598
1673.265625 0.9997386513083449 0.00017289876424222633
1673.2864379882812 1.0001198485406286 0.0001728710417162669
1673.3073120117188 1.0000984463335572 0.00017275782866615398
1673.328125 0.9999617987759032 0.0001727780753923279
1673.3489379882812 1.0000776880372975 0.00017274085315982437
1673.3698120117188 0.9997561970521573 0.00017266817651943403
1673.390625 1.0000948338798592 0.000172640520823707
1673.4114379882812 1.0001148243854776 0.0001726423039456362
1673.4323120117188 1.0000315913993922 0.00017253557097312439
1673.453125 0.9999076271197433 0.00017261438724227665
1673.4739379882812 0.999696056456621 0.00017281212232153506
1673.4948120117188 1.0002829133845828 0.00017270110886561808
1673.515625 1.0003502730776117 0.00017295545273888325
1673.5364379882812 0.9997306633387577 0.00017261725686692735
1673.5573120117188 0.9996186009193075 0.00017274842582992551
1673.578125 1.0001422617128877 0.00017296202854195122
1673.5989379882812 1.0001888217839066 0.00017298618197129657
1673.6198120117188 1.0003413315236558 0.00017300291167894442
1673.640625 0.9995902624435977 0.00017299612448282942
1673.6614379882812 0.9999534386419512 0.00017311703063489247
1673.6823120117188 1.0000909187018932 0.00017298455001493472
1673.703125 1.000000167488608 0.00017309201490376327
1673.7239379882812 0.9999672815432862 0.00017330371143040951
1673.7448120117188 1.0000764173456669 0.0001733086823689611
1673.765625 1.000236249297337 0.00017308586217158674
1673.7864379882812 0.9995069063624431 0.00017306328585476726
1673.8073120117188 1.0000550065126914 0.00017325988554613598
1673.828125 1.0001994304233084 0.0001731852036333279
1673.8489379882812 1.0000532450399793 0.00017346968288355847
1673.8698120117188 0.9997801416773751 0.00017332371941910883
1673.890625 1.000111727768221 0.00017331387370505714
1673.9114379882812 1.0002720744875673 0.000173433505411217
1673.9323120117188 0.9998373573589665 0.00017311210211409407
1673.953125 0.9998270735888981 0.0001732373206426479
1673.9739379882812 0.9999182268855609 0.0001730238178739588
1673.9948120117188 1.0000338373319695 0.00017282959052580926
1674.015625 1.000135391761566 0.00017287550152257446
1674.0364379882812 1.000203671111621 0.00017289943358987991
1674.0573120117188 0.9998074952767327 0.00017273586856479827
1674.078125 0.9999954538260727 0.0001726044350395333
1674.0989379882812 0.9998378703105429 0.0001725919642648071
1674.1198120117188 1.000291450742144 0.00017272729682792372
1674.140625 0.9997388814400224 0.00017267924149674458
1674.1614379882812 1.0001978827599185 0.00017252588321526176
1674.1823120117188 0.9999281347680373 0.0001725330002636552
1674.203125 0.9999428216161981 0.00017274424059485435
1674.2239379882812 0.9999617523794131 0.00017267395402218073
1674.2448120117188 1.0001765131697438 0.00017257347237823462
1674.265625 0.9997018121096428 0.0001725254110739921
1674.2864379882812 1.0003160647306113 0.0001725221471099112
1674.3073120117188 0.9998252201370644 0.00017249233634005103
1674.328125 0.9998666114687218 0.00017233084550824108
1674.3489379882812 1.000484714859528 0.00017234231145975732
1674.3698120117188 1.0001931717749217 0.00017229565382514847
1674.390625 1.0008696704278401 0.00017235105878383428
1674.4114379882812 1.0011915775722697 0.00017224186867729015
1674.4323120117188 0.9996491089805839 0.00017236484221058824
1674.515625 0.9981434664798055 0.0001723255411037949
1674.5364379882812 1.0001381736650978 0.00017233190512597462
1674.5573120117188 0.9998080945091172 0.00017224171366210633
1674.578125 1.000135609354923 0.00017245514183960976
1674.5989379882812 0.9999115230930103 0.0001724685008147929
1674.6198120117188 1.0000473936533318 0.00017252749113060546
1674.640625 0.999843175198222 0.00017284302514014666
1674.6614379882812 0.9997064923180585 0.00017260453918321278
1674.6823120117188 1.0001738531219209 0.00017273542602689573
1674.703125 1.0003691588237855 0.00017265787902365516
1674.7239379882812 0.9999779541284469 0.00017276462681977268
1674.7448120117188 0.9998907414703612 0.00017271689200348969
1674.765625 0.9996966681050209 0.0001726483017741708
1674.7864379882812 1.0000814702230267 0.00017266037495547692
1674.8073120117188 1.0002844211177484 0.00017262000085767508
1674.828125 0.9998915355905115 0.0001729028430928907
1674.8489379882812 0.9999730867051599 0.00017282837894660503
1674.8698120117188 0.9999792433900314 0.00017272356043473189
1674.890625 0.9999114402197019 0.00017264426687855854
1674.9114379882812 1.0002342228065748 0.00017259103340569421
1674.9323120117188 0.9998170161942151 0.00017275720218583735
1674.953125 0.9999221610882977 0.00017262301932106277
1674.9739379882812 1.0001286197846302 0.00017250213530051577
1674.9948120117188 1.0000917803186171 0.0001724210593508861
1675.015625 1.0000127541782151 0.00017236289684509346
1675.0364379882812 0.9998037077968563 0.00017231244190020465
1675.0573120117188 0.9998911285683595 0.00017222451088445611
1675.078125 1.0000405893502724 0.00017203043613793866
1675.0989379882812 1.000419446178044 0.00017204187047111617
1675.1198120117188 0.9999027037614194 0.00017197729433574886
1675.140625 0.9997724856807327 0.00017197079075677212
1675.1614379882812 1.0000793377371953 0.00017211489347879509
1675.1823120117188 0.9997899785627106 0.0001719713342335434
1675.203125 1.0003954466050795 0.0001719711422372133
1675.2239379882812 0.999625246317562 0.00017204960375001273
1675.2448120117188 1.0000805277863103 0.00017201458041016008
1675.265625 1.0002560250913992 0.00017186839008496884
1675.2864379882812 0.999832237537959 0.0001721071696049217
1675.3073120117188 1.0000125197610077 0.00017190777868321112
1675.328125 0.9999378836491194 0.0001718558434641821
1675.3489379882812 1.000011790387083 0.00017170090729363716
1675.3698120117188 1.0000772922638757 0.00017179385815145764
1675.390625 0.9999640936545416 0.0001715681730405129
1675.4114379882812 0.9999961413254183 0.0001717100021704215
1675.453125 0.9999833872182626 0.00017165919712182188
1675.4739379882812 1.000034633070942 0.00017188676898624737
1675.4948120117188 1.0000412782322625 0.00017165417437274013
1675.515625 1.0000027730119858 0.00017167858802370737
1675.5364379882812 0.9997392930744428 0.00017177824070673838
1675.5573120117188 1.000188780673823 0.00017181118218006133
1675.578125 1.0000638096591739 0.00017196921786469184
1675.5989379882812 0.9998546523655416 0.00017208675832781537
1675.6198120117188 1.0001581701921176 0.00017218795987236684
1675.640625 1.0000878508301345 0.0001720106596453083
1675.6614379882812 0.9998915490571877 0.00017205551978753978
1675.6823120117188 0.9999391168502108 0.00017212510747599457
1675.703125 0.9997982047042752 0.00017242085997664524
1675.7239379882812 1.0002450452638938 0.00017197457359357564
1675.7448120117188 1.0000132581193935 0.00017206872849856903
1675.765625 0.999799415652477 0.00017198727360156978
1675.7864379882812 1.0003509949007767 0.0001722122511497663
1675.8073120117188 0.9999681344142913 0.000172074987662648
1675.828125 0.9996274689109704 0.00017202535670220542
1675.8489379882812 1.0001509268043578 0.00017231811395077343
1675.8698120117188 1.0002230368707286 0.00017231579670563336
1675.890625 0.9999179995090302 0.00017213319238384593
1675.9114379882812 0.9997693138694584 0.000172092151719433
1675.9323120117188 1.0001791029732108 0.00017205907346675578
1675.953125 0.9998417794427575 0.0001721212025863125
1675.9739379882812 1.0002213538659048 0.000171920289463965
1675.9948120117188 0.999842309004992 0.00017188428146863694
1676.015625 1.0000607836987443 0.00017191700553581055
1676.0364379882812 1.0001728888018226 0.0001718557999631031
1676.0573120117188 0.9998528063683232 0.00017163347711746473
1676.078125 0.9998731132821757 0.00017182509578297293
1676.0989379882812 1.000140071361938 0.00017157296969160318
1676.1198120117188 0.9999389624861011 0.0001715079373399473
1676.140625 0.9999038962836515 0.00017183256791288484
1676.1614379882812 1.0002842359269537 0.00017150614736151433
1676.1823120117188 0.9998390575936591 0.00017148364669552802
1676.203125 1.000105600344312 0.00017153924993380367
1676.2239379882812 0.999752214069569 0.00017143895554327986
1676.2448120117188 0.9998678168036893 0.00017151017160349892
1676.265625 1.0004218526646682 0.0001715241304247277
1676.2864379882812 1.0000035691139835 0.00017155465533255808
1676.3073120117188 1.0001565396737517 0.00017150028432932093
1676.328125 0.9996665820010321 0.00017141209971371669
1676.3489379882812 0.9998035771544774 0.0001715902715907955
1676.3698120117188 0.9999785523923426 0.00017132948766590704
1676.390625 1.000144710891 0.0001711694594774728
1676.4114379882812 1.0001175931052815 0.00017105450210267939
1676.4323120117188 1.0001417608247318 0.00017115650469477325
1676.453125 1.0000082933132362 0.0001710846916348932
1676.4739379882812 1.000140326478662 0.0001712252399655344
1676.4948120117188 0.9995085407454031 0.00017114661617741172
1676.515625 0.9998102891592917 0.00017143724939287655
1676.5364379882812 1.0004230465267658 0.00017138006227989915
1676.5573120117188 1.0000822212150817 0.00017149506127138843
1676.578125 0.999877232684029 0.00017158472218563843
1676.5989379882812 0.9999186654594067 0.00017136721524626017
1676.6198120117188 0.9999953014467861 0.0001713536140625238
1676.640625 1.0001863402606126 0.00017149803158287674
1676.6614379882812 0.9999381201166843 0.0001714887427971494
1676.6823120117188 0.9999052889139293 0.00017181124894116777
1676.703125 1.0000807734473782 0.00017153562938660764
1676.7239379882812 0.9999117803200527 0.000171624746822136
1676.7448120117188 1.0002719924380372 0.0001715821129813766
1676.765625 0.9996678990126552 0.0001716177960750808
1676.7864379882812 0.9999987622583307 0.00017136522388532262
1676.8073120117188 1.0000688941477178 0.00017143452679449527
1676.828125 1.0000617791663664 0.0001714274173494248
1676.8489379882812 1.0001917708562658 0.00017167739055200568
1676.8698120117188 0.999592860273951 0.00017143334582217122
1676.890625 1.0003924057026035 0.00017146232549192816
1676.9114379882812 0.9997076671530347 0.000171541556417835
1676.9323120117188 0.9999981060870747 0.0001715940114393067
1676.953125 1.0001334384263827 0.0001713888641088827
1676.9739379882812 0.9999747586962284 0.0001713461833885624
1676.9948120117188 0.9999939589433443 0.000171282667813566
1677.015625 1.0000939798243789 0.00017126033806810236
1677.0364379882812 0.9998732025944375 0.0001712913497494736
1677.0573120117188 1.0001921134260092 0.0001711627888103165
1677.078125 0.9998325934610854 0.00017105571322974282
1677.0989379882812 0.9995087819718549 0.00017107724195525984
1677.1198120117188 1.0006486871268931 0.000171182603111705
1677.140625 1.0000617175493933 0.00017101659597523077
1677.1614379882812 0.9999905814741402 0.00017096167787170277
1677.1823120117188 0.9996209470519305 0.00017092344933924118
1677.203125 1.0000571585633926 0.0001709441028610087
1677.2239379882812 1.0001317802045628 0.00017106470478364257
1677.2448120117188 1.0000295118013784 0.0001709672093902264
1677.265625 0.9999344369772243 0.0001708997891088279
1677.2864379882812 0.9999691169387327 0.00017084480106721483
1677.3073120117188 0.9999909087946645 0.00017113744944170979
1677.328125 1.0001618450582526 0.0001709879627250157
1677.3489379882812 1.0000408346084741 0.0001708811758951663
1677.3698120117188 1.0000179212601061 0.00017079874549281
1677.390625 0.9997228241719838 0.00017066325493749114
1677.4114379882812 0.9999762875944627 0.00017089467154281216
1677.4323120117188 1.000159381349509 0.00017086931967915376
1677.453125 1.0000320607088982 0.00017054243755394716
1677.4739379882812 0.999931538740903 0.00017066929916199195
1677.4948120117188 0.9999684161132323 0.0001705329258781554
1677.515625 0.9999324241496885 0.00017057110610865865
1677.5364379882812 1.0002185497353178 0.0001706456721014969
1677.5573120117188 0.9998175354726975 0.000170681968591737
1677.578125 1.0001309549257356 0.00017089559223847618
1677.5989379882812 1.0000739372551004 0.0001707953888582661
1677.6198120117188 1.0000034009182819 0.0001707385769719114
1677.640625 0.9998958813441603 0.00017075611505260838
1677.6614379882812 0.999961901854345 0.00017102687076475187
1677.6823120117188 0.9998201523318635 0.00017084666858944276
1677.703125 1.0003316722404338 0.00017083968509382487
1677.7239379882812 0.9997746874182215 0.0001707377487844559
1677.7448120117188 0.9999943823052643 0.00017075368859179225
1677.765625 0.9999974252596745 0.00017077756715267627
1677.7864379882812 1.0002613368075923 0.0001707236780335433
1677.8073120117188 1.0000189536780026 0.0001707255895345114
1677.828125 0.9996418019220209 0.00017075738595796291
1677.8489379882812 1.0002718654087175 0.00017073645324155364
1677.8698120117188 0.9999235948035657 0.00017106906440375166
1677.890625 0.9999173876752651 0.00017070339590324614
1677.9114379882812 1.0001573338287044 0.00017075804702439408
1677.9323120117188 0.9998679203961837 0.00017071858246248115
1677.953125 0.9998987813684874 0.0001707706702044148
1677.9739379882812 1.0000747200225144 0.0001705584798210625
1677.9948120117188 1.0001333272361836 0.0001705707016322966
1678.015625 0.9999084311480718 0.0001706692777238679
1678.0364379882812 1.0000436102848018 0.00017061934963435638
1678.0573120117188 1.0002608810262157 0.00017066372015599518
1678.078125 0.9995935220247472 0.00017065602167795673
1678.0989379882812 1.0002140126557646 0.00017058844220570248
1678.1198120117188 0.9998856706679988 0.00017065116790540075
1678.140625 0.999999492030269 0.00017058217524764047
1678.1614379882812 0.9997920742191869 0.00017065048212850308
1678.1823120117188 1.000321043733402 0.00017053446826729638
1678.203125 0.9998904081784009 0.00017049887097392416
1678.2239379882812 1.0000993622599588 0.00017048565026333776
1678.2448120117188 0.9999852947586921 0.0001705092588758434
1678.265625 0.9998133683701227 0.00017089479664804128
1678.2864379882812 1.0003101903424754 0.00017043746189524054
1678.3073120117188 0.9996872247682301 0.00017037613420525476
1678.328125 1.0000439233337353 0.00017040452380780795
1678.3489379882812 1.0002546331210862 0.00017032341279167405
1678.3698120117188 0.9997288805581289 0.00017030800140360264
1678.390625 1.0001600180373218 0.00017058623662349017
1678.4114379882812 0.9999741162564162 0.0001703880612752046
1678.4323120117188 0.9998346517039006 0.00017035741144302353
1678.453125 1.0001205745930641 0.00017044570302295696
1678.4739379882812 0.9999993370871432 0.0001703223660172987
1678.4948120117188 1.0000905647944114 0.000170193308200418
1678.515625 0.9998218252586765 0.00017024594536005843
1678.5364379882812 1.0003297212539373 0.0001703362486408649
1678.5573120117188 0.9997921320852231 0.0001704052177261207
1678.578125 0.9999784291460361 0.00017048982364945613
1678.5989379882812 0.9998130987332212 0.0001704771054000323
1678.6198120117188 1.0002808866584914 0.00017043419078192356
1678.640625 0.9998612548356145 0.00017049343302329164
1678.6614379882812 0.9999920287511304 0.0001703988283271986
1678.6823120117188 0.9999211309055316 0.0001704152222776917
1678.703125 1.0001441721858106 0.00017050964385194458
1678.7239379882812 1.0003133638935056 0.00017038538395498998
1678.7448120117188 0.999613136982552 0.0001707109149088536
1678.765625 1.0001568713170002 0.00017044294095998604
1678.7864379882812 0.999770541326399 0.0001704198169346851
1678.828125 1.0000158302972713 0.00017037843232729392
1678.8489379882812 1.0001887237486353 0.00017031478373257314
1678.8698120117188 0.9997638060678087 0.0001704404135204718
1678.890625 1.0003301348322533 0.00017063348711785444
1678.9114379882812 0.9997911287606588 0.00017030783565024103
1678.9323120117188 1.0000629516030568 0.00017048674189426243
1678.953125 1.0000218995768404 0.00017024832139425947
1678.9739379882812 1.0000071921458864 0.00017027110340089133
1678.9948120117188 0.9998026967335262 0.00017036752004255008
1679.015625 1.0001186586987951 0.00017027557446847288
1679.0364379882812 1.0002747323924082 0.00017017269338305742
1679.0573120117188 0.9997219477472578 0.00017019928171826024
1679.078125 0.9999243156456623 0.0001701618319584188
1679.0989379882812 0.9999597805668669 0.000170221723152531
1679.1198120117188 1.0002444333788854 0.0001701379867292115
1679.140625 0.9998215969356062 0.0001701149182662707
1679.1614379882812 1.0001692285987598 0.00017019027784832304
1679.1823120117188 0.9999141008724161 0.00017001447960780515
1679.203125 1.0001188220472776 0.0001702098825244126
1679.2239379882812 0.9998267398454977 0.00017018224055649682
1679.2448120117188 1.0003520752009445 0.00017015877695807433
1679.265625 0.9996751878226641 0.00017007364341117994
1679.2864379882812 0.9997483754790731 0.0001700360383446837
1679.3073120117188 1.0000814562023006 0.0001701276846639843
1679.328125 1.00005072295018 0.00017011966463636132
1679.3489379882812 1.000471835615244 0.00017004335803933346
1679.3698120117188 0.9998412949484095 0.00017013506479094664
1679.390625 0.9996317743120534 0.00016998667071654985
1679.4114379882812 1.000246484024848 0.0001698688193150203
1679.4322509765625 1.0000485147251597 0.00016984640735221617
1679.4530639648438 0.99986764515358 0.00016992742754711463
1679.4739379882812 1.000101780343744 0.00016994145209567186
1679.4947509765625 0.9998897542859713 0.00016986288882954936
1679.5155639648438 0.9998008715425335 0.0001701055528863556
1679.5364379882812 1.000169407883757 0.0001698714524772114
1679.5572509765625 1.000292010867593 0.00016985147448133717
1679.5780639648438 0.9997582152724077 0.00016991644327838513
1679.5989379882812 1.0002458337002937 0.00016990936024124074
1679.6197509765625 0.9997665642379046 0.00017000965702072528
1679.6405639648438 0.9999713354324322 0.00016991650438178706
1679.6614379882812 1.0000103414918973 0.00016980577024149383
1679.6822509765625 0.9999936824352597 0.00016987782560303217
1679.7030639648438 0.9999289007587452 0.00016966503033031624
1679.7239379882812 1.000196952494393 0.00016976014668276918
1679.7447509765625 0.9998905583355884 0.00016957624339056568
1679.7655639648438 1.0000253074142236 0.0001696276549724454
1679.7864379882812 1.0000437791368748 0.00016953616266429704
1679.8072509765625 1.0000210440424486 0.00016963196305890628
1679.8280639648438 0.999773577693335 0.00016959478409113343
1679.8489379882812 1.000161905885024 0.00016986236933208706
1679.8697509765625 1.0000172469876738 0.00016974590333621248
1679.8905639648438 1.0000915556039771 0.0001695643978132615
1679.9114379882812 0.9998763262531237 0.00016996184241000988
1679.9322509765625 0.9999827471206449 0.00016962445678370797
1679.9530639648438 1.0000912217747413 0.0001696791589660444
1679.9739379882812 1.0000535574908165 0.00016975059365019384
1679.9947509765625 0.9995594771461495 0.0001696690909839839
1680.0155639648438 1.000257801082377 0.0001695535538614222
1680.0364379882812 1.0001374353331605 0.00016962677647397266
1680.0572509765625 1.000078166396702 0.00016958815991237818
1680.0780639648438 1.0000170547286298 0.0001695228816614898
1680.0989379882812 0.9996505330207701 0.00016959832646739186
1680.1197509765625 1.0000571891312822 0.00016969028393370048
1680.1405639648438 1.0002585019033787 0.00016962633228900467
1680.1614379882812 1.0000103897862793 0.0001696582267585798
1680.1822509765625 0.9997648216629483 0.00016951086671937953
1680.2030639648438 0.999896392301766 0.0001696511161492406
1680.2239379882812 1.0001096428116352 0.00016950257713036884
1680.2447509765625 1.0003983041954867 0.0001697480809767321
1680.2655639648438 0.999569155054879 0.00016961036299971974
1680.2864379882812 1.0001129658309205 0.00016959592843907937
1680.3072509765625 1.0001742858808271 0.00017006239767655546
1680.3280639648438 0.9998580630579708 0.0001696516941380288
1680.3489379882812 0.9998041254800214 0.00017009567154694093
1680.3697509765625 1.0002003612078698 0.0001697846146425495
1680.3905639648438 0.9999086441303112 0.00016963570796896978
1680.4114379882812 0.9999367941145779 0.00016963115795942693
1680.4322509765625 1.0000436239525483 0.00016983048590165934
1680.4530639648438 1.0005051494385575 0.0001695813025561419
1680.4739379882812 0.9997292572645129 0.00016956798046680716
1680.4947509765625 0.9995971975282443 0.000169721387305264
1680.5155639648438 1.0000051479256575 0.00016959591690856435
1680.5364379882812 1.0002681285630681 0.00016965587826117497
1680.5572509765625 0.9999544446215789 0.00016971596639186662
1680.5780639648438 1.000273474406429 0.00016963251380913477
1680.5989379882812 0.9998567681118778 0.00016962328039319075
1680.6197509765625 0.9998687456421794 0.00016977196147900694
1680.6405639648438 0.9997921864624979 0.00016971809373128347
1680.6614379882812 1.0001797460412238 0.00016958533415915977
1680.6822509765625 1.0001392074996232 0.00016988576008692902
1680.7030639648438 0.9999302078559652 0.00016977941552304653
1680.7239379882812 1.0000517798560862 0.00016983671872233567
1680.7447509765625 0.9999319130776657 0.0001697080908078926
1680.7655639648438 0.9998628894362622 0.00016966025374006436
1680.7864379882812 1.0001326779543243 0.00016960832624316694
1680.8072509765625 0.999957900456995 0.0001695256303915449
1680.8280639648438 1.0002817879370802 0.00016976169722556154
1680.8489379882812 0.9996339143252371 0.00016955186159511827
1680.8697509765625 0.9999781608597538 0.00016970839002978708
1680.8905639648438 1.0002671365710343 0.0001697986151306185
1680.9114379882812 0.9998746356480127 0.00016968276897844808
1680.9322509765625 1.000204038239724 0.00016956285921706512
1680.9530639648438 0.9997373361116105 0.00016964893056887174
1680.9739379882812 0.9998081281181715 0.00016957171718843023
1680.9947509765625 1.0002996612567758 0.00016964198018038006
1681.0155639648438 1.000247216721215 0.0001697214833382077
1681.0364379882812 0.9997162885720354 0.0001697323681782265
1681.0572509765625 0.9998970654880276 0.00016954441005408207
1681.0780639648438 0.9998136885322144 0.00016980598294465458
1681.0989379882812 1.0005267385065897 0.0001697048599149243
1681.1197509765625 0.9998818704428645 0.00016957396679689827
1681.1405639648438 0.9996501880864194 0.00016965316760760406
1681.1614379882812 1.0002080651066902 0.0001696038660557198
1681.1822509765625 1.0000186259267114 0.00016957128373662798
1681.2030639648438 1.0000671931878558 0.0001698816755441917
1681.2239379882812 1.000094059700539 0.000169611071579952
1681.2447509765625 0.9998628135076989 0.0001696972190694973
1681.2655639648438 0.9998746192470755 0.0001695501450779651
1681.2864379882812 0.9998726135253084 0.00016962520521547706
1681.3072509765625 1.0002596007318696 0.00016962452325699673
1681.3280639648438 1.0002084846004655 0.00016966775497727425
1681.3489379882812 0.9997514273929632 0.0001695125388770671
1681.3697509765625 0.9997864690227657 0.00016947134629573084
1681.3905639648438 1.000316742820706 0.0001698041868479942
1681.4114379882812 0.9998518629295469 0.000169475887736214
1681.4322509765625 1.000161794613836 0.0001694267490887997
1681.4530639648438 1.000070842837968 0.0001695349572939219
1681.4739379882812 0.9995998944398385 0.0001696422590909931
1681.4947509765625 1.0001711286419148 0.0001697359702873168
1681.5155639648438 1.0000940533287088 0.00016991773057608488
1681.5364379882812 0.9998472566782954 0.00016965916392362086
1681.5572509765625 1.0002775443552603 0.00016961012439352881
1681.5780639648438 0.999793692875262 0.0001698182692091142
1681.5989379882812 1.0001374257284614 0.00016964320447257134
1681.6197509765625 1.0000294349431829 0.0001697484765632146
1681.6405639648438 0.9997484679286451 0.00016965881995807525
1681.6614379882812 0.9999958352144309 0.00016971211960431612
1681.6822509765625 1.0000328794478361 0.00016980583515175475
1681.7030639648438 1.000270508239186 0.00016971367890289272
1681.7239379882812 0.9996344461850424 0.00016990690998881338
1681.7447509765625 1.000211837828568 0.00016968828382505334
1681.7655639648438 1.0001872110623047 0.00016969191562761374
1681.7864379882812 0.9997121314137254 0.00016964135369026091
1681.8072509765625 1.000153738877031 0.0001698849827446774
1681.8280639648438 0.9997544142593647 0.0001698096805684333
1681.8489379882812 1.0001923282645127 0.00016972208204266858
1681.8697509765625 0.9999550857650575 0.00016987910284437451
1681.8905639648438 1.0000593819718222 0.00016981038431526755
1681.9114379882812 0.9999757402992453 0.0001697300466691329
1681.9322509765625 0.9999553422136335 0.00016969283077503594
1681.9530639648438 1.000082122790138 0.00016998319827900976
1681.9739379882812 0.9999205628616423 0.00016980769863859775
1681.9947509765625 0.999969738790242 0.00016988644557999554
1682.0155639648438 1.0002701118085795 0.00016979902111578161
1682.0364379882812 0.9998261486598969 0.00016982247242605715
1682.0572509765625 1.000074407619839 0.00016995430453622834
1682.0780639648438 0.9998769718275272 0.00016997528717831555
1682.0989379882812 0.999766714240015 0.00016972705172417222
1682.1197509765625 0.9996771048860338 0.00016980164555184304
1682.1405639648438 1.0006624806378581 0.0001699786197127978
1682.1614379882812 1.000384347084204 0.00016988273847964142
1682.2030639648438 0.9997980980544023 0.00017018968577886523
1682.2239379882812 0.999526381073903 0.00016984940049447061
1682.2447509765625 1.0001101964474544 0.0001699018045838547
1682.2655639648438 0.9999754407507364 0.00016981692704226605
1682.2864379882812 0.9998031329339487 0.00016982838453727492
1682.3072509765625 1.0002210220694348 0.00017014013623710403
1682.3280639648438 0.9999962232842288 0.00017020645104858865
1682.3489379882812 0.9999996761821853 0.00017002811609842893
