time flux flux_err
1325.3253784179688 0.9999244156562878 0.00016020367795854603
1325.34619140625 1.000229007815375 0.00016055956377986785
1325.3670043945312 0.9996553429284084 0.0001608110864973637
1325.3878784179688 1.0003727797354391 0.0001610223256505267
1325.40869140625 0.9998008070210472 0.00016116230206434967
1325.4295043945312 0.999941377491969 0.00016128663033305944
1325.4503784179688 1.0002031208112274 0.00016142188299741577
1325.47119140625 0.9998138196382045 0.00016154034727562118
1325.4920043945312 1.000188235120741 0.00016173691159095463
1325.5128784179688 0.9998668176057949 0.00016186572598308723
1325.53369140625 0.9998334033800399 0.00016205976266329294
1325.5545043945312 1.0000633811213124 0.00016230866920527285
1325.5753784179688 1.0000907811544748 0.00016245882544535804
1325.59619140625 1.00034143901239 0.00016262615587850677
1325.6170043945312 0.9996539629937691 0.00016270257754317979
1325.6378784179688 0.9998763581426854 0.00016274419804477571
1325.65869140625 1.0001685665945874 0.00016274692448069145
1325.6795043945312 0.9999737173086877 0.0001628117558703742
1325.7003784179688 1.000071652852568 0.00016284269055337383
1325.72119140625 0.9998651911622869 0.00016294737380786236
1325.7420043945312 1.0002291252216027 0.00016311580566791305
1325.7628784179688 0.9998375532503638 0.00016324295020648838
1325.78369140625 0.9999880540009848 0.00016344328547968068
1325.8045043945312 0.9998504145545459 0.0001635870684831308
1325.8253784179688 1.0000967574203388 0.00016368615626890845
1325.84619140625 1.0000665186179136 0.0001637644818961355
1325.8670043945312 0.9999710110766056 0.00016373573982828948
1325.8878784179688 1.000202508966653 0.0001636455879573686
1325.90869140625 0.9998351289775806 0.00016358776459134765
1325.9295043945312 1.000058993585147 0.000163535717255883
1325.9503784179688 0.99981078904673 0.00016354011986522384
1325.97119140625 1.0001287382188109 0.00016354708249752557
1325.9920043945312 1.0001442236058458 0.00016366347086547902
1326.0128784179688 0.9999196883174781 0.0001637713616532947
1326.03369140625 0.9997018003529412 0.00016391027675894166
1326.0545043945312 1.0001959710758013 0.0001639518884955755
1326.0753784179688 1.0001160206860007 0.00016404354282019572
1326.09619140625 0.9999279683918273 0.0001640684671925965
1326.1170043945312 1.0000716522277504 0.00016410934646310266
1326.1378784179688 0.99976146291947 0.00016415074633540153
1326.15869140625 1.0001765433921421 0.00016417233192989394
1326.1795043945312 1.0000179344953306 0.00016415282588419177
1326.2003784179688 0.9999468866386427 0.00016417671038035413
1326.22119140625 0.9998529016442469 0.0001641399602980609
1326.2420043945312 1.0002094741819858 0.00016420175354656696
1326.2628784179688 0.9999419228224522 0.00016419317499165762
1326.28369140625 1.0002742495173889 0.0001642108408498815
1326.3045043945312 0.9997977568236528 0.00016421643502644256
1326.3253784179688 0.9997990371762878 0.0001642574633268636
1326.34619140625 1.0000759802729369 0.0001643621568040612
1326.3670043945312 1.0000828056835864 0.0001644056985986828
1326.3878784179688 0.9999789913995731 0.00016446372941705367
1326.40869140625 0.9999282840061434 0.00016454465702693292
1326.4295043945312 1.0001329810316013 0.00016461423941156375
1326.4503784179688 0.999965686129997 0.00016467532806895506
1326.47119140625 1.0000877877163654 0.00016475462806661968
1326.4920043945312 0.9999005612236277 0.00016480604157025492
1326.5128784179688 0.9998376026614816 0.00016488387797894367
1326.53369140625 0.9999151916170325 0.00016500421491600294
1326.5545043945312 1.0003925656476012 0.00016513862176566207
1326.5753784179688 0.9999267739338297 0.00016518037239646248
1326.59619140625 0.9999651952318428 0.00016521653282863976
1326.6170043945312 0.9998887670406648 0.00016525727128755314
1326.6378784179688 0.99982818117947 0.00016529326187182138
1326.65869140625 1.0003056721500991 0.0001652711406573387
1326.6795043945312 0.9999960680138763 0.00016521905809422334
1326.7003784179688 1.0000381536132341 0.00016515382891033506
1326.72119140625 0.9999328371739413 0.00016507672593177745
1326.7420043945312 0.9999523323557526 0.00016506170076446562
1326.7628784179688 1.000119790311863 0.00016501063645613296
1326.78369140625 0.9999351346430796 0.00016499183812670171
1326.8045043945312 0.9997919052240682 0.00016500125258764108
1326.8253784179688 0.9998895007452032 0.00016502073433175685
1326.84619140625 1.0003432180600198 0.00016503550608787287
1326.8670043945312 0.9998975868102684 0.00016493711528698852
1326.8878784179688 1.0001861695729963 0.00016485464542635004
1326.90869140625 0.9998709281236546 0.0001646388324211658
1326.9295043945312 1.0000375429555752 0.00016445285240554862
1326.9503784179688 1.000033587157173 0.00016427803724535715
1326.97119140625 0.9997068763217566 0.00016410360177204203
1326.9920043945312 1.00009995560564 0.00016401300742453488
1327.0128784179688 1.0001803642986506 0.00016395280492295279
1327.03369140625 1.0000754982768312 0.0001639248002932872
1327.0545043945312 0.9997620224280468 0.00016394103433458525
1327.0753784179688 0.9998535669114249 0.00016397021894767376
1327.09619140625 1.0002650613653878 0.00016403352305532023
1327.1170043945312 1.0000243001607623 0.0001640709911683936
1327.1378784179688 1.0000606084387 0.00016405793060167662
1327.15869140625 0.9993049635588169 0.00016405042164278734
1327.1795043945312 0.9999766366654605 0.00016402939114670698
1327.2003784179688 0.9996456039223688 0.00016390839271319678
1327.22119140625 1.0002678553429738 0.000163877830886797
1327.2420043945312 0.9999571039707565 0.00016379193162850808
1327.2628784179688 1.0001487282802877 0.00016367172280136745
1327.28369140625 0.9998847648022673 0.0001635090668627541
1327.3045043945312 0.9999949629119945 0.0001634418524134393
1327.3253784179688 0.9999238596206355 0.00016339980075712077
1327.34619140625 1.0001184613021457 0.00016338430203601648
1327.3670043945312 0.9997683981391873 0.00016336822357793
1327.3878784179688 1.0002506584807238 0.00016334771032306948
1327.40869140625 1.0002141671187428 0.0001633828075534357
1327.4295043945312 0.9996887193870676 0.00016340259923535778
1327.4503784179688 0.9998668719757515 0.00016347151150394125
1327.47119140625 1.0001717343756307 0.00016354590421438153
1327.4920043945312 0.9999689933822377 0.00016360069395578603
1327.5128784179688 1.00016494605127 0.0001637185709663819
1327.53369140625 0.9997270702628342 0.00016376841190246906
1327.5545043945312 1.0001825719724668 0.00016392254815282317
1327.5753784179688 0.9999156860467698 0.00016403194056784778
1327.59619140625 0.9998508479940511 0.00016409954322091965
1327.6170043945312 1.0004083821958696 0.00016411544664219138
1327.6378784179688 0.9998311204842083 0.00016404034704615265
1327.65869140625 0.9999671380839616 0.00016403190403957465
1327.6795043945312 0.999821001220677 0.00016403070431657323
1327.7003784179688 1.0001736948878532 0.00016398995517004074
1327.72119140625 0.9999064216501938 0.00016396782831176908
1327.7420043945312 1.0001040465282542 0.00016397220120185598
1327.7628784179688 1.0001420264389522 0.00016396083766246323
1327.78369140625 0.9998496157276279 0.00016392993192880184
1327.8045043945312 1.000007998496476 0.0001638946049047049
1327.8253784179688 0.999872922859693 0.00016387589092441227
1327.8670043945312 1.0000699507042838 0.00016372864816864127
1327.8878784179688 0.9999768619447419 0.00016364545513714043
1327.90869140625 1.0000403837720424 0.0001635161634438162
1327.9295043945312 0.9999823673456473 0.00016338599642291894
1327.9503784179688 1.0000093287581806 0.00016326312077651883
1327.97119140625 1.0001829785588605 0.0001631746278836988
1327.9920043945312 0.9998768168490875 0.00016308168580828975
1328.0128784179688 1.0001476669169758 0.00016301659318476716
1328.03369140625 0.9996696286612311 0.00016298569894631913
1328.0545043945312 1.0000770611215797 0.00016296617437838452
1328.0753784179688 0.9998731335764826 0.00016301440451544367
1328.09619140625 1.0000769044237876 0.00016302553187120836
1328.1170043945312 1.0003157114472734 0.00016304200081368786
1328.1378784179688 0.9999133506107868 0.00016302154826091614
1328.15869140625 0.9999628122155229 0.00016299266138550752
1328.1795043945312 0.9998446959416712 0.00016297731115569097
1328.2003784179688 0.999851504684858 0.00016293176166614446
1328.22119140625 1.000381702761174 0.00016289882585933065
1328.2420043945312 0.9999796363688038 0.00016284174013120943
1328.2628784179688 0.9997581622747439 0.00016277343799582736
1328.28369140625 0.9999394587735931 0.00016272900326003178
1328.3045043945312 1.0003385905434659 0.00016268480617272546
1328.3253784179688 1.0000029502032228 0.00016262837172547286
1328.34619140625 0.9997143812146269 0.0001625866455722603
1328.3670043945312 1.00006531338919 0.00016257793886846923
1328.3878784179688 1.0000062387531226 0.00016259054320743335
1328.40869140625 1.0001222643206384 0.00016257976494919949
1328.4295043945312 1.000146836173534 0.00016259473910959794
1328.4503784179688 0.9996517876998214 0.0001625906031908942
1328.47119140625 0.9998180482814711 0.0001625950675027769
1328.4920043945312 1.0002824478926018 0.00016264748506683883
1328.5128784179688 0.9999868677934978 0.00016271396525558633
1328.53369140625 1.000216417561163 0.00016283087218101254
1328.5545043945312 0.9997919961552059 0.00016288904728184485
1328.5753784179688 1.0001436521446379 0.00016299624112478095
1328.59619140625 0.9998979466353806 0.0001630574554043933
1328.6170043945312 0.9998622092779199 0.00016311197445613402
1328.6378784179688 1.0001412893843198 0.00016309277242198568
1328.65869140625 1.0000518533856095 0.00016307247506416753
1328.6795043945312 1.0000228136623155 0.00016306752989065772
1328.7003784179688 0.9997459968931336 0.00016302824940820474
1328.72119140625 1.0001833829047744 0.00016306019972312915
1328.7420043945312 0.9998699774219767 0.00016306622113940132
1328.7628784179688 1.0002899872555693 0.00016308793396644692
1328.78369140625 0.9998907800970136 0.00016308941045425256
1328.8045043945312 0.9998067072482351 0.00016305775979868632
1328.8253784179688 1.0000351153073512 0.00016303485950808309
1328.84619140625 1.0000299785490208 0.00016302503072153373
1328.8670043945312 1.0000892226955558 0.00016297916203379648
1328.8878784179688 1.0000319616520086 0.0001628969141661385
1328.90869140625 1.0001368746843584 0.00016279779772831592
1328.9295043945312 0.9995165803428968 0.0001627100994684699
1328.9503784179688 1.0001359336570363 0.0001626685163824337
1328.97119140625 1.0002356349166637 0.0001625726633891446
1328.9920043945312 1.0001229179167737 0.00016252407979105938
1329.0128784179688 0.9998067967184565 0.00016246010198930772
1329.03369140625 0.9999067554882959 0.00016242619458845735
1329.0545043945312 1.0000322692649966 0.0001624403817560758
1329.0753784179688 1.0000126518624928 0.0001624760344494203
1329.09619140625 1.0001582263263316 0.00016253111387579163
1329.1170043945312 0.9999390905208515 0.00016253795428706664
1329.1378784179688 0.9996996096633689 0.00016253252184737036
1329.15869140625 1.0000741396417454 0.00016255765893192763
1329.1795043945312 1.0001874355470386 0.00016260117910479605
1329.2003784179688 1.0001355367287876 0.00016257626302432267
1329.22119140625 0.9999561406455 0.00016256371831331249
1329.2420043945312 0.9999297465847868 0.00016252334612008317
1329.2628784179688 0.9998189768442298 0.0001625124001295649
1329.28369140625 1.0000600096301695 0.00016247410299762032
1329.3045043945312 0.9999536175182308 0.00016241233182415752
1329.3253784179688 1.0002636965399099 0.0001623664326635324
1329.34619140625 0.9997759258967136 0.00016227556603748568
1329.3670043945312 1.000018502167781 0.00016225652603493154
1329.3878784179688 1.0002499575888693 0.00016228816374265498
1329.40869140625 0.9999737017769238 0.00016223513424405516
1329.4295043945312 0.9998410826765969 0.00016227453671561971
1329.4503784179688 0.9998313084339151 0.00016225179436767188
1329.47119140625 0.9998112159078699 0.00016227058390866326
1329.4920043945312 1.0003661760094813 0.00016231912556822608
1329.5128784179688 0.9999730180525119 0.00016235132019695668
1329.53369140625 1.0003460741443289 0.00016242395898460332
1329.5545043945312 0.9998295181292413 0.00016249147668431397
1329.5753784179688 0.9998471267506078 0.0001625770086740129
1329.59619140625 0.9998274849280893 0.00016260616523125387
1329.6170043945312 0.9998838044361626 0.00016266054484400546
1329.6378784179688 1.000156362642585 0.0001626815989230644
1329.65869140625 1.0003495171162955 0.00016265875364303084
1329.6795043945312 0.9998216925541972 0.00016264797757325214
1329.7003784179688 0.9999821948053536 0.00016264512490188804
1329.72119140625 1.0000962569322567 0.0001626587742368517
1329.7420043945312 0.999801935914558 0.00016264489162638265
1329.7628784179688 0.9999557571361091 0.0001626713319298312
1329.78369140625 1.0001937477771028 0.00016267694777239916
1329.8045043945312 0.9998330764456378 0.00016264200713403995
1329.8253784179688 1.0000452244338138 0.0001626214058412746
1329.84619140625 1.0001686299890835 0.00016260661330154793
1329.8670043945312 0.9999954273155068 0.00016255860559829163
1329.8878784179688 1.0000178093120626 0.00016251196959870095
1329.90869140625 0.9999193985733772 0.0001624242939198742
1329.9295043945312 1.000017362878115 0.000162377677863334
1329.9503784179688 1.0001140538198037 0.0001622684482943113
1329.97119140625 0.9996705007671443 0.0001621730947781366
1329.9920043945312 0.9998683986535087 0.0001621059581380043
1330.0128784179688 0.9997729901354386 0.00016210546289985712
1330.03369140625 1.0000562983854737 0.00016217310850037223
1330.0545043945312 0.9997859434466966 0.00016215718422644352
1330.0753784179688 1.0001803020857007 0.00016220095084904638
1330.09619140625 0.9999749479828379 0.00016218210968149788
1330.1170043945312 1.000153967705078 0.00016220600423081996
1330.1378784179688 1.0002113283982899 0.00016220063864424685
1330.15869140625 1.0000281182469295 0.0001622193421027457
1330.1795043945312 0.9996732295547471 0.00016220917841265514
1330.2003784179688 0.9998472281020739 0.00016221427378620553
1330.22119140625 0.9999443072806679 0.00016222630816216626
1330.2420043945312 1.0005179635632995 0.00016225368083097185
1330.2628784179688 0.9999377223771727 0.00016215219076850772
1330.28369140625 0.9999611266651244 0.00016211156831397194
1330.3045043945312 0.999800171573301 0.00016206034080820843
1330.3253784179688 0.9999009409614249 0.00016199435847079896
1330.3670043945312 1.00011436498545 0.0001619298823003026
1330.3878784179688 1.0002460243880502 0.0001619148168950179
1330.40869140625 0.9998016061344877 0.0001618779536601758
1330.4295043945312 1.000127172394248 0.00016191220363799997
1330.4503784179688 0.9997722870630137 0.00016190056848353992
1330.47119140625 1.0001292442880805 0.00016191522048961053
1330.4920043945312 0.9999456872797212 0.00016192667280995397
1330.5128784179688 0.9999475295267691 0.00016198542509926863
1330.53369140625 0.9999983809320044 0.00016202202169190525
1330.5545043945312 1.0000953471917027 0.00016209727748889215
1330.5753784179688 0.9999549087979496 0.00016218074144657297
1330.59619140625 1.0000397478780043 0.00016224482893221318
1330.6170043945312 1.000246602949151 0.00016230709635379215
1330.6378784179688 0.9999998416337628 0.00016235030918098728
1330.65869140625 0.9996021373118187 0.00016233169141832238
1330.6795043945312 0.9996849998308641 0.000162342330933723
1330.7003784179688 1.0004882058778704 0.00016237368305923222
1330.72119140625 1.0001257837364765 0.00016235061049560496
1330.7420043945312 0.9999622082432487 0.00016232684451315542
1330.7628784179688 0.9999715176698329 0.0001622784874134766
1330.78369140625 0.99980839334478 0.00016230369742135654
1330.8045043945312 1.000061695790136 0.00016230725588443294
1330.8253784179688 0.9999609921829389 0.00016229387528662802
1330.84619140625 1.0002046419019104 0.00016229935444228032
1330.8670043945312 0.9998490063014975 0.00016226483769955265
1330.8878784179688 1.0000459381415039 0.00016224684745349906
1330.90869140625 1.0001368095382237 0.0001622023663234544
1330.9295043945312 0.999803230925681 0.00016215329371234132
1330.9503784179688 0.9999748766113811 0.0001621185078329654
1330.97119140625 0.999927038866053 0.0001620864787633976
1330.9920043945312 1.000131524181636 0.00016203490984451023
1331.0128784179688 1.0001885827237984 0.00016203910180765695
1331.03369140625 0.9997944505882627 0.00016199914604038472
1331.0545043945312 1.0000399552493713 0.000162023842830448
1331.0753784179688 0.9999426175450801 0.00016200809146865041
1331.09619140625 0.9999866259867708 0.00016202416871206781
1331.1170043945312 1.000000089113486 0.00016205622277776167
1331.1378784179688 1.0000905428807978 0.0001620692656011552
1331.15869140625 1.0002140660122338 0.00016210756205985592
1331.1795043945312 0.99961667385864 0.00016212951884268475
1331.2003784179688 1.000118358241717 0.00016213871329914085
1331.22119140625 1.0000897012995678 0.00016215993495528067
1331.2420043945312 0.9999000099338483 0.0001621066177750637
1331.2628784179688 1.0000492789932192 0.000162098762450367
1331.28369140625 0.9999312825995823 0.00016203964158176734
1331.3045043945312 1.0000250954529786 0.00016197211519320271
1331.3253784179688 0.9999193196939563 0.00016191606012245732
1331.34619140625 0.9998796814490482 0.00016185714304735397
1331.3670043945312 1.0004900507665029 0.00016186363828019117
1331.3878784179688 1.0001215701997819 0.0001618227823615724
1331.40869140625 0.9994970687721775 0.00016177153364617587
1331.4295043945312 0.9999161619274857 0.00016175524272281762
1331.4503784179688 1.0001293722546118 0.0001617823381983575
1331.47119140625 1.000081616634903 0.0001617819195035561
1331.4920043945312 1.0000376052225384 0.0001618201917993698
1331.5128784179688 0.999895970367767 0.00016182852749561886
1331.53369140625 1.0000522798518978 0.00016194049509931163
1331.5545043945312 1.0001752256525709 0.0001619937015272045
1331.5753784179688 0.9998576189356783 0.0001620539615733082
1331.59619140625 0.9999023053855337 0.00016214576292622405
1331.6170043945312 1.0000385949808153 0.00016223674012520503
1331.6378784179688 1.0000760953242889 0.00016228690695631976
1331.65869140625 0.9998313921788377 0.00016231109132526885
1331.6795043945312 0.9999924852979292 0.00016234468187705737
1331.7003784179688 1.0001873902799625 0.00016236453945218926
1331.72119140625 1.0000751931298526 0.00016236428738114345
1331.7420043945312 0.9999848390508279 0.00016234731235127944
1331.7628784179688 0.9998505279509551 0.00016235446617861348
1331.78369140625 0.9998510763506291 0.0001623405495418585
1331.8045043945312 1.0001183061039047 0.0001623567599436461
1331.8253784179688 1.0001351174049677 0.00016239961469353132
1331.84619140625 0.9999257596548539 0.00016238207957547826
1331.8670043945312 1.0001347367745266 0.00016236876585088952
1331.8878784179688 0.9998718715309015 0.00016237479639258796
1331.90869140625 0.9999421404832542 0.00016235138561002265
1331.9295043945312 1.0000452850859038 0.00016236414104848847
1331.9503784179688 1.0000296790796572 0.00016230498157552336
1331.97119140625 0.9999084359627681 0.00016231077835417217
1331.9920043945312 1.0000080807177862 0.00016225084167144466
1332.0128784179688 1.000131442774581 0.00016227435155993558
1332.03369140625 0.9998802450779591 0.00016223609363925714
1332.0545043945312 1.0000644879840161 0.0001622861562647999
1332.0753784179688 1.0001902633522615 0.0001622773489036352
1332.09619140625 0.9997777577339009 0.00016230490296158354
1332.1170043945312 1.000022669384217 0.00016233739544478168
1332.1378784179688 0.9998376591128876 0.00016234383621636534
1332.15869140625 0.9999784313168749 0.00016240725406338819
1332.1795043945312 1.0001655527878008 0.00016243876598998183
1332.2003784179688 1.0001597311425698 0.00016246230018099916
1332.22119140625 0.9999534383894175 0.00016246708349823422
1332.2420043945312 1.0000359449740706 0.000162488104721912
1332.2628784179688 0.999781880498126 0.00016247271519151277
1332.28369140625 0.9999816480899208 0.00016245036717306392
1332.3045043945312 1.0001731772042508 0.00016240759501294754
1332.3253784179688 0.9997149650502405 0.0001623378735655218
1332.34619140625 1.0001932643452813 0.0001622780729356373
1332.3670043945312 1.0001180618937067 0.00016220530058994262
1332.3878784179688 1.0000428309771596 0.00016215255492426213
1332.40869140625 0.9998151835492387 0.00016209429068873317
1332.4295043945312 0.9998957888738179 0.00016205231760830035
1332.4503784179688 1.0001311209299941 0.00016209439780727328
1332.47119140625 1.000275395834536 0.00016211486724229828
1332.4920043945312 0.9998537756441696 0.00016215519949661078
1332.5128784179688 0.999581436102016 0.00016220091359012972
1332.53369140625 1.000386283521902 0.00016234423445559307
1332.5545043945312 0.9999249565389771 0.0001624249740558708
1332.5753784179688 1.0000082197981424 0.00016255823460921057
1332.59619140625 0.9999287921979811 0.0001626111162348399
1332.6170043945312 0.9998369874357353 0.00016269909286568637
1332.6378784179688 1.000162062039531 0.0001627751711150287
1332.65869140625 1.0002767691718986 0.00016282836556275274
1332.6795043945312 0.9999503374266361 0.00016284335021629056
1332.7003784179688 0.9999040202508076 0.0001628859788727501
1332.72119140625 0.9998546841199238 0.00016285886007933852
1332.7420043945312 0.9999948423394179 0.00016287501852544793
1332.7628173828125 0.9999505834750592 0.00016284258997411046
1332.7836303710938 1.0000514585146696 0.00016284154285257354
1332.8045043945312 1.0001883046644986 0.0001628398292263663
1332.8253173828125 1.0000726189955724 0.00016280395816169592
1332.8670043945312 0.9997171914330254 0.00016280817721476838
1332.8878173828125 1.0000273560927524 0.00016277217422390754
1332.9086303710938 0.999956395613035 0.00016279806817842674
1332.9295043945312 1.0002219947900086 0.00016278100742445544
1332.9503173828125 0.9999300096596047 0.00016277224572734065
1332.9711303710938 0.9999542732690301 0.0001627532909137409
1332.9920043945312 0.9999420774252674 0.00016275177976413546
1333.0128173828125 1.0002511363504765 0.0001627379745725533
1333.0336303710938 0.9998436047100664 0.00016276424602666267
1333.0545043945312 1.0000601448861794 0.00016273573724352839
1333.0753173828125 0.999871060585881 0.00016277432122098462
1333.0961303710938 0.9995798414876379 0.0001627869107656336
1333.1170043945312 1.0004320915530676 0.00016287241041454336
1333.1378173828125 1.0001094236273524 0.0001628842321061637
1333.1586303710938 1.0001729724749167 0.00016294668276775512
1333.1795043945312 0.9998139684968029 0.00016298852689549713
1333.2003173828125 0.9999337704923187 0.00016305948472389664
1333.2211303710938 0.9997958384926372 0.0001630668195031703
1333.2420043945312 1.000224529693867 0.00016312153683011745
1333.2628173828125 1.000028055551573 0.000163091500542802
1333.2836303710938 0.9999123098145496 0.0001630429544085517
1333.3045043945312 1.000076165326927 0.00016296205058657616
1333.3253173828125 0.9998807388493266 0.00016287032923402434
1333.3461303710938 0.9999837916756842 0.0001627772731594651
1333.3670043945312 1.0002036592102639 0.0001627214639519791
1333.3878173828125 0.9999565087962384 0.00016259969390571756
1333.4086303710938 0.9998706939023834 0.00016254389427270848
1333.4295043945312 1.000142875525795 0.0001624942137853144
1333.4503173828125 1.000061878647409 0.0001625073101267626
1333.4711303710938 0.9997844381616605 0.00016249603684752924
1333.4920043945312 1.0001432340140544 0.00016255091120880992
1333.5128173828125 0.9999111290563899 0.00016261567385255008
1333.5336303710938 0.9999299058516113 0.00016271722978844564
1333.5545043945312 1.0000208984208996 0.00016283333847204155
1333.5753173828125 0.9999702078197983 0.00016295349138152666
1333.5961303710938 1.0000367764709621 0.00016303630049553888
1333.6170043945312 1.0001065637815545 0.00016311923323788125
1333.6378173828125 1.0000475220799392 0.00016317086677593572
1333.6586303710938 0.9998603879293058 0.00016325419159818615
1333.6795043945312 1.0001988755891087 0.00016328624688410605
1333.7003173828125 0.999982229457164 0.00016332703969140186
1333.7211303710938 0.9998392175017997 0.0001632822661431396
1333.7420043945312 0.9998100409675919 0.0001632824250579084
1333.7628173828125 1.000200257683034 0.00016323980472589375
1333.7836303710938 0.999913818159433 0.000163227621613778
1333.8045043945312 1.0002444255114724 0.0001631889987518841
1333.8253173828125 0.9998900850560335 0.0001631670821308976
1333.8461303710938 0.9999528486521835 0.0001631433771953582
1333.8670043945312 1.0001538609106448 0.0001631514600669818
1333.8878173828125 0.9998303707383547 0.000163077994379633
1333.9086303710938 0.9999190962967057 0.0001630766333254509
1333.9295043945312 0.9999599339759244 0.00016302295101686476
1333.9503173828125 1.0003226334338273 0.00016300841357310265
1333.9711303710938 0.9999025961387285 0.00016297558162240035
1333.9920043945312 0.9998723290316159 0.00016292694553753364
1334.0128173828125 1.0000343440332256 0.00016291091407717162
1334.0336303710938 0.9999777734080934 0.00016290171171620042
1334.0545043945312 1.0002429714668408 0.00016288439497571638
1334.0753173828125 0.9997640656247345 0.00016289845375136268
1334.0961303710938 0.9999714506689048 0.00016294413728794486
1334.1170043945312 0.9999819034653225 0.00016297631590069612
1334.1378173828125 0.9999723942410517 0.0001630271319266402
1334.1586303710938 1.0000784968876062 0.00016306480758168906
1334.1795043945312 1.0004162764459412 0.00016313607219475598
1334.2003173828125 0.9997300750482676 0.00016310638615054293
1334.2211303710938 0.999547528760867 0.00016311830711027446
1334.2420043945312 1.0001038110948521 0.0001631240519085978
1334.2628173828125 1.0001373139774734 0.00016310142652347794
1334.2836303710938 1.0003820697709382 0.0001630537263887029
1334.3045043945312 1.0000881826189436 0.00016298974262126772
1334.3253173828125 0.9994984001042095 0.00016283848419171672
1334.3461303710938 1.0001946038021048 0.0001628060474797657
1334.3670043945312 0.9996822987329461 0.0001626453480526783
1334.3878173828125 1.000037838979583 0.00016259892814902207
1334.4086303710938 1.0002671955088156 0.000162497805551394
1334.4295043945312 0.9999917048063532 0.0001624388897420707
1334.4503173828125 1.000190139728439 0.0001623918868709457
1334.4711303710938 0.9999787863488987 0.0001623627163975528
1334.4920043945312 0.9994960836846818 0.00016232069084501995
1334.5128173828125 1.0001473672886203 0.00016236837127943173
1334.5336303710938 1.000132407020132 0.00016238395688065568
1334.5545043945312 1.000033654112446 0.00016240768712075677
1334.5753173828125 1.0000274332545214 0.00016244355047302894
1334.5961303710938 1.0000746282370032 0.00016248622882453944
1334.6170043945312 0.9999111767982408 0.0001625012787215445
1334.6378173828125 0.9999379583034328 0.00016250632663164147
1334.6586303710938 0.9998968772438944 0.00016250492140094136
1334.6795043945312 1.0000065591540308 0.00016247166389312675
1334.7003173828125 1.000235462343635 0.00016247015434007792
1334.7211303710938 0.9999659110954012 0.0001623691809156712
1334.7420043945312 0.9999495826843318 0.00016229768302390086
1334.7628173828125 0.9999623290386542 0.00016224521267716276
1334.7836303710938 0.9998919620969764 0.00016219656124451902
1334.8045043945312 1.0002753001018252 0.00016213657933839614
1334.8253173828125 0.9998635591521806 0.00016207730068378066
1334.8461303710938 0.9998892010297455 0.00016199587016547658
1334.8670043945312 0.9999952997747353 0.00016193263745700048
1334.8878173828125 0.9999791023211094 0.00016184475324538552
1334.9086303710938 1.0001286849971438 0.00016181064130700492
1334.9295043945312 1.0001269827892212 0.00016171593258913734
1334.9503173828125 1.000055078012383 0.00016168203391791745
1334.9711303710938 0.999694114179412 0.00016161853110387684
1334.9920043945312 0.9983938248735684 0.00016144646182307258
1335.0128173828125 1.0000965743873365 0.00016150078598353417
1335.0336303710938 0.9999649654226584 0.0001614800299427631
1335.0545043945312 0.9999370243521815 0.0001614231427631242
1335.0753173828125 1.0000067279670641 0.00016140960660865382
1335.0961303710938 1.0002015927005858 0.00016137272904671136
1335.1170043945312 1.0001190751719102 0.00016135560587928884
1335.1378173828125 0.9997128445998328 0.00016133384723501134
1335.1586303710938 1.0001329247915733 0.0001613230457602442
1335.1795043945312 0.9999631350305025 0.00016127386306027903
1335.2003173828125 0.999981445262613 0.00016123148099239073
1335.2211303710938 0.999756568258893 0.00016112082791987396
1335.2420043945312 1.0001637043833784 0.00016104768692788005
1335.2628173828125 1.0001673976438121 0.0001609402329187401
1335.2836303710938 1.0000685103912863 0.00016082047415469182
1335.3045043945312 0.9997199969804987 0.00016069291883264713
1335.3253173828125 1.0003035528914024 0.00016059584662872644
1335.3670043945312 0.9996936115781123 0.00016037156433257506
1335.3878173828125 1.0000489789786324 0.00016032646289182792
1335.4086303710938 1.000169142039982 0.0001602368586519928
1335.4295043945312 0.9997921985064714 0.00016014406535393787
1335.4503173828125 1.0000995008830782 0.0001600869162761452
1335.4711303710938 0.999964013888109 0.00016007199660548186
1335.4920043945312 1.00020312419886 0.0001599809358682331
1335.5128173828125 0.9998675039806848 0.00015994554649656
1335.5336303710938 0.9999893575895467 0.0001598685649563555
1335.5545043945312 0.9997937362334266 0.00015981567785435397
1335.5753173828125 1.0001644982373135 0.0001599094340878073
1335.5961303710938 1.0000631442126884 0.00016067240417793214
1335.6170043945312 1.0000871746093094 0.0001597130779589809
1335.6378173828125 0.9999567043472887 0.00015964386878326465
1335.6586303710938 0.9999220008552142 0.0001596351485236749
1335.6795043945312 0.9999365444611897 0.00015956122559444562
1335.7003173828125 0.9998845676630863 0.00015955621666736102
1335.7211303710938 1.0001058777876135 0.00015950466369044135
1335.7420043945312 1.000310024224317 0.00015951555344277996
1335.7628173828125 0.99986916544542 0.000159462622460234
1335.7836303710938 0.999864894922144 0.00015946544002150607
1335.8045043945312 0.9998246116488482 0.00015944306266555517
1335.8253173828125 1.0003023737213201 0.00015944712074294682
1335.8461303710938 0.9999801913261392 0.00015940439576798764
1335.8670043945312 0.9997190189901907 0.00015938818025829072
1335.8878173828125 1.0001562561195263 0.00015939852978063158
1335.9086303710938 1.0002602804159384 0.00015937349350923552
1335.9295043945312 0.9998210503511135 0.00015936839307015898
1335.9503173828125 0.9997736818922557 0.00015931733897198318
1335.9711303710938 1.0001269652399472 0.00015935827442241753
1335.9920043945312 1.0000025056927508 0.0001593378978220822
1336.0128173828125 1.00029259244291 0.0001593805341389105
1336.0336303710938 0.9998578639171594 0.00015933741625829653
1336.0545043945312 1.0000940521590327 0.00015937598079264918
1336.0753173828125 0.9998218838480671 0.00015935717683784116
1336.0961303710938 0.9996539903927033 0.00015931832058682215
1336.1170043945312 1.0001129114598877 0.00015935657376295748
1336.1378173828125 1.0000947556622712 0.0001593366699700392
1336.1586303710938 1.000356174154849 0.00015934803454909795
1336.1795043945312 1.0001127984833682 0.00015931366540608498
1336.2003173828125 0.9995736655651869 0.00015931629792422566
1336.2211303710938 1.0000961345313386 0.00015933312822382305
1336.2420043945312 0.9999110028522256 0.00015937205911417305
1336.2628173828125 1.0001044253891733 0.00015937731558673138
1336.2836303710938 1.0000913169891086 0.0001593490837659671
1336.3045043945312 0.9999110824112974 0.00015933032427949476
1336.3253173828125 0.9998649830185387 0.0001593510259216692
1336.3461303710938 0.9998293519165223 0.00015933700973886942
1336.3670043945312 1.0003301050748694 0.00015934077634716494
1336.3878173828125 1.000059768969743 0.00015934779095567883
1336.4086303710938 1.0000711796110668 0.00015928276504591967
1336.4295043945312 0.9997475171082326 0.00015930527042099386
1336.4503173828125 0.9999689589417388 0.0001592954786425892
1336.4711303710938 1.0001004252901724 0.00015934106164231662
1336.4920043945312 1.0002193743188927 0.00015934579846521823
1336.5128173828125 0.9997229135415008 0.00015933996382142674
1336.5336303710938 1.0001069751465332 0.00015934728164418479
1336.5545043945312 0.9998679663757608 0.0001593493094658851
1336.5753173828125 0.9999808976068743 0.00015934205122116317
1336.5961303710938 1.0000862278937188 0.0001593546550774038
1336.6170043945312 0.99987302896027 0.00015933370628421755
1336.6378173828125 1.000198208091924 0.00015931283619077428
1336.6586303710938 1.000195509431479 0.00015934449586089877
1336.679443359375 0.9998523398624413 0.0001593321853172561
1336.7002563476562 0.9998287242008673 0.00015929914950399968
1336.7211303710938 1.0001524063400409 0.00015931929949151324
1336.741943359375 0.9997473167913254 0.00015934978999552682
1336.7627563476562 1.0000785305587985 0.0001593509413868773
1336.7836303710938 1.000099537126446 0.0001593626953411992
1336.804443359375 1.0001492744192355 0.000159323129984357
1336.8252563476562 0.9998814787216632 0.00015932627056958236
1336.8461303710938 0.9997745936858163 0.00015931536399405
1336.866943359375 1.0000582618149079 0.00015930543275508355
1336.8877563476562 1.0001362675651198 0.00015932852504203042
1336.9086303710938 0.9999845667327697 0.00015934183439441786
1336.929443359375 1.0001582636786186 0.0001593424227042996
1336.9502563476562 0.9998656985986357 0.0001593188687680399
1336.9711303710938 0.999867921919473 0.00015932109464049865
1336.991943359375 0.9994962645821368 0.0001592558067827274
1337.0127563476562 0.9998680584316703 0.00015927451770340442
1337.0336303710938 0.9996157850939428 0.0001592553270281581
1337.054443359375 0.9994923570961941 0.00015927808347126265
1337.0752563476562 0.9996967791413209 0.00015931991523818604
1337.0961303710938 0.9999753731713658 0.00015935521297670305
1337.116943359375 0.9997655532118354 0.00015935329068230805
1337.1377563476562 1.0003122085244094 0.00015933416942284388
1337.1586303710938 1.0000805675996423 0.00015934502853668292
1337.179443359375 1.0001166806498114 0.00015933465958397475
1337.2002563476562 0.999896865930694 0.00015932914629219618
1337.2211303710938 0.999756913399864 0.00015930673289385344
1337.241943359375 0.9999349304757181 0.00015932640603527645
1337.2627563476562 1.0002740160825316 0.0001593301166444228
1337.2836303710938 1.0000478175676886 0.00015933768058181232
1337.304443359375 0.999963708740558 0.00015933420976843961
1337.3252563476562 0.999835974287249 0.00015929938964456713
1337.3461303710938 1.0000597190211367 0.00015932064060019088
1337.366943359375 1.0001328777927359 0.00015932775609346284
1337.3877563476562 0.9998275809941636 0.00015930456223257834
1337.4086303710938 0.9999645168238531 0.0001592796544234928
1337.429443359375 1.0001287523534546 0.00015931138340721473
1337.4502563476562 0.999999544417785 0.0001592738911830674
1337.4711303710938 0.9999619408253394 0.0001592417953382313
1337.491943359375 1.0000421340014616 0.0001592759650473858
1337.5127563476562 1.0001075498074252 0.00015933246361135933
1337.5336303710938 0.9998827896333544 0.0001592878536411384
1337.554443359375 0.9999840073210057 0.0001593273135640177
1337.5752563476562 0.9997890648441287 0.00015928013124934527
1337.5961303710938 1.0001437950509873 0.00015930340743789052
1337.616943359375 1.000192147085767 0.00015929734113631413
1337.6377563476562 0.9999593096532388 0.0001592852371535234
1337.6586303710938 0.9999171661190157 0.0001593090295184621
1337.679443359375 1.0000329624713462 0.000159286685718512
1337.7002563476562 0.999804644287914 0.00015929713088651886
1337.7211303710938 1.0002319381467497 0.00015931649666452155
1337.741943359375 0.9997102050355297 0.00015928082859632838
1337.7627563476562 1.0002760948451572 0.00015927218585178488
1337.7836303710938 0.9999912552895086 0.00015930517339797298
1337.804443359375 1.0000299180222993 0.0001592824093038118
1337.8252563476562 1.0000045702216194 0.00015932577859373596
1337.866943359375 1.0000048070935583 0.00015931977871727702
1337.8877563476562 0.9998892789377232 0.00015930532463183234
1337.9086303710938 0.999919158416327 0.000159338504885672
1337.929443359375 1.0001238529662566 0.00015933093050518013
1337.9502563476562 0.9999284589176752 0.00015932038332761443
1337.9711303710938 0.9999615040179309 0.00015933260266558428
1337.991943359375 0.9998341247024526 0.00015927410474183382
1338.0127563476562 1.000315400996593 0.00015933624879715003
1338.0336303710938 1.0002781221467396 0.00015930728282885877
1338.054443359375 0.9998005581145794 0.00015930315183991793
1338.0752563476562 0.999775910743902 0.00015930616398384631
1338.0961303710938 0.9999030601572196 0.0001593285452595626
1338.116943359375 1.0002743531686713 0.0001593505075678072
1338.1377563476562 0.9999114424681583 0.00015930839989590725
1338.1586303710938 0.9998044415631019 0.00015932388201943536
1338.179443359375 1.0001315793171532 0.000159309829931967
1338.2002563476562 1.0002131295344234 0.00015932055566758444
1338.2211303710938 0.9998934263210593 0.00015929207326461435
1338.241943359375 0.9999159160713676 0.00015930877546376478
1338.2627563476562 1.0000914214011314 0.00015931132630568035
1338.2836303710938 0.9999777837842331 0.00015932199356038273
1338.304443359375 1.0000383075448973 0.00015934114100712532
1338.3252563476562 0.9998447554137164 0.000159321807420766
1338.3461303710938 0.9998305503617548 0.00015931802045480764
1338.366943359375 1.0002644883587182 0.0001593232234714844
1338.3877563476562 1.0001600662375245 0.00015930717136593574
1338.4086303710938 0.9999343373691957 0.0001592858764819399
1338.429443359375 0.9997599052231114 0.00015930088313881763
1338.4502563476562 1.0000885614504065 0.00015926473712797086
1338.4711303710938 1.0000663467000603 0.00015931290182972065
1338.491943359375 1.0000134141133465 0.0001593084142030925
1338.5127563476562 0.9999707714680558 0.0001593233233200865
1339.679443359375 0.9999458269022528 0.0001589436167369523
1339.7002563476562 0.9998656329396697 0.00015893659739030808
1339.7211303710938 1.00018927187421 0.00015897248831459054
1339.741943359375 1.0002548870764032 0.0001589618121520967
1339.7627563476562 0.9998302945355686 0.00015898006975186162
1339.7836303710938 0.9999750720733287 0.0001589911611905477
1339.804443359375 0.9998515665691121 0.00015904549623260898
1339.8252563476562 1.0001760806827502 0.00015908987208165028
1339.8461303710938 1.0000259216484388 0.00015914604830125396
1339.866943359375 0.9998379346833504 0.00015918211609090458
1339.8877563476562 1.000104421115494 0.00015929907786326605
1339.9086303710938 0.9998810307442435 0.0001594368620674631
1339.9293823242188 1.0003203092620276 0.00015962065629941222
1339.9502563476562 1.0000298605640627 0.00015975362229820567
1339.9710693359375 0.9995686216285322 0.0001598540306364428
1339.9918823242188 1.000175057684842 0.0001600380423793075
1340.0127563476562 0.9999567801749338 0.00016010712424894085
1340.0335693359375 0.9999705678780925 0.00016021880414126847
1340.0543823242188 1.0002093138586177 0.0001603349815190373
1340.0752563476562 0.9999795944594888 0.00016045181371930622
1340.0960693359375 1.000035563287632 0.0001605251602391086
1340.1168823242188 0.9998113789627531 0.00016057972786136677
1340.1377563476562 0.9997671654459378 0.00016064499260525625
1340.1585693359375 1.0002027759404368 0.00016074132344184468
1340.1793823242188 1.0000198067673443 0.000160843782968644
1340.2002563476562 1.0004679754260157 0.00016099139037322537
1340.2210693359375 0.999717825216416 0.00016104707312502642
1340.2418823242188 0.9998993399251878 0.00016115452278179314
1340.2627563476562 0.999788010199628 0.00016126989386078708
1340.2835693359375 1.0002290537658887 0.0001613695263428632
1340.3043823242188 0.9998156802827387 0.00016143856884850324
1340.3252563476562 1.0001508378710977 0.00016153377019357065
1340.3460693359375 1.0001125669378854 0.00016159628820291248
1340.3668823242188 0.999890882232638 0.0001616089692961358
1340.3877563476562 1.000062529109391 0.00016169581817093804
1340.4085693359375 0.9997368626208084 0.00016170890797006485
1340.4293823242188 1.0004226782802148 0.00016183745707100451
1340.4502563476562 0.9998570553363008 0.00016189052893234967
1340.4710693359375 0.9997617741714458 0.00016197075427909147
1340.4918823242188 1.0001092882161522 0.00016206439578013326
1340.5127563476562 0.9999814932207568 0.0001621525428689066
1340.5335693359375 1.0000760257991268 0.00016224763102741705
1340.5543823242188 1.0001776913208205 0.00016229979818088656
1340.5752563476562 0.9999188753353694 0.00016232578267277658
1340.5960693359375 0.9997318493363341 0.0001623177020177656
1340.6168823242188 1.000114165104556 0.00016232971921957358
1340.6377563476562 1.000017987542589 0.00016229573833080282
1340.6585693359375 1.0000821551183483 0.00016227035301766453
1340.6793823242188 0.9998852201074074 0.00016223862520435672
1340.7002563476562 1.000098650087242 0.00016224701609588533
1340.7210693359375 1.0000056972415976 0.00016226918467540985
1340.7418823242188 0.9999520275389242 0.00016228202681159318
1340.7627563476562 0.9999157418592508 0.00016235385262645564
1340.7835693359375 1.0001116999161515 0.00016244879316439415
1340.8043823242188 1.0000104698460428 0.00016255573637624426
1340.8252563476562 1.0000575456640366 0.0001626089855756888
1340.8460693359375 0.9999160579365965 0.0001626246073238574
1340.8668823242188 0.9999547143162425 0.0001626045117376795
1340.8877563476562 1.0000824727150903 0.00016256479437036555
1340.9085693359375 0.9998299258655525 0.00016254735272592963
1340.9293823242188 1.0001570095013863 0.00016250997453013828
1340.9502563476562 1.0000230038778346 0.00016249402228025385
1340.9710693359375 1.0000462135306785 0.0001624104447349853
1340.9918823242188 0.9998831716643402 0.0001624164358891765
1341.0127563476562 0.9998550815611439 0.00016243578354463068
1341.0335693359375 0.9999539752257609 0.00016250897432881293
1341.0543823242188 1.000414733263968 0.00016258927176839908
1341.0752563476562 1.000101442814674 0.00016263769797734794
1341.0960693359375 0.9995864355530587 0.00016267096293826698
1341.1168823242188 0.9999566928495583 0.00016267385943413647
1341.1377563476562 1.0001644599107005 0.00016270156856648487
1341.1585693359375 1.0000142045887284 0.00016261687127819133
1341.1793823242188 0.9998578922578518 0.00016260263674891992
1341.2002563476562 1.0001487943934046 0.00016256531006331038
1341.2210693359375 0.9999541294013264 0.00016255166624319417
1341.2418823242188 1.0001465660673843 0.00016251347493552654
1341.2627563476562 0.9998541690931336 0.0001625083742003426
1341.2835693359375 0.999941828963784 0.00016247346371216272
1341.3043823242188 1.0000347743771585 0.00016244528364709596
1341.3252563476562 1.0000936037161259 0.00016244176930163204
1341.3460693359375 1.0000647456390652 0.00016246385705063308
1341.3668823242188 0.9997067755815493 0.0001624701675793235
1341.3877563476562 1.0002095526663468 0.00016253636487178702
1341.4085693359375 0.9997739604828142 0.0001626050277746355
1341.4293823242188 1.0003111346750293 0.0001627046063050064
1341.4502563476562 1.0001102344532378 0.00016274761327773437
1341.4710693359375 0.9998130807931453 0.0001628050395709465
1341.4918823242188 0.9997508338852217 0.00016283330490692166
1341.5127563476562 1.000000168295191 0.00016299380278282015
1341.5335693359375 1.0002829273246419 0.0001630598596900297
1341.5543823242188 1.0000036198422835 0.00016314510820758423
1341.5752563476562 0.9998251068440218 0.0001631623001944361
1341.5960693359375 1.0000586726183867 0.00016317606160307684
1341.6168823242188 1.0001675043342106 0.00016316092669397145
1341.6377563476562 0.9999086970367688 0.00016311447376828733
1341.6585693359375 0.9999939052055962 0.00016304783761956793
1341.6793823242188 0.9999329619949605 0.00016293877951982668
1341.7002563476562 0.999928403321625 0.0001628587653069117
1341.7210693359375 0.9999821026589214 0.0001628382571077931
1341.7418823242188 1.0000900072487116 0.00016281722290336983
1341.7627563476562 1.000187888368109 0.00016282994626990724
1341.7835693359375 0.9999105110728611 0.00016281580219613267
1341.8043823242188 1.0001018165366873 0.00016286188025193304
1341.8252563476562 0.9997256190407782 0.00016286540234959184
1341.8460693359375 0.9998611851461071 0.00016285303316428953
1341.8668823242188 1.000156534961123 0.00016277776833141237
1341.8877563476562 1.0000450788067599 0.00016264594856886522
1341.9085693359375 1.0000546550809593 0.0001625595051891679
1341.9293823242188 1.0002756150518612 0.00016249660580021914
1341.9502563476562 0.9998132863126354 0.0001623696492091407
1341.9710693359375 0.999978836119623 0.00016228178477548007
1341.9918823242188 0.9997174421687887 0.00016217430422914032
1342.0127563476562 1.0000074129404488 0.00016213115779221
1342.0335693359375 1.0001318856989339 0.00016214703179577065
1342.0543823242188 0.9998892361519002 0.0001621308250836547
1342.0752563476562 1.0002588515924016 0.0001621765417269313
1342.0960693359375 1.0000192358668416 0.00016224402099867768
1342.1168823242188 1.0000927261932446 0.00016233911557403662
1342.1377563476562 0.9999468612953197 0.0001623397271132318
1342.1585693359375 0.999704306681493 0.00016234673835436005
1342.2210693359375 0.9999191042249038 0.00016229078684795926
1342.2418823242188 1.00042909868129 0.0001622594061275966
1342.2627563476562 0.9998052100291899 0.00016219489770763484
1342.2835693359375 1.000045433709713 0.00016212067054779475
1342.3043823242188 0.9998338651858077 0.0001620745405499648
1342.3252563476562 1.0000708184505742 0.00016201112583048887
1342.3460693359375 1.000070755958058 0.0001619624506120339
1342.3668823242188 1.000064402766337 0.0001619438730466204
1342.3877563476562 0.9997114133441657 0.00016195219992332002
1342.4085693359375 1.0002303691286372 0.00016200158300194058
1342.4293823242188 1.0000286353468861 0.0001620097134353007
1342.4502563476562 0.9999078107555601 0.0001620875307957293
1342.4710693359375 1.000134635228333 0.00016214168199446218
1342.4918823242188 0.9998659374026432 0.00016220316712670804
1342.5127563476562 0.9999835694161451 0.0001622823887270487
1342.5335693359375 1.0000263898564492 0.00016235604473173836
1342.5543823242188 1.0000297036564112 0.0001624484276418087
1342.5752563476562 1.0000039139173509 0.00016245881537206114
1342.5960693359375 1.0001165086745065 0.00016253403174423358
1342.6168823242188 0.9997173269133011 0.0001625085046314605
1342.6377563476562 1.0000946433719629 0.00016256501712476418
1342.6585693359375 1.0002735280169643 0.0001625249411713897
1342.6793823242188 0.9997822689436721 0.00016247967262095087
1342.7002563476562 0.9998513971678765 0.00016242378545977903
1342.7210693359375 1.0000842199032933 0.0001623763482324339
1342.7418823242188 1.0001012690386555 0.00016238755195931672
1342.7627563476562 0.9999373093480248 0.0001623233426934914
1342.7835693359375 0.999977692866231 0.0001622975751187453
1342.8043823242188 1.0001034562609616 0.00016231694480030008
1342.8252563476562 0.9999638604854891 0.0001623204362852467
1342.8460693359375 1.0002363082543924 0.0001623205144887414
1342.8668823242188 0.9997406152498306 0.00016227408179875417
1342.8877563476562 0.9998744980962798 0.0001622380348019495
1342.9085693359375 0.999965609247333 0.00016219919655592954
1342.9293823242188 1.000168933362445 0.00016209589317923789
1342.9502563476562 1.0000186219086626 0.00016197205700395098
1342.9710693359375 1.0000482277805784 0.0001618873259081935
1342.9918823242188 0.9998354826565814 0.00016178588400837392
1343.0127563476562 1.0002438103608664 0.0001617562017699962
1343.0335693359375 0.9998401053833867 0.00016171098731149937
1343.0543823242188 1.0001371757749593 0.0001617528030277213
1343.0752563476562 0.9998577723299996 0.0001617693527620109
1343.0960693359375 0.9999459887160221 0.00016177003374085496
1343.1168823242188 0.9999253730111056 0.00016183017329372061
1343.1377563476562 1.000081968569123 0.00016182845681459316
1343.1585693359375 0.9999450529905118 0.00016187584940699726
1343.1793823242188 1.0001110693403064 0.00016187712342754262
1343.2001953125 1.0002280088766873 0.00016187319744601208
1343.2210083007812 0.9998804425272603 0.00016184377735999612
1343.2418823242188 0.9999493572104485 0.00016180264516096573
1343.2626953125 0.9997390605990821 0.00016175394067719496
1343.2835083007812 1.0003444020744812 0.00016172348135700225
1343.3043823242188 1.0000281770850148 0.0001616631334617799
1343.3251953125 0.9997481752122234 0.00016158640378906915
1343.3460083007812 0.9999527022140029 0.00016152892142007279
1343.3668823242188 0.9998715031474077 0.00016150218434036033
1343.3876953125 1.000237226378243 0.0001615300370328774
1343.4085083007812 1.0003764318844695 0.00016153984363549527
1343.4293823242188 0.9995993836083726 0.00016153056930967414
1343.4501953125 1.0001948694975054 0.00016162298001249189
1343.4710083007812 0.9997542457521821 0.00016161256197366798
1343.4918823242188 1.000059775134358 0.0001616841570636491
1343.5126953125 1.0001057231128796 0.0001617410644212189
1343.5335083007812 0.9996870659414556 0.00016179032474618012
1343.5543823242188 1.0003781145754644 0.00016183943988296677
1343.5751953125 0.999936022432479 0.0001619159238627066
1343.5960083007812 0.9998763210894327 0.0001619687496047262
1343.6168823242188 1.000149974304141 0.00016199993437162558
1343.6376953125 0.9997684514079116 0.0001620204365847797
1343.6585083007812 1.0001742318253566 0.00016203812847525795
1343.6793823242188 0.999954035225637 0.00016203378856272023
1343.7001953125 1.000140065792892 0.00016201933663496468
1343.7210083007812 0.9998086689410224 0.00016196865873320063
1343.7418823242188 1.0000680685603993 0.0001619433334513452
1343.7626953125 0.9999879302525405 0.00016196692190009838
1343.7835083007812 0.9999603791465603 0.000161939953076752
1343.8043823242188 1.0002216642422443 0.00016195647658516615
1343.8251953125 0.9998967061805981 0.0001619600687723158
1343.8460083007812 0.9997506732634934 0.00016193971593357802
1343.8668823242188 1.0002061934415707 0.00016196776390757113
1343.8876953125 0.9997033106654927 0.00016190958880974853
1343.9085083007812 1.0002090024682104 0.0001618976202213241
1343.9293823242188 1.0003598893667565 0.00016185027604974635
1343.9501953125 0.9999062487256007 0.0001617727487835363
1343.9710083007812 1.0001459395101282 0.00016173377732411453
1343.9918823242188 0.9997778263902294 0.00016160905338991473
1344.0126953125 0.9999313761111417 0.00016156499846418048
1344.0335083007812 0.999607388614613 0.0001614729125195502
1344.0543823242188 0.9991485463777833 0.0001614281497954609
1344.0751953125 0.9995890352474558 0.00016144773225012607
1344.0960083007812 0.9994601862307227 0.00016149736291236406
1344.1168823242188 1.0001297744978437 0.00016159748320960658
1344.1376953125 0.999932740532667 0.00016162782387594326
1344.1585083007812 1.0000568408492891 0.00016166523463814633
1344.1793823242188 1.0000212347429847 0.00016166764093454377
1344.2001953125 1.0001840693199877 0.00016165790304467707
1344.2210083007812 0.9998372261511201 0.00016159504437340027
1344.2418823242188 0.9999884894283497 0.00016156631490310574
1344.2626953125 0.9994014148934103 0.00016139955014906558
1344.2835083007812 1.0006773368438149 0.00016144679321364837
1344.3043823242188 0.9997851178005492 0.00016132965061829946
1344.3251953125 1.000153198282897 0.000161320538315415
1344.3460083007812 1.0002149107274338 0.0001612500074368434
1344.3668823242188 0.999891554374705 0.00016120731791465902
1344.3876953125 0.9998183187485787 0.00016121660743707318
1344.4085083007812 1.0000641709063258 0.00016124553341996637
1344.4293823242188 0.9999957867447138 0.00016128338427374823
1344.4501953125 1.000039124598787 0.00016129614981942223
1344.4710083007812 1.0000827988624372 0.00016137539033350822
1344.4918823242188 0.9998379994671118 0.00016142643887351015
1344.5126953125 1.0000130423942637 0.00016148253114314865
1344.5335083007812 1.0002366866355807 0.00016150944052060407
1344.5543823242188 1.0000927201590115 0.000161636337703939
1344.5751953125 0.9996864783408902 0.0001616949818040604
1344.5960083007812 0.9997666375889737 0.00016173590813171106
1344.6168823242188 1.0003098019216867 0.00016182169710530817
1344.6376953125 1.0002803388776285 0.00016182366880613706
1344.6585083007812 0.9995771126563245 0.00016175469966108022
1344.7210083007812 1.000089980066865 0.00016171810229373274
1344.7418823242188 1.000144291145499 0.0001617217867878394
1344.7626953125 0.9999753857006644 0.0001617252099155383
1344.7835083007812 0.9997603951736312 0.0001617033786778591
1344.8043823242188 1.000109299156843 0.0001617312012140242
1344.8251953125 0.9999332022231368 0.00016172277281968056
1344.8460083007812 1.0002674095698123 0.0001617322588594762
1344.8668823242188 0.9999641387518667 0.00016172587576145564
1344.8876953125 0.9998712597750942 0.0001616832041604024
1344.9085083007812 1.0000818040950628 0.0001616601264986701
1344.9293823242188 0.9999227661584112 0.00016159373281111983
1344.9501953125 0.9996990984221658 0.0001615422310132923
1344.9710083007812 1.0002770219505548 0.00016150024097949067
1344.9918823242188 1.0002344997686898 0.0001614728220694245
1345.0126953125 0.9999981305274466 0.0001614276452710929
1345.0335083007812 0.9999314045904987 0.00016140972055679134
1345.0543823242188 0.9996022055682632 0.00016139162025761397
1345.0751953125 1.0006663727450096 0.000161475635633438
1345.0960083007812 1.0000639840780678 0.00016148299829151644
1345.1168823242188 1.0002390529382985 0.00016152000300263323
1345.1376953125 1.0000134161516236 0.0001615611864959663
1345.1585083007812 1.0002104159104779 0.00016158319391948732
1345.1793823242188 0.9997249580258606 0.00016158706777208857
1345.2001953125 0.9999406737861986 0.00016158561567613898
1345.2210083007812 0.9998459320490009 0.00016155511813271227
1345.2418823242188 1.0003169106128205 0.00016153826390328274
1345.2626953125 1.0000961069641539 0.00016146427875034767
1345.2835083007812 0.9998036565720997 0.0001613997363763892
1345.3043823242188 0.999854421663798 0.00016133523884445127
1345.3251953125 1.0002441350133089 0.0001613162961607522
1345.3460083007812 0.9999336967876111 0.0001612742286069973
1345.3668823242188 0.9998997222447041 0.00016123737174247968
1345.3876953125 1.0001238266756172 0.00016121164548237472
1345.4085083007812 0.9998161656150697 0.0001612486378411685
1345.4293823242188 1.0003541284884667 0.00016128159453790723
1345.4501953125 0.9998782215510653 0.0001613121486260449
1345.4710083007812 0.9997887145817326 0.00016136366448378116
1345.4918823242188 1.000125704911508 0.00016142920990143945
1345.5126953125 1.000038159295175 0.0001614975259704462
1345.5335083007812 0.9998965141030888 0.00016158525684882607
1345.5543823242188 1.0001119521442599 0.00016164556069021854
1345.5751953125 0.9998397533367637 0.00016173500351341445
1345.5960083007812 1.000015384775276 0.00016175352263957406
1345.6168823242188 1.0000215499990879 0.00016181968288632277
1345.6376953125 1.0002047412784327 0.00016181349078571116
1345.6585083007812 1.000106205598829 0.0001618504367592945
1345.6793823242188 0.9996071390604925 0.00016180512462751908
1345.7001953125 1.0001673613561801 0.00016182221110517086
1345.7210083007812 1.0000080963609577 0.00016182418709142344
1345.7418823242188 0.999954653319781 0.00016179793690597642
1345.7626953125 1.0000355283834632 0.00016181024191075903
1345.7835083007812 0.9999815327439366 0.00016178729858734649
1345.8043823242188 0.9999141628461925 0.00016182691888541403
1345.8251953125 1.000088801718918 0.00016181681985315518
1345.8460083007812 1.000154205259045 0.00016186063285739813
1345.8668823242188 0.9998630542710552 0.0001618371017663778
1345.8876953125 0.9998601320519109 0.00016179602608886305
1345.9085083007812 1.0003298172231467 0.0001618084902656663
1345.9293823242188 0.9996686495571964 0.00016170543710759743
1345.9501953125 0.9993340000918873 0.00016168197679162173
1345.9710083007812 0.9998542341970865 0.00016166170388139166
1345.9918823242188 1.0002096335869404 0.00016162128799258361
1350.0126342773438 1.0000104765000468 0.0001603415888061014
1350.033447265625 0.999971654823049 0.0001603179954473065
1350.0542602539062 1.0001534647170403 0.00016023093424017272
1350.0751342773438 0.9998326869772357 0.00016018380847117962
1350.095947265625 0.9997485858579697 0.00016010552460658792
1350.1167602539062 1.0003668814938738 0.00016007779287778828
1350.1376342773438 0.9998516178674133 0.0001599861785670353
1350.158447265625 1.0003113055658828 0.00015997518440246823
1350.1792602539062 0.999833312812438 0.00015989620153629267
1350.2001342773438 0.9997025043304144 0.0001598611729533841
1350.220947265625 1.0002268227597557 0.00015986948740135128
1350.2417602539062 0.9999795070683065 0.00015980725835491814
1350.2626342773438 1.0002685653032164 0.0001598275495132762
1350.283447265625 0.9995777350318691 0.00015976842131059483
1350.3042602539062 1.0000313744500855 0.00015977360382123706
1350.3251342773438 1.0001809511608484 0.00015977753517559836
1350.345947265625 0.9999745335630807 0.0001597615250788435
1350.3667602539062 0.9999784923343323 0.00015975717370770814
1350.3876342773438 1.0000375391934382 0.0001597549087778975
1350.408447265625 1.0000608999694527 0.0001597458498232527
1350.4292602539062 0.9999233230720567 0.000159758596660296
1350.4501342773438 0.9999527182715099 0.00015976808756808334
1350.470947265625 0.99990443577077 0.0001597645361652438
1350.4917602539062 1.0001913535464086 0.00015978887736481246
1350.5126342773438 0.9999946327851212 0.00015977606028077848
1350.533447265625 0.999816317215505 0.00015978823526104628
1350.5542602539062 1.000022397141769 0.00015977025720802782
1350.5751342773438 1.0002300194612508 0.0001598021018073643
1350.595947265625 0.9998726063349761 0.00015979564114317223
1350.6167602539062 1.0000340627223177 0.00015978883199749088
1350.6376342773438 0.9999063260500926 0.00015979886734815869
1350.658447265625 0.9999160092186101 0.00015981057041209638
1350.6792602539062 1.0003790444388212 0.00015984480752873726
1350.7001342773438 0.9997633934636239 0.00015980268471168645
1350.720947265625 0.999740684976931 0.00015976866106169678
1350.7417602539062 1.0002585935676784 0.00015975746028219288
1350.7626342773438 1.0000407060129057 0.00015975657767100765
1350.783447265625 1.0000105753752515 0.00015976577847200856
1350.8042602539062 1.0000043565713161 0.00015975031000398467
1350.8251342773438 0.9999926470412897 0.0001597749569972751
1350.845947265625 0.9999437983385504 0.00015977480508113436
1350.8667602539062 0.9999779777159336 0.00015978568332811798
1350.8876342773438 1.000029691492051 0.0001597889075386404
1350.908447265625 1.0000479738109966 0.00015978611035166534
1350.9292602539062 0.999984301184001 0.0001597900892245971
1350.9501342773438 0.99976660471593 0.00015978588015132564
1350.970947265625 1.0002252254067079 0.00015977568649133125
1350.9917602539062 1.0002515034557065 0.00015977597264744497
1351.0126342773438 0.999619866052959 0.00015974176224713062
1351.033447265625 1.0001157346516056 0.0001597654789099878
1351.0542602539062 0.9994559795736745 0.00015973270069043308
1351.0751342773438 0.9995201061466323 0.000159711497599727
1351.095947265625 0.9991670618007988 0.00015969837576533535
1351.1167602539062 0.9995741446999173 0.00015971263513720545
1351.1376342773438 0.999195024828718 0.00015972917685270124
1351.158447265625 0.9998086261923601 0.00015980990844005228
1351.1792602539062 0.9997999410894843 0.0001598118759334965
1351.2001342773438 1.0000163616151823 0.00015980509893994275
1351.220947265625 1.0001921928670745 0.00015979913899366732
1351.2417602539062 1.0003511618792138 0.00015980053043226772
1351.2626342773438 0.9997716631749357 0.00015977375814864883
1351.283447265625 0.9998843383038616 0.0001597744212593923
1351.3042602539062 1.000264615536687 0.00015979749873302324
1351.3251342773438 0.9998901521612259 0.00015977223692732544
1351.345947265625 0.9998395112499715 0.0001597918757051929
1351.3667602539062 1.0000924874570885 0.00015980542826973457
1351.3876342773438 0.9999891135902712 0.00015980774878817885
1351.408447265625 1.0003047537282908 0.00015985353602433535
1351.4292602539062 0.9997407679450379 0.00015979026298012727
1351.4501342773438 0.999649873068666 0.00015979143080555266
1351.470947265625 1.0001355235057423 0.00015980587437185452
1351.4917602539062 1.0002355566101033 0.00015980318173966954
1351.5125732421875 1.0002131070174487 0.00015980862192600202
1351.5333862304688 0.9998154892125736 0.00015976998609948333
1351.5542602539062 0.9999602598213831 0.0001597922507402275
1351.5750732421875 0.9997283262155162 0.0001597811372840114
1351.5958862304688 1.0001381516750132 0.0001597946541324639
1351.6167602539062 1.000082764441039 0.00015977417463960855
1351.6375732421875 0.9999163233761068 0.0001597906996473929
1351.6583862304688 1.0005052532111731 0.000159802654085473
1351.6792602539062 0.999588386725733 0.00015979051743394512
1351.7000732421875 0.9999799012736804 0.00015981280816335311
1351.7208862304688 1.00003849741445 0.00015980081450315447
1351.7417602539062 0.9998827314796522 0.0001598144639372506
1351.7625732421875 1.0001362593301455 0.00015982864884652576
1351.7833862304688 0.9996996873805353 0.00015974509838066018
1351.8042602539062 1.00028492073982 0.0001598138331527731
1351.8250732421875 1.0000426232962578 0.00015983112141359625
1351.8458862304688 1.0001370726857528 0.00015983299758958364
1351.8667602539062 1.0000258032895837 0.00015986279586223452
1351.8875732421875 0.999743629409711 0.0001598464099476572
1351.9083862304688 0.999892934574108 0.0001598435336520308
1351.9292602539062 0.9998948579449004 0.0001598634288656003
1351.9500732421875 1.0001704818347823 0.00015988161981352837
1351.9708862304688 1.0004102331711204 0.0001599138275551518
1351.9917602539062 0.9997286758161686 0.00015987331125992015
1352.0125732421875 1.0000101587715406 0.00015985518291541665
1352.0333862304688 0.9996351375005457 0.00015985980524388108
1352.0542602539062 1.000110817491075 0.0001598984894880659
1352.0750732421875 1.000383355937116 0.0001599264886792381
1352.0958862304688 0.999793605768017 0.00015986276020809177
1352.1167602539062 1.0000048835422062 0.00015987978176235104
1352.1375732421875 0.9998971938510145 0.0001598947248406292
1352.1583862304688 1.0003233896782153 0.0001599276014742257
1352.2208862304688 0.9999536227960644 0.00015994206064683382
1352.2417602539062 0.9997144546952573 0.00015993356181882891
1352.2625732421875 0.9999471977857849 0.00015997228306428786
1352.2833862304688 1.0001456276802903 0.00015996422340614345
1352.3042602539062 1.00009040693271 0.00015997278639393798
1352.3250732421875 0.999883757785676 0.00015994769713692335
1352.3458862304688 0.9998564693757644 0.0001599356821016432
1352.3667602539062 1.0001834200313346 0.0001599728860493526
1352.3875732421875 1.000262192785633 0.00015995401344603437
1352.4083862304688 0.9998382274190379 0.0001599860352438597
1352.4292602539062 0.9998828281120133 0.0001599780190759965
1352.4500732421875 0.9998113111681654 0.00016000615799850894
1352.4708862304688 1.0002395707175098 0.00016004121911825453
1352.4917602539062 1.0000283356598507 0.00016002231420858204
1352.5125732421875 0.9998838075030236 0.00016003779940418686
1352.5333862304688 1.0000733230461079 0.00016003510053250696
1352.5542602539062 0.9999317397850872 0.0001600697740497617
1352.5750732421875 1.000216761985243 0.00016008194638215584
1352.5958862304688 0.9998718582920081 0.00016008103446819467
1352.6167602539062 0.9999528693150479 0.00016010171994552817
1352.6375732421875 0.9998344941854124 0.00016012414667415485
1352.6583862304688 1.000394930684657 0.0001601502496555322
1352.6792602539062 0.999661598931476 0.00016010567526763544
1352.7000732421875 1.000173831958861 0.0001601582024047133
1352.7208862304688 0.9997846123127562 0.00016013075361336935
1352.7417602539062 1.0000296335755883 0.00016014335439092675
1352.7625732421875 1.000380397084234 0.00016017095861325185
1352.7833862304688 0.9997793124882393 0.0001601304557042823
1352.8042602539062 0.9999708825780477 0.00016017171254652482
1352.8250732421875 0.9998421724536092 0.00016018034461338451
1352.8458862304688 1.0001417492111175 0.00016020237621194516
1352.8667602539062 1.0000898907060758 0.0001601928840103855
1352.8875732421875 1.0000181984638992 0.00016022001229066798
1352.9083862304688 0.9999682166791943 0.0001602163483217797
1352.9292602539062 0.9999734940722185 0.00016025538609744461
1352.9500732421875 0.999936233297313 0.0001602346664485416
1352.9708862304688 0.999926397631169 0.00016027750681482392
1352.9917602539062 1.0000110099430242 0.000160271949111276
1353.0125732421875 1.000114829699622 0.00016022951586958702
1353.0333862304688 1.0001757830236855 0.0001602983808234186
1353.0542602539062 0.999697411446961 0.00016023412061589388
1353.0750732421875 1.0000453047184392 0.0001602750736791657
1353.0958862304688 0.999964098775307 0.0001602586570377486
1353.1167602539062 1.0001724461285753 0.00016026705410000016
1353.1375732421875 1.0000451896946838 0.00016029335336223294
1353.1583862304688 0.9999024473345121 0.00016030039320219833
