time flux flux_err
1653.9536743164062 1.1564069166685649 0.00018089344752588915
1653.9744873046875 1.133820067507589 0.00018015775631470232
1653.9953002929688 1.1035786420433173 0.0001785598779140288
1654.0161743164062 1.0746618522740043 0.00017706875456934132
1654.0369873046875 1.0454366281879075 0.00017548784373213952
1654.0578002929688 1.0055198800570384 0.0001725892985533752
1654.0786743164062 0.9768456618127619 0.00017106223710035832
1654.0994873046875 0.9584892730077748 0.00016908708559997177
1654.1203002929688 0.9940465314475757 0.000171782751875659
1654.1411743164062 1.003192370148803 0.00017214153591642444
1654.1619873046875 1.0 0.00017230343073883436
1654.1828002929688 1.022454284594436 0.00017366059442956453
1654.2036743164062 0.9987379432574802 0.0001738344328973544
1654.2244873046875 1.1904426306408078 0.0001860999869385472
1654.2661743164062 1.2347949438743795 0.00018939157111889232
1654.2869873046875 1.0858133578948426 0.00018146800181723091
1654.3078002929688 1.0069348876922024 0.00017686416901072815
1654.3286743164062 1.0316668437611443 0.00017913726905064572
1654.3494873046875 1.0402493063563574 0.00018016003449915975
1654.3703002929688 1.050542507968529 0.00018025318859186682
1654.3911743164062 0.9978263856037206 0.00017918788418116934
1654.4119873046875 0.9978796640507446 0.0001786628341942012
1654.4328002929688 1.0034678098292542 0.00017986494557814195
1654.4536743164062 0.9988024712065838 0.00018126145171366807
1654.4744873046875 1.0144634612601917 0.0001816259569253693
1654.4953002929688 1.0039158938372577 0.0001817040049129884
1654.5369873046875 0.9974019672965813 0.00018170298460180048
1654.5578002929688 0.9814317276920075 0.00018141672563509273
1654.5786743164062 0.998492424955106 0.00018190194662200392
1654.5994873046875 0.993451015695346 0.00018223699757111887
1654.6203002929688 1.0024771364654281 0.00018234887931913764
1654.6411743164062 1.0069592449430471 0.00018216403221793748
1654.6619873046875 1.004023105498555 0.00018142623919937696
1654.6828002929688 1.0014356497594012 0.00018038732940009786
1654.7036743164062 0.9944051047905281 0.0001789010184992321
1654.7244873046875 1.0183214033206884 0.0001815068030799788
1654.7453002929688 0.9992213495836564 0.0001823668453702889
1654.7661743164062 1.230514852055614 0.0001988502682900991
1654.8703002929688 1.1462574621307418 0.0002036830864451997
1654.8911743164062 1.0463900884307862 0.00019568310145209693
1654.9119873046875 0.989960568351866 0.0001928057686246945
1654.9328002929688 0.9853785766277996 0.00019280999456969207
1654.9536743164062 0.9703007419004006 0.00019364726460781187
1654.9744873046875 0.9798406494381308 0.00019524995909201947
1654.9953002929688 1.0037883933510847 0.00019677040818184133
1655.0161743164062 0.9948638252236175 0.00019826312728698855
1655.0369873046875 0.9917009384539618 0.00019704911786931707
1655.0578002929688 0.9929749564941629 0.0001952644437290006
1655.0786743164062 1.0109350541462112 0.0001935491906583776
1655.0994873046875 0.9947833167452452 0.00019211357545751348
1655.1203002929688 0.9952699012245575 0.00019057625896438412
1655.1411743164062 1.010682143299185 0.00018982302723117808
1655.1619873046875 0.9975635182786114 0.00018944729980633926
1655.1828002929688 0.9994386544034711 0.00018927986955596756
1655.2036743164062 0.9974843856225333 0.0001881706040802541
1655.2244873046875 1.003791485155614 0.0001867873841700182
1655.2453002929688 0.9963155849619837 0.00018457440665372072
1655.2661743164062 0.9932804718884919 0.00018222569787368145
1655.2869873046875 1.0047304974972635 0.00018093646375057606
1655.3078002929688 1.009065731275547 0.00018034948744718898
1655.3286743164062 1.0061709304743092 0.00018026441741832952
1655.3494873046875 0.9867419974278846 0.00017957857684962648
1655.3703002929688 0.9927444385616774 0.00017793758375539662
1655.3911743164062 0.9800327867553122 0.00017589871883708384
1655.4119873046875 1.0158563708883412 0.0001734590916706457
1655.4328002929688 1.0062783256832168 0.0001709486821435541
1655.4536743164062 1.0124858484587227 0.00016796210460210352
1655.4744873046875 1.000009755834241 0.00016458462431707645
1655.4953002929688 0.9853376076446116 0.00016088556704067555
1655.5161743164062 0.9957853541962242 0.00015614170581711235
1655.5369873046875 1.0153449950999776 0.00015155842308109944
1655.5578002929688 1.0025386878234563 0.00014815793718241614
1655.5786743164062 1.026191114455756 0.0001453074193677548
1655.5994873046875 1.0001140647673756 0.00014228716873613441
1655.6203002929688 1.012379902050688 0.00013945158910516346
1655.6411743164062 1.0226137003988311 0.00013638318760585176
1655.6619873046875 1.0095348549522063 0.0001338540626420913
1655.6828002929688 0.9982149740140898 0.00013174029954765524
1655.7036743164062 0.99609239636542 0.00013000096467541425
1655.7244873046875 1.0010448963182348 0.00012930002136318628
1655.7453002929688 1.0026916920637168 0.00012922220601884954
1655.7661743164062 0.9959504903954114 0.00012894858550771792
1655.7869873046875 1.0046174812364974 0.00012890114806977647
1655.8078002929688 0.9941641959478528 0.0001288114507369396
1655.8286743164062 0.995397806536486 0.00012754254442736145
1655.8494873046875 1.0014372353202037 0.00012550434270460314
1655.8703002929688 0.99547993601293 0.0001233540665564131
1655.8911743164062 1.01524852697809 0.00012117647936262408
1655.9119873046875 1.0011913721274717 0.00011896067515150435
1655.9328002929688 1.0046617666101805 0.00011568037587298343
1655.9536743164062 1.012436247006402 0.0001149413549110502
1655.9744873046875 1.014216310237432 0.00011477230735693266
1655.9953002929688 1.023487656234494 0.00011449261535536267
1656.0161743164062 1.0259322275158862 0.00011363203620387715
1656.0369873046875 1.0459775871468593 0.00011215505008242977
1656.0578002929688 1.0318457647474912 0.00011239357669308958
1656.0786743164062 1.0338810750743803 0.0001143063625284734
1656.0994873046875 0.9786123405453274 0.00011615476286849041
1656.1203002929688 0.8800982518996808 0.00012354203820649564
1656.1411743164062 0.7180407666058747 0.00015001366603518688
1656.1619873046875 0.7709464904892659 0.0001610039032755904
1656.1828002929688 0.707525696100837 0.00014711119073884828
1656.2036743164062 0.945814964447832 0.00011899167603700037
1656.2244873046875 1.0135169223719187 0.00011205800599654881
1656.2453002929688 1.047470367970713 0.00010989976175803524
1656.2661743164062 1.063153213678322 0.00010887322549163693
1656.2869873046875 1.0609482241948796 0.00010904600038072517
1656.3078002929688 1.0502457855931988 0.00010974708129587732
1656.3286743164062 1.049464561111753 0.0001101366364811799
1656.3494873046875 1.0445609801332103 0.00010989141209510717
1656.3703002929688 1.0482901011652725 0.000109523695458133
1656.3911743164062 1.0316233077761443 0.00010957315005586413
1656.4119873046875 1.0514420483710163 0.00010979704875910562
1656.4328002929688 1.0360014757212008 0.00010972004677874409
1656.4536743164062 1.0425482375308426 0.00010945227257289833
1656.4744873046875 1.043097226824525 0.00010820380965374507
1656.4953002929688 1.0645907894416222 0.00010652579945555823
1656.5161743164062 1.087685901705702 0.00010518347095367313
1656.5370483398438 1.0877921521080232 0.00010384197512495666
1656.557861328125 1.1157206869682195 0.00010236575167268395
1656.5786743164062 1.1157843001639527 0.00010097102691009929
1656.5995483398438 1.1308102539388518 9.994435993095245e-05
1656.620361328125 1.1298260256869284 9.886356471202953e-05
1656.6411743164062 1.1313060976107785 9.845669537003149e-05
1656.6620483398438 1.1441101692569273 9.83875038315463e-05
1656.682861328125 1.136552243729803 9.74770924437255e-05
1656.7036743164062 1.135468195107456 9.694494509032638e-05
1656.7245483398438 1.1344138493775353 9.686730609841522e-05
1656.745361328125 1.1210060767408445 9.651677889419275e-05
1656.7661743164062 1.1258137229356828 9.604252031840381e-05
1656.7870483398438 1.1210898875724624 9.577020463712077e-05
1656.807861328125 1.1155124634722666 9.52008829844946e-05
1656.8286743164062 1.118630840261205 9.394417108247496e-05
1656.8495483398438 1.0873878554567398 9.154569472918879e-05
1656.870361328125 1.0328436388878612 8.942825753871098e-05
1656.8911743164062 1.0093790818833213 8.867250084423126e-05
1656.9120483398438 0.9995529209541356 8.830891227940865e-05
1656.932861328125 1.0067701813068208 8.917972601954062e-05
1656.9536743164062 1.0061005779889538 9.007012442005774e-05
1656.9745483398438 1.0014858948507903 9.090049126091063e-05
1656.995361328125 1.0002523909048444 9.14844100081313e-05
1657.0161743164062 0.9955461660756809 9.243103650083855e-05
1657.0370483398438 0.998347566408552 9.312234288788977e-05
1657.057861328125 0.9988699295947778 9.329522253356642e-05
1657.0786743164062 0.9937752308744815 9.340370796727577e-05
1657.0995483398438 1.0010150523558525 9.353832000626294e-05
1657.120361328125 1.0095220675025627 9.369091780592968e-05
1657.1411743164062 1.0026060420680163 9.357235448950083e-05
1657.1620483398438 0.993487564336772 9.354309299775584e-05
1657.182861328125 0.9967902783239396 9.38351526100908e-05
1657.2036743164062 1.000544736385784 9.468117949375655e-05
1657.2245483398438 1.0067488854565325 9.600287240118987e-05
1657.245361328125 1.0212498739093019 9.753619072193287e-05
1657.2661743164062 1.0170362622926323 9.873378829346463e-05
1657.2870483398438 1.004506010227645 9.968877183594162e-05
1657.307861328125 0.9890579119858393 0.00010136169269698152
1657.3286743164062 0.9932348599087134 0.00010359029800618306
1657.370361328125 0.9960802654070834 0.00010504936532521354
1657.3911743164062 0.9939454464196177 0.00010641223283406818
1657.4120483398438 1.008082630100658 0.00010669192186225538
1657.432861328125 0.9993573134612599 0.00010688386012256536
1657.4536743164062 1.000078935349781 0.00010683985893243345
1657.4745483398438 0.9943059651965893 0.00010659784988384565
1657.495361328125 1.010675810253502 0.00010620393356457528
1657.5161743164062 0.9943964403829137 0.00010583403367611478
1657.5370483398438 0.9989026593940037 0.00010521523989329197
1657.557861328125 0.9967643459514594 0.00010473519086594368
1657.5786743164062 1.0054421884644782 0.00010403489063792094
1657.5995483398438 0.9998620918859675 0.00010369383106190066
1657.620361328125 0.9985268168689192 0.00010329753667963416
1657.6411743164062 1.0031472881640748 0.00010325247892518375
1657.6620483398438 1.0036423132663637 0.00010327843175341954
1657.682861328125 0.996439586608476 0.00010349851381461284
1657.7036743164062 0.999569232495194 0.00010362931562494326
1657.7245483398438 0.9961117562685531 0.00010390427025702042
1657.745361328125 1.0050798115586543 0.00010419591414042124
1657.7661743164062 0.9965157884690663 0.00010419078867525054
1657.7870483398438 1.0004217686911325 0.00010419903957145779
1657.807861328125 0.9989146049918217 0.00010434053150755473
1657.8286743164062 0.9999057263459189 0.00010430761636335482
1657.8495483398438 1.0026671131237759 0.00010452491008616538
1657.870361328125 0.9999469706945048 0.00010464405918756507
1657.8911743164062 0.9986069016371821 0.0001048586237814368
1657.9120483398438 1.0024654214611604 0.0001052742036758407
1657.932861328125 0.9980142345868053 0.00010584017247749748
1657.9536743164062 1.0002577632972496 0.00010641375962239557
1657.9745483398438 1.003853386067462 0.00010699503167497994
1657.995361328125 0.9987991050444648 0.00010761489850766117
1658.0161743164062 0.9983100628878494 0.00010819101051495964
1658.0370483398438 0.9974631879426277 0.0001085566080751748
1658.057861328125 0.9998104319141151 0.0001089457994039268
1658.0786743164062 1.000288399930046 0.00010919513614324627
1658.0995483398438 1.003452311320891 0.00010926596541016974
1658.120361328125 0.9995981428181112 0.00010909671574284586
1658.1411743164062 0.9967965598860203 0.00010897709912603832
1658.1620483398438 0.9983075804637634 0.00010850797953535873
1658.182861328125 0.9985170481724792 0.00010818520562541926
1658.2036743164062 1.0023088805418172 0.00010780373571258226
1658.2245483398438 0.9995953453747757 0.00010751977483067844
1658.245361328125 1.0052790466891541 0.00010743202115172262
1658.2661743164062 0.9979337732179739 0.00010765076254981051
1658.2870483398438 1.0035292524097386 0.00010818744791710526
1658.307861328125 0.9981588405719449 0.00010894916349221582
1658.3286743164062 1.0014329563773867 0.00010969967035106853
1658.3495483398438 0.9975901841702417 0.00011080026707543636
1658.370361328125 0.9993891350132043 0.00011144761028242353
1658.3911743164062 0.9999089512670806 0.00011217289392997861
1658.4120483398438 0.9997211109711692 0.00011280021118700087
1658.432861328125 1.0006742722224333 0.00011322100503224574
1658.4536743164062 1.002185235591657 0.00011319439195878853
1658.4745483398438 0.9938248589895876 0.00011302505704084107
1658.495361328125 0.9970345731621696 0.00011270349671249594
1658.5161743164062 1.0023227287946574 0.0001121320027735844
1658.5370483398438 1.0048398505190614 0.00011154727292485624
1658.557861328125 0.9996479425982231 0.00011090891015002287
1658.5786743164062 0.9975285191452137 0.00011035931126211518
1658.5995483398438 0.998686789385156 0.0001099352290992725
1658.620361328125 1.0035888978030134 0.00010986302144450656
1658.6411743164062 1.0000895835844221 0.00010958673704597203
1658.6620483398438 1.0006317603713681 0.000109619803035766
1658.682861328125 1.0003364881086354 0.00010977908736251118
1658.7036743164062 0.999873597052302 0.00011009102867337357
1658.7245483398438 1.000803210216285 0.00011035625586045161
1658.745361328125 0.9976055013284874 0.00011066874210232395
1658.7661743164062 0.9984681323849101 0.00011080019816290232
1658.7870483398438 1.000524692722355 0.00011096031769579755
1658.807861328125 0.9996994505918364 0.00011094378579960077
1658.8286743164062 1.0001939978601389 0.00011100176898815416
1658.8495483398438 1.00051575353867 0.00011105307691410345
1658.870361328125 0.999013078510617 0.00011113107375423243
1658.8911743164062 1.0022595896772422 0.00011138911300643178
1658.9120483398438 1.0000822294508676 0.00011173826031946697
1658.932861328125 1.0011952273916616 0.0001121731332647001
1658.9536743164062 1.0002977204468704 0.00011271749445819768
1658.9745483398438 0.9976000768676151 0.00011332705354680743
1658.995361328125 1.0001085873510167 0.00011398329038896581
1659.0161743164062 1.0022106129459953 0.00011449251497714006
1659.0370483398438 0.9987867684387717 0.00011493265658250483
1659.057861328125 0.9981470802892166 0.00011526666695639428
1659.0786743164062 0.9977794800635978 0.0001155860721780583
1659.0995483398438 1.0041326203236007 0.0001157755821046212
1659.120361328125 1.0015879591767336 0.0001158093527242395
1659.1411743164062 0.9956630793454194 0.00011561944508991695
1659.1620483398438 0.9982641992112874 0.00011550883653827571
1659.182861328125 1.000848261940255 0.00011528606993108091
1659.2036743164062 1.001636537788802 0.00011519002386007197
1659.2245483398438 1.0012043964123287 0.00011506662393211868
1659.245361328125 0.9998421586916446 0.00011509021616777824
1659.2661743164062 1.0011927855351008 0.00011529040198018635
1659.2870483398438 1.0000362060926475 0.00011554003788275236
1659.307861328125 0.999831215347756 0.00011618196535342531
1659.3286743164062 0.997682484650684 0.00011668186982925154
1659.3495483398438 1.0046914689052462 0.00011713105246423859
1659.370361328125 0.9988094985138692 0.00011762417808735623
1659.3911743164062 0.9965139284511036 0.00011812714806975424
1659.4120483398438 0.9998434979950914 0.0001184400371471759
1659.432861328125 1.0018205257023145 0.00011876889152001437
1659.4536743164062 1.0018093725817911 0.0001189201661133339
1659.4745483398438 0.999471911031435 0.00011880003805383889
1659.495361328125 0.9944043775109106 0.00011848569368246332
1659.5161743164062 1.0000266490426837 0.00011807376222914743
1659.5370483398438 1.0019127571502022 0.00011765184252150933
1659.557861328125 1.0008119288127626 0.0001171353013227412
1659.5786743164062 1.0014527741449488 0.00011655709566971883
1659.5995483398438 0.9994881171398864 0.00011616825313113421
1659.620361328125 0.9984952536805486 0.00011602610628595874
1659.6411743164062 1.0042467748591695 0.0001159197475756989
1659.6620483398438 0.9995529083786415 0.00011590952513373587
1659.682861328125 0.9978476805836729 0.00011591304096339644
1659.7036743164062 0.999211446606602 0.0001159459325625599
1659.7245483398438 1.0006073918319285 0.00011600473200026856
1659.745361328125 1.0019786259308359 0.00011615552006604558
1659.7661743164062 1.000190665062472 0.0001158812095429227
1659.7870483398438 0.9947855847835084 0.00011584164678892075
1659.807861328125 1.0010830502994197 0.00011560062169568067
1659.8286743164062 1.0008764464063025 0.00011537431537839543
1659.8495483398438 1.0016744784191773 0.00011511959934243781
1659.870361328125 0.9974386244310953 0.00011483681865244848
1659.8911743164062 0.9999403702895159 0.00011479133841171168
1659.9120483398438 1.001778403518985 0.00011482767470300556
1659.932861328125 1.002662849161336 0.00011508793737491679
1659.9536743164062 1.000956072286605 0.00011550790109702206
1659.9745483398438 0.9979670189284566 0.00011590268055632709
1659.995361328125 0.9997337615330755 0.0001163160451895868
1660.0161743164062 0.993862301063481 0.00011676514076734563
1660.0370483398438 0.9974505098972176 0.00011737888945572679
1660.057861328125 1.0008950134646706 0.0001179024503594926
1660.0786743164062 1.0036484684123255 0.00011851679711335814
1660.0995483398438 0.9941555744159146 0.00011835286321036528
1660.120361328125 0.9906041156686929 0.00011802818036254651
1660.1411743164062 0.9928536906965404 0.00011784092170888937
1660.1620483398438 0.9934062828184708 0.00011767295107511331
1660.182861328125 0.9912029229356845 0.00011751925810161073
1660.2036743164062 0.9920193348209186 0.00011743986985105063
1660.2245483398438 0.9995372815764342 0.00011721414198877276
1660.245361328125 0.9984348080521667 0.00011711010671191617
1660.2661743164062 0.9997526670061255 0.00011728785896995455
1660.2870483398438 1.0010425354899848 0.00011731385301837803
1660.307861328125 1.0016843958029187 0.00011743951580216102
1660.3286743164062 1.0009393266212672 0.00011745569728605108
1660.3495483398438 1.0022472323827576 0.00011756902122120096
1660.370361328125 0.9987522109118718 0.00011766182106175053
1660.3911743164062 0.9984875287428658 0.00011779185362002294
1660.4120483398438 1.0008910503966513 0.00011791187577847271
1660.432861328125 0.9987548752776612 0.00011777782839512467
1660.4536743164062 1.000563265038927 0.00011769176602238399
1660.4745483398438 1.0003290875754391 0.00011748399698891146
1660.495361328125 0.9989939501492925 0.00011686470805902051
1660.5161743164062 1.001435070085122 0.00011630859625096886
1660.5370483398438 0.9955910120335562 0.00011560334875389458
1660.557861328125 1.0015561758154548 0.0001149212510017404
1660.5786743164062 1.0015082114265186 0.00011415534996059558
1660.5995483398438 0.99953628938731 0.00011336919281466566
1660.620361328125 1.0001398174122802 0.00011280232782809983
1660.6411743164062 1.0007221800863784 0.00011227496610882552
1660.6620483398438 1.0005592828611714 0.00011194443433883844
1660.682861328125 1.0016654226084125 0.0001115625287071488
1660.7036743164062 0.9981262394426975 0.0001113596784773389
1660.745361328125 0.9987167361894599 0.00011118436474740737
1660.7661743164062 1.0017275950614597 0.00011104700922085323
1660.7870483398438 0.9980982889410633 0.00011100074937673891
1660.807861328125 1.0001773473540838 0.00011098324271649041
1660.8286743164062 1.0031811420891181 0.00011093696787265341
1660.8495483398438 0.9968378519693897 0.0001109473568481943
1660.870361328125 0.9968624821102176 0.00011108645409547693
1660.8911743164062 1.0048947025541464 0.00011130051067978223
1660.9120483398438 1.0021151023765107 0.00011164424501006812
1660.932861328125 0.9981674645931811 0.00011203060433056023
1660.9536743164062 0.998097311926177 0.00011266450695360918
1660.9745483398438 1.002825326563186 0.00011316336114796714
1660.995361328125 0.9989873865745021 0.00011389164953866366
1661.0161743164062 1.0009906260219965 0.00011435729683361811
1661.0370483398438 0.9974207334994055 0.00011501048166948714
1661.057861328125 0.9978658260261576 0.0001154420464310718
1661.0786743164062 1.003473341484926 0.00011590980373330007
1661.0995483398438 1.001576318351939 0.0001161986956130147
1661.120361328125 0.9956157780596476 0.00011647287652299502
1661.1411743164062 1.0026738907857986 0.00011652567968647611
1661.1620483398438 0.9976522599695653 0.00011676639266245594
1661.182861328125 1.0013322278183328 0.00011689520157030583
1661.2036743164062 0.9989945694172315 0.0001167230954999794
1661.2245483398438 1.0001949211871277 0.00011678316326259735
1661.245361328125 0.9987396099053523 0.0001169557312556638
1661.2661743164062 1.003830661869305 0.0001170966103673545
1661.2870483398438 1.0010048796290536 0.000117441255597885
1661.307861328125 0.996493224854409 0.00011781535727792877
1661.3286743164062 1.0025612477277344 0.00011841088447327969
1661.3495483398438 1.0031171080031185 0.00011907069361171082
1661.370361328125 0.9972906787522314 0.00011960021581199912
1661.3911743164062 0.9970664399182033 0.0001200487442951214
1661.4120483398438 0.9990481796640219 0.00012026474294479984
1661.432861328125 1.0012657610361817 0.00012060698504510373
1661.4536743164062 1.0015999287003914 0.00012047419202210808
1661.4745483398438 1.0000277113730425 0.00012032845218273211
1661.495361328125 1.0005984746948433 0.00012008778173094368
1661.5161743164062 0.9954146924635469 0.00011966293959868872
1661.5370483398438 1.0028368911057632 0.00011910903075192305
1661.557861328125 0.9964651079884262 0.00011843058489125137
1661.5786743164062 1.0003750627423371 0.00011782164402797254
1661.5995483398438 1.0037958901127175 0.00011719014799855378
1661.620361328125 1.0000765070725794 0.00011661314726657901
1661.6411743164062 1.0003066909355847 0.00011642639220977426
1661.6620483398438 0.9968856055336497 0.00011619796294057211
1661.682861328125 1.0049525046208216 0.0001162097658740309
1661.7036743164062 1.0014225769672656 0.00011635932679374399
1661.7245483398438 0.9971468215060261 0.00011653262160082776
1661.745361328125 0.9963023091657133 0.00011668327464264709
1661.7661743164062 1.0032163851568698 0.00011676813324407521
1661.7870483398438 0.9981461994102016 0.000117086000452586
1661.807861328125 1.0001902503109064 0.00011682556082340404
1661.8286743164062 1.0010820539723453 0.00011689187113360539
1661.8495483398438 1.0003276250012854 0.00011695066355655842
1661.870361328125 0.9981933207150896 0.00011702747839105442
1661.8911743164062 0.9995344636118372 0.00011694423465486676
1661.9120483398438 1.001204595976581 0.00011711630290242936
1661.932861328125 0.9997769191588479 0.00011742924841150904
1661.9536743164062 1.0028372376164363 0.00011769531750553628
1661.9745483398438 0.9987511062747515 0.00011828042133119419
1661.995361328125 0.9988632515295311 0.00011902515355154711
1662.0161743164062 1.0019909218308107 0.00011965872854615526
1662.0370483398438 1.0009307315954121 0.00012041044797169124
1662.057861328125 0.9975933973864596 0.00012121228797206667
1662.0786743164062 0.9995621058363376 0.00012200328518184235
1662.0995483398438 1.0003146265735947 0.00012281139558837934
1662.120361328125 1.0012086837166363 0.00012334578937598696
1662.1411743164062 0.9993842517348851 0.000123882071091359
1662.1620483398438 0.9964906128564562 0.00012416231020767352
1662.182861328125 1.0000898186596634 0.00012454091837198973
1662.2036743164062 1.004154657847436 0.00012475055716436277
1662.2245483398438 0.9974749444126187 0.00012488120855667865
1662.245361328125 1.0015131643302673 0.00012503235557461808
1662.2661743164062 0.9974378830301088 0.00012525921460252573
1662.2870483398438 1.0006001191318978 0.00012544954886674936
1662.307861328125 1.0030566103362657 0.00012591581335592869
1662.3286743164062 0.9983361170977674 0.00012632367044224753
1662.3495483398438 1.0040094844821792 0.00012703192431481848
1662.370361328125 0.9973858181803889 0.00012762214525270914
1662.3911743164062 1.0014852150672156 0.0001283407119511305
1662.4120483398438 0.9966528298556635 0.00012900178683127183
1662.432861328125 0.9998627808218985 0.0001294843482764143
1662.4536743164062 1.000682696659363 0.00012972026544660767
1662.4745483398438 1.0024669650711389 0.00012976938325421955
1662.495361328125 0.9956476643436378 0.0001297646760870785
1662.5161743164062 1.0011366673479374 0.0001292134607197649
1662.5370483398438 0.9991176460833948 0.0001287223684770456
1662.557861328125 0.9988240410595842 0.00012809379397324066
1662.5786743164062 1.0014329053427353 0.0001273786204708965
1662.5995483398438 0.9999968875417193 0.00012666135362938963
1662.620361328125 1.0013332618184492 0.00012612269251142355
1662.6411743164062 0.9986739655005552 0.00012576957084784775
1662.6620483398438 1.002514666839652 0.00012547271804635253
1662.682861328125 1.0006921099129609 0.00012538173434032703
1662.7036743164062 0.9994011014418773 0.00012538146143300746
1662.7245483398438 0.9981558937357446 0.00012565633233789045
1662.745361328125 1.0010737218875343 0.00012580123102074665
1662.7661743164062 1.0012058574468512 0.00012604106369952083
1662.7870483398438 0.9991044842320193 0.0001262910656656707
1662.807861328125 0.9989270919428707 0.0001265230038768564
1662.8286743164062 0.9999875324237014 0.00012666194767070886
1662.8495483398438 0.9995228652850482 0.0001266866312083912
1662.870361328125 0.9985761118924195 0.0001268581560690421
1662.8911743164062 1.0001070906331588 0.00012680596842681272
1662.9120483398438 1.0019656042860603 0.00012689511916516027
1662.932861328125 1.002233293741322 0.00012714725445453913
1662.9536743164062 0.9969190047610389 0.00012751412840005753
1662.9745483398438 0.999969101460205 0.00012794990438873136
1662.995361328125 1.0035992064854815 0.00012874177367028073
1663.0161743164062 0.9985130274154291 0.0001295511457995439
1663.0370483398438 1.0036920651076005 0.00013034322271272415
1663.057861328125 0.9967268918246872 0.00013118047127736764
1663.0786743164062 0.9959660768017762 0.00013182923918195452
1663.0995483398438 1.0021245759861337 0.00013235814576499186
1663.120361328125 0.998206089766311 0.00013273371693079455
1663.1411743164062 0.9995988370681181 0.00013288445536109234
1663.1620483398438 1.0036745462199648 0.000132936712328165
1663.182861328125 0.9984079379297652 0.00013298421737508644
1663.2036743164062 0.9985386366859623 0.00013304716412167587
1663.2245483398438 1.0015120343741246 0.00013336679997137557
1663.245361328125 0.9994527545178297 0.00013353367105148337
1663.2661743164062 1.003692362186319 0.00013407442749794598
1663.2870483398438 0.9984270612735352 0.000134550904912635
1663.307861328125 0.9989931204739684 0.00013497931970479164
1663.3286743164062 1.0027213031826085 0.00013556740686582812
1663.3495483398438 0.9945920026741019 0.00013613670420786428
1663.370361328125 0.9996291056832339 0.0001366630425923144
1663.3911743164062 1.0062302113986692 0.000137007815575298
1663.4120483398438 0.9973811038265137 0.00013752308886908813
1663.432861328125 1.0004490936250103 0.00013786170108632753
1663.4536743164062 0.9999933996691125 0.00013797954353280436
1663.4745483398438 0.9985555023733715 0.0001382158449228361
1663.495361328125 0.9990050579257101 0.0001381870100778126
1663.5161743164062 1.000702777911425 0.00013802997471326655
1663.5370483398438 0.9973116755751905 0.00013771371004280878
1663.557861328125 1.0042629660704818 0.00013724797300987112
1663.5786743164062 0.9974860147843685 0.0001367415610983684
1663.5995483398438 1.0001882259672397 0.0001363329712224936
1663.620361328125 1.0020414091692011 0.00013610051148382508
1663.6411743164062 0.9988352928616127 0.00013588899899816414
1663.6620483398438 1.002721894959568 0.00013560009883332468
1663.682861328125 0.9979124334538902 0.00013546772329548905
1663.7036743164062 0.9970135478571694 0.00013537316416993263
1663.7245483398438 1.001228126882316 0.00013535508207635855
1663.745361328125 1.0051279852401411 0.000135379751293429
1663.7661743164062 0.9960296135887169 0.00013537980882098356
1663.7870483398438 1.0024747173941513 0.0001355178747423583
1663.807861328125 0.9964078611291491 0.0001355926929262232
1663.8286743164062 1.001967724816696 0.0001357268464493643
1663.8495483398438 0.9989802056812256 0.00013590432485639773
1663.870361328125 0.9969543909783709 0.00013576323002455348
1663.8911743164062 1.0054101009577916 0.0001360417964166844
1663.9120483398438 0.998912591420065 0.0001360855276053064
1663.932861328125 0.9977755956625852 0.0001363648009525083
1663.9536743164062 1.0027698403287677 0.00013672020395676354
1663.9745483398438 0.998067717074406 0.00013728280550784463
1663.995361328125 1.0038943049573201 0.00013756262974431763
1664.0161743164062 0.9946146831322482 0.00013809740425572997
1664.0370483398438 1.0002613204761859 0.00013871167432450609
1664.057861328125 1.0018911386944171 0.00013953453519549127
1664.0786743164062 1.0070470142338765 0.00014012110428424644
1664.120361328125 0.9913671508802555 0.0001407587618041054
1664.1411743164062 0.998188794254234 0.00014137492129176046
1664.1620483398438 0.9993127088312534 0.0001420265433271866
1664.182861328125 1.002611593007181 0.00014261906991052984
1664.2036743164062 1.0002525513815468 0.0001432600849361618
1664.2245483398438 0.9963435001390728 0.0001437201665961962
1664.245361328125 0.9927002208114135 0.00014404142025457455
1664.2661743164062 1.0023901646181317 0.00014445876651594501
1664.2870483398438 1.002937205092954 0.00014489885732521854
1664.307861328125 1.001736740536438 0.00014517526128887475
1664.3286743164062 1.005416243647259 0.00014553494348208234
1664.3495483398438 1.0043801298109707 0.00014590371611308397
1664.370361328125 1.0094267565376664 0.00014636003426675296
1664.3911743164062 0.9987289821585696 0.00014687809885043484
1664.4120483398438 0.9962246832959756 0.0001469445760753015
1664.432861328125 1.0091358319134884 0.00014707041330352477
1664.4536743164062 1.0012734236210836 0.00014712618899663586
1664.4745483398438 0.9984738672582822 0.00014733090836023204
1664.495361328125 0.991380777327707 0.00014750433726169366
1664.5161743164062 1.001424878939681 0.00014773854667637476
1664.5370483398438 1.0076310867330767 0.00014792841213283656
1664.557861328125 0.9935953762607801 0.00014792864233009382
1664.5786743164062 1.004414727047837 0.00014833153142418274
1664.5995483398438 0.9973794072131218 0.00014845757583437612
1664.620361328125 1.004789415541555 0.00014885986317910154
1664.6411743164062 0.997037149967127 0.00014917798637863997
1664.6620483398438 0.992878739257778 0.00014916198003162706
1664.682861328125 1.0086732262898008 0.00014940297333195847
1664.7036743164062 0.9952242002858854 0.00014960542287167152
1664.7245483398438 1.001651955628364 0.00014991896963438726
1664.745361328125 0.9997351048669896 0.00015008066898383274
1664.7661743164062 1.0033325875092383 0.00015034888050856197
1664.7870483398438 0.9993953160419022 0.0001511424442889205
1664.807861328125 0.9993650085638112 0.00015156168649070907
1664.8286743164062 0.9974492162543138 0.0001523420829041726
1664.8495483398438 1.003958714421169 0.00015301723234009267
1664.870361328125 0.9947607012421131 0.0001533966991260397
1664.8911743164062 1.0026963813402558 0.00015375820745843746
1664.9120483398438 0.9987523050936663 0.00015405325322433549
1664.932861328125 0.9984382329896372 0.00015444178683343834
1664.9536743164062 1.0104604917374191 0.00015474041075466913
1664.9745483398438 0.9908119174777962 0.0001546797646571101
1664.995361328125 0.9999501388721709 0.00015518250058878323
1665.0161743164062 0.9976039194840989 0.00015515897437391428
1665.0370483398438 1.0042308183316544 0.00015506573202060382
1665.057861328125 1.0031519444589163 0.00015529707673759616
1665.0786743164062 0.9904041196818805 0.00015501913510842992
1665.0995483398438 1.0122061373432742 0.00015536708363540744
1665.120361328125 0.9950517782536046 0.00015525844835857024
1665.1411743164062 0.9976529397683371 0.00015539144470556258
1665.1620483398438 1.0045586944838467 0.00015535202615157246
1665.182861328125 0.9872820291729004 0.00015506367500879638
1665.2036743164062 1.01380461140237 0.00015470998276392856
1665.2245483398438 0.9927437643857981 0.00015437252534771884
1665.245361328125 0.9946162118235571 0.00015405549645300973
1665.2661743164062 1.0057037055126645 0.00015350893018227534
1665.2870483398438 0.9931612310203872 0.0001530615308465301
1665.370361328125 1.0113885847217812 0.0001531987251251387
1665.3911743164062 0.9986679092161821 0.00015309649969619835
1665.4120483398438 1.0001858546937556 0.00015309279300759513
1665.432861328125 0.9972990338179317 0.00015327961399499992
1665.4536743164062 0.9957099429231826 0.00015343100483419862
1665.4745483398438 0.9989554445124796 0.0001534355809862397
1665.495361328125 1.0051434671096486 0.0001531600442877623
1665.5161743164062 1.000327316116241 0.000153048537164871
1665.5370483398438 0.9980414841304222 0.00015278238330305525
1665.557861328125 1.0028724489883922 0.00015288275952846583
1665.5786743164062 0.9988465485771635 0.00015289361894263532
1665.5995483398438 0.999846805248839 0.0001528893051567714
1665.620361328125 1.0003012470577486 0.000152498905578557
1665.6411743164062 0.9943361495088396 0.0001523606831897382
1665.6620483398438 1.0011453161594015 0.00015217394613835082
1665.682861328125 1.006036493850494 0.00015187876745736755
1665.7036743164062 1.0032251374718164 0.00015162742679907944
1665.7245483398438 0.992523270567579 0.00015125868012677335
1665.745361328125 0.9993548886033521 0.00015084262079885575
1665.7661743164062 0.9983305192945608 0.0001507136211233635
1665.7869873046875 1.0035406811885281 0.00015051705961546642
1665.8078002929688 1.0037307116898972 0.00015036098948536806
1665.8286743164062 1.0004737794209058 0.0001499112119005541
1665.8494873046875 0.9971023781371596 0.00014984709727932724
1665.8703002929688 0.9977468702318382 0.00014957463558702607
1665.8911743164062 0.9965447063404127 0.00014945335542945222
1665.9119873046875 1.0045926118457535 0.00014902892923962107
1665.9328002929688 0.9998801199136601 0.00014870726399255913
1665.9536743164062 1.002307508209646 0.00014850457262159878
1665.9744873046875 0.9973914646841652 0.00014822118903437125
1665.9953002929688 1.0050488536263356 0.0001481694924718483
1666.0161743164062 0.9933648059791199 0.00014807874875204317
1666.0369873046875 0.9996191435016163 0.0001480929483165453
1666.0578002929688 1.0046490043749174 0.00014792324555832414
1666.0786743164062 0.9972032669023324 0.00014787734814419176
1666.0994873046875 1.0018474430590345 0.0001476882418376308
1666.1203002929688 0.9960060170845801 0.000147589077463963
1666.1411743164062 1.007967098989858 0.0001475885624333052
1666.1619873046875 0.9940067883817747 0.00014751156015513052
1666.1828002929688 1.0006852424601276 0.00014728623066405356
1666.2036743164062 0.9978323294030429 0.00014713615909026095
1666.2244873046875 1.0023653981593224 0.00014679362939177258
1666.2453002929688 1.0005885655594229 0.00014670863117139375
1666.2661743164062 0.9992272718452252 0.0001461315344096168
1666.2869873046875 1.0018687559624042 0.0001462914831391262
1666.3078002929688 0.9961999787072741 0.00014595403408280646
1666.3286743164062 1.00336562661783 0.00014573663930550677
1666.3494873046875 1.0026126886427498 0.00014531114752441208
1666.3703002929688 0.9911781633831415 0.00014491723158921693
1666.3911743164062 1.0023893677786795 0.00014461111678147495
1666.4119873046875 1.0010313388620395 0.0001444651367184008
1666.4328002929688 1.0057562583909438 0.00014427448720328773
1666.4536743164062 0.9998593875837063 0.00014438118623395953
1666.4744873046875 0.9966075761083617 0.00014397057849205037
1666.4953002929688 0.9981179658178936 0.00014393844810239322
1666.5161743164062 0.9971392111594358 0.00014386833765092462
1666.5369873046875 1.0011661014791002 0.00014353731447510324
1666.5578002929688 1.0058019512332743 0.00014324956109245456
1666.5786743164062 1.0003606552717743 0.00014318998992025102
1666.5994873046875 0.9962190499405043 0.00014299537315272338
1666.6203002929688 1.0032137489077282 0.0001428215384253134
1666.6411743164062 0.9952276168988275 0.00014272256777490616
1666.6619873046875 0.9971213084005708 0.00014246639774591715
1666.6828002929688 1.0069339703388027 0.0001420372230485121
1666.7036743164062 0.9978895551471023 0.00014183446609744352
1666.7244873046875 1.0025032187910354 0.00014156210184560026
1666.7453002929688 0.9961775191273834 0.00014139886372536496
1666.7661743164062 1.0011316361061537 0.00014114148016470336
1666.7869873046875 1.0001408663126297 0.00014121278865781732
1666.8078002929688 1.0035571075366159 0.0001409520009219671
1666.8286743164062 0.9945653410561204 0.0001408787029740088
1666.8494873046875 1.0031380463391923 0.00014072207110601994
1666.8703002929688 0.9983827268172553 0.00014051165173474862
1666.8911743164062 0.9981574638291978 0.00014042331355377342
1666.9119873046875 1.004192095826973 0.00014016859609246817
1666.9328002929688 0.9967529501989624 0.0001399215841354242
1666.9536743164062 1.003510606386255 0.00013980982247059303
1666.9744873046875 0.9988058274791082 0.0001395501595283554
1666.9953002929688 0.9980956356570843 0.00013939221685489272
1667.0161743164062 1.0006254293796797 0.00013925294433017282
1667.0369873046875 1.000260476150333 0.00013888398486834716
1667.0578002929688 0.9999684304177912 0.00013875709571983363
1667.0786743164062 1.0007914808947371 0.00013849144368763356
1667.0994873046875 1.0003567350998095 0.0001381153426713392
1667.1203002929688 0.9988581618558722 0.00013791470216817142
1667.1411743164062 0.9984834912385551 0.00013758804519131031
1667.1619873046875 0.999434865783917 0.00013710634128880555
1667.1828002929688 1.00446390401648 0.00013702081398573904
1667.2036743164062 0.9965869128039663 0.00013671309321483397
1667.2244873046875 1.0022334370692776 0.00013650987689409964
1667.2453002929688 1.0039045136122715 0.00013637088897529295
1667.2661743164062 0.9914152730237822 0.00013619979395543922
1667.2869873046875 1.0038952082402242 0.00013607105853627663
1667.3078002929688 0.9985145322089798 0.000135810145424188
1667.3286743164062 1.0012418178793625 0.00013558587092981562
1667.3494873046875 1.0001913289253148 0.00013528496034827446
1667.3703002929688 0.9998661088936693 0.0001350296360678732
1667.3911743164062 1.0012362710249147 0.00013480762982737786
1667.4119873046875 1.0011519166115028 0.00013445412183980617
1667.4328002929688 0.9943324184187877 0.0001342420535116574
1667.4536743164062 1.0028471795842366 0.00013376186770524713
1667.4744873046875 0.9986750870008272 0.00013333389757865362
1667.4953002929688 0.9991685477947259 0.0001329615688970215
1667.5161743164062 1.0028847115834718 0.0001327592412559487
1667.5369873046875 1.0033831906976134 0.00013250804876753394
1667.5578002929688 1.0005431549061794 0.00013260145451731068
1667.5786743164062 0.995507449896757 0.00013257988195822116
1667.5994873046875 0.997888775362001 0.00013228607226312041
1667.6203002929688 0.9987271632689884 0.00013200708191028472
1667.6411743164062 0.9985760099680039 0.00013194448455455566
1667.6619873046875 1.0020060761334602 0.00013149079649257334
1667.6828002929688 1.0009839779459937 0.00013125749371720768
1668.6411743164062 0.9989631151942524 0.00011696063175485445
1668.6619873046875 1.0018097282381668 0.00011706608713139934
1668.6828002929688 1.0002796865648607 0.00011717209339827046
1668.7036743164062 0.9974815670370716 0.00011724098304807114
1668.7244873046875 1.002381049996615 0.00011749423488372407
1668.7453002929688 0.999199192860284 0.00011766911035807279
1668.7661743164062 1.0000272183025791 0.00011795081669318464
1668.7869873046875 1.0001693083478898 0.00011835578627769637
1668.8078002929688 0.9990403575882895 0.00011865712551137239
1668.8286743164062 1.0016823574506506 0.000119071295039846
1668.8494873046875 1.0000437454737545 0.00011930677442343295
1668.8703002929688 0.9980378474185908 0.00011967041189882201
1668.8911743164062 1.0011745629995463 0.00011953002607303121
1668.9119873046875 0.999649307962242 0.00011962474628032484
1668.9328002929688 0.9964509478431739 0.00011960927214614127
1668.9536743164062 1.0050626150727655 0.00011971510607229105
1668.9744873046875 1.0045440323594168 0.00011963634537501818
1668.9953002929688 0.993440408877108 0.00011985129828619464
1669.0161743164062 0.9995318180801995 0.00012005485200754752
1669.0369873046875 0.9982377725173458 0.0001201932987142993
1669.0578002929688 1.005769163906003 0.00012041669202368686
1669.0786743164062 0.9946799667469535 0.0001205582788631508
1669.0994873046875 1.001052680414682 0.00012045763684657836
1669.1203002929688 1.0024210450285354 0.00012066491313744459
1669.1411743164062 1.0018545047898586 0.00012065536493190315
1669.1619873046875 0.9956563484489859 0.00012088285272616046
1669.1828002929688 0.9995478933777664 0.00012095541233580616
1669.2036743164062 1.0027308103677073 0.00012132250268201979
1669.2244873046875 1.002082495711956 0.0001215209639821384
1669.2453002929688 0.9954902007522355 0.0001216717412609295
1669.2661743164062 1.0023904054856636 0.00012191409749504455
1669.2869873046875 0.9996740697669027 0.0001219963105757891
1669.3078002929688 1.0009357276955686 0.00012212117431921243
1669.3286743164062 0.9946889012294453 0.00012205987420925892
1669.3494873046875 1.001508879677395 0.00012188048203786704
1669.3703002929688 1.0061465787977333 0.00012213474053152847
1669.3911743164062 0.9950283334064937 0.000122169561841212
1669.4119873046875 1.0023880305639932 0.00012243749166839922
1669.4328002929688 0.9994753124821147 0.00012250670126478418
1669.4536743164062 0.9991875900074544 0.00012284071879143513
1669.4744873046875 1.001378875124592 0.0001231038011690899
1669.4953002929688 0.9944679927902399 0.0001234279103182145
1669.5161743164062 1.0065523120281599 0.0001236150182249816
1669.5369262695312 0.9992048341426609 0.00012394746034587726
1669.5578002929688 0.9995740099237774 0.00012413488808109453
1669.57861328125 0.9973014080571926 0.00012438959943059645
1669.5994262695312 1.004879067259435 0.00012437568560223506
1669.6203002929688 0.9939120201570056 0.00012435792035499492
1669.64111328125 1.0019508150845289 0.00012430918300248404
1669.6619262695312 0.9978551848478835 0.0001241300257555384
1669.6828002929688 1.0060227312684236 0.0001239836925466429
1669.70361328125 0.9996782418298816 0.00012388498888940303
1669.7244262695312 0.994214734107732 0.00012378556092619908
1669.7453002929688 1.004965869431336 0.0001237856499547693
1669.76611328125 0.9978984919546153 0.00012389469883576559
1669.7869262695312 1.0002468029291811 0.00012413112664430616
1669.8078002929688 0.9980721381945992 0.00012416607976492195
1669.82861328125 1.0031034326544792 0.00012433346676259723
1669.8494262695312 1.0015731500493417 0.00012481861218141413
1669.8703002929688 0.9982992547205914 0.00012466295961976553
1669.89111328125 0.9982550132241322 0.00012491711078427503
1669.9119262695312 1.0000883349040428 0.00012481339770398068
1669.9328002929688 1.0000411573671473 0.0001245828990218301
1669.95361328125 1.00226188839983 0.0001242234364581472
1669.9744262695312 0.9945692615413977 0.0001238081929512752
1669.9953002929688 1.002797761537799 0.00012338354956446205
1670.01611328125 1.0019927721936197 0.00012311715319906547
1670.0369262695312 0.9998755906500275 0.00012290543394955677
1670.0578002929688 0.9991135129469692 0.00012287524979680156
1670.07861328125 1.0023622128837026 0.00012278273437404727
1670.0994262695312 0.9959663295398434 0.00012302131209459112
1670.1203002929688 1.003539627202136 0.0001230224946373727
1670.14111328125 0.9969812661238957 0.0001231049430483842
1670.1619262695312 1.000652864870764 0.00012314264092885613
1670.1828002929688 1.0001173027990364 0.00012313399457734115
1670.20361328125 1.0001746582203626 0.00012294748686589898
1670.2244262695312 0.9987189148985176 0.0001230935925819241
1670.2453002929688 1.0008479395611862 0.00012315648644908614
1670.26611328125 1.0051072745868863 0.00012317157954619214
1670.2869262695312 0.9998983507273471 0.00012314087120210424
1670.3078002929688 0.9910900012801204 0.00012315510638935794
1670.32861328125 1.0014766427950739 0.00012313302399043484
1670.3494262695312 1.003313036207721 0.00012325140621840137
1670.3703002929688 1.0009859328560526 0.00012324751511433687
1670.39111328125 1.0004021940782983 0.00012314185429808584
1670.4119262695312 0.9986666470433876 0.0001232077332372076
1670.4328002929688 0.9983624385083113 0.00012324208656455145
1670.45361328125 1.0011672673617857 0.00012329991869129364
1670.4744262695312 0.9992731806798432 0.0001232635028102104
1670.4953002929688 0.9999075700450734 0.00012347226208913142
1670.51611328125 1.0019078448709666 0.00012369230967765354
1670.5369262695312 1.0003589574655891 0.00012391774672089136
1670.5578002929688 1.001111185332439 0.00012424692673843933
1670.57861328125 0.9964437146169002 0.00012454741980415853
1670.5994262695312 0.9995168651245765 0.00012469667824797725
1670.6203002929688 1.003335543101646 0.00012490834547065368
1670.64111328125 0.9970327108670692 0.00012501534531555287
1670.6619262695312 1.0018351109959114 0.00012493497709790732
1670.6828002929688 0.9978597553289281 0.00012493638978046276
1670.70361328125 1.0012190185837941 0.0001248979164556214
1670.7244262695312 1.0024313905970577 0.00012500794179883063
1670.7453002929688 0.9977920949282268 0.00012500616727729533
1670.76611328125 1.0014822551335736 0.00012519083077533165
1670.7869262695312 0.9985449223630114 0.00012537095278477184
1670.8078002929688 0.9981120591825111 0.00012550012255331078
1670.82861328125 1.0028858604514703 0.00012570713577364091
1670.8494262695312 0.9992294653069059 0.00012573358419299302
1670.8703002929688 0.99993803184436 0.00012595107169821414
1670.89111328125 1.0001308703292064 0.00012594840888767157
1670.9119262695312 0.9998186442737274 0.00012584503048449904
1670.9328002929688 1.0016469824547098 0.00012575922321537153
1670.95361328125 0.9975728034288011 0.00012560500112699394
1670.9744262695312 0.9992517982424023 0.00012541305716058798
1670.9953002929688 1.0003384261117036 0.00012521635195734176
1671.01611328125 1.0032864172274158 0.00012495518431264845
1671.0369262695312 0.9966105870393659 0.00012483059955379597
1671.0578002929688 1.0026944079311313 0.0001246590365030127
1671.07861328125 0.9977240107014242 0.0001246457891482051
1671.0994262695312 1.000121436216687 0.00012474148322618912
1671.1203002929688 1.0008971872328958 0.00012504284589883791
1671.14111328125 1.0015660308494643 0.0001251255126361866
1671.1619262695312 0.9997526260269409 0.0001251764898251696
1671.1828002929688 0.9981881929752887 0.0001252719096494249
1671.20361328125 0.9988844549476336 0.00012547462015722466
1671.2244262695312 1.000080559564734 0.0001253158483224442
1671.2453002929688 1.0034792461880404 0.00012529719693793473
1671.26611328125 0.9976613146777461 0.00012524261825416416
1671.2869262695312 1.000776485042764 0.00012516056747893616
1671.3078002929688 1.0008029424887048 0.0001249053517034134
1671.32861328125 0.9966553426710054 0.0001247882649179103
1671.3494262695312 0.9995495219519066 0.00012466958234732203
1671.3703002929688 1.0025771754356723 0.00012450098021567815
1671.39111328125 1.0020844344747488 0.00012448752802569484
1671.4119262695312 0.998960213552518 0.00012443241332764664
1671.4328002929688 0.9994821528886106 0.00012431496509128056
1671.45361328125 0.9963295441086282 0.00012440329359803999
1671.4744262695312 1.0013893507024838 0.00012463523581437397
1671.4953002929688 1.003988833024024 0.00012465377277420106
1671.51611328125 1.0006302829957987 0.0001249186349364484
1671.5369262695312 0.9962434110359975 0.0001250699519573291
1671.5578002929688 0.9993935346349883 0.00012537236262093955
1671.57861328125 1.003244212182179 0.00012558111106226145
1671.5994262695312 0.9970837904984633 0.00012564077853367988
1671.6203002929688 1.0017412809337822 0.00012568086544330567
1671.64111328125 0.9981613106251519 0.0001255693303029016
1671.6619262695312 1.000402954884859 0.00012561077209992803
1671.6828002929688 1.0015236443258293 0.00012546120037453833
1671.70361328125 0.9976749980176979 0.0001252969219196317
1671.7244262695312 1.0010351073203427 0.0001253037653113917
1671.7453002929688 1.0003724574742678 0.00012542704625038165
1671.76611328125 1.0022384251918415 0.00012562512307216035
1671.7869262695312 1.0004750138406922 0.00012588315788465901
1671.8078002929688 0.9968553586798873 0.00012612825774966748
1671.82861328125 0.9991108341313589 0.0001263116348601601
1671.8494262695312 1.0025103715831614 0.00012661788929228682
1671.8702392578125 0.9972539854156945 0.0001267212347213847
1671.8910522460938 1.0020274812512389 0.0001266832730610232
1671.9119262695312 1.001668027430221 0.00012664300780070614
1671.9327392578125 0.9960186159456416 0.0001265399325799523
1671.9535522460938 1.0030361281668383 0.00012662506812322568
1671.9744262695312 0.9999875587356386 0.0001262656145961894
1671.9952392578125 0.9991370399478207 0.0001260863440933118
1672.0160522460938 1.0005700131025095 0.00012592490639845209
1672.0369262695312 0.9949574631847131 0.00012540676118677314
1672.0785522460938 1.006332719643719 0.00012493191067694545
1672.0994262695312 0.9955092479392006 0.00012467543737337987
1672.1202392578125 0.9979606660314602 0.00012450786707493504
1672.1410522460938 1.0097785868475941 0.0001243279253983904
1672.1619262695312 0.9977887556572321 0.0001242966387923312
1672.1827392578125 0.9939287113448261 0.00012452840333534328
1672.2035522460938 1.00434701202424 0.00012462893522762627
1672.2244262695312 1.0009642794636378 0.00012487530375404705
1672.2452392578125 0.9995049528845354 0.0001250736530439963
1672.2660522460938 0.9951230117342285 0.00012484390719720852
1672.2869262695312 1.0010025280617398 0.0001246989869735081
1672.3077392578125 1.002145003424368 0.00012466249683807886
1672.3285522460938 1.0011744821443305 0.00012454620065312794
1672.3494262695312 0.9979399940832328 0.00012421174566505915
1672.3702392578125 1.0017922754363604 0.00012408712940692592
1672.3910522460938 0.997338592997866 0.0001241059173891635
1672.4119262695312 1.0008664892408223 0.000124100204050061
1672.4327392578125 1.0039303698796205 0.00012417636812168763
1672.4535522460938 0.9962414214286189 0.00012425255750956647
1672.4744262695312 1.0022304405168652 0.00012434991472263192
1672.4952392578125 0.9988982608821472 0.0001245477921845537
1672.5160522460938 1.0054170740271238 0.00012466084495875503
1672.5369262695312 0.995065284151523 0.00012470846497000354
1672.5577392578125 0.9973263902717724 0.00012486428070547788
1672.5785522460938 0.9904656479482759 0.0001250160335154134
1672.5994262695312 0.9899809969125275 0.0001251825901870327
1672.6202392578125 0.998616483728338 0.00012520332270923908
1672.6410522460938 0.9975415191954633 0.000125321207452777
1672.6619262695312 0.9966349665201852 0.00012534513858296275
1672.6827392578125 1.0096985837493266 0.0001254375477317056
1672.7035522460938 0.9949855233248729 0.00012535222062077522
1672.7244262695312 0.9970387121205708 0.00012543943971954631
1672.7452392578125 1.0013091067103532 0.00012547613056466915
1672.7660522460938 0.9980337781985364 0.00012556582054537506
1672.7869262695312 1.0004673539466036 0.00012581967306118133
1672.8077392578125 1.0002942198571707 0.00012570073735320954
1672.8285522460938 1.0028056840265742 0.00012608880368581818
1672.8494262695312 1.0012123343981232 0.00012617454180629083
1672.8702392578125 0.9966868090260421 0.00012628840922086965
1672.8910522460938 0.9986550083869715 0.0001264599933015415
1672.9119262695312 0.9963764095678418 0.0001264910489541469
1672.9327392578125 1.0084371859998391 0.0001264365584628244
1672.9535522460938 0.9957624744660811 0.00012639070537057652
1672.9744262695312 1.0015353284682653 0.00012636191458198552
1672.9952392578125 1.0027680315059206 0.00012627802984470428
1673.0160522460938 0.9964830835690588 0.00012608312594023454
1673.0369262695312 0.9972126275965744 0.00012612794290799002
1673.0577392578125 1.0028775385151842 0.00012589680948428387
1673.0785522460938 0.9985945698381561 0.00012563207737153193
1673.0994262695312 1.001865829591714 0.00012541275574595818
1673.1202392578125 0.9982317024112818 0.00012510044715888363
1673.1410522460938 0.9997184409962074 0.0001249370812485098
1673.1619262695312 1.0038549918057433 0.00012497689480762416
1673.1827392578125 0.9975662772868068 0.00012504055794413288
1673.2035522460938 1.0016594468845679 0.00012515137297757883
1673.2244262695312 0.9984644010301522 0.0001253146590227646
1673.2452392578125 1.0011553423094324 0.00012555747531754746
1673.2660522460938 1.0002438488628882 0.00012560121698775888
1673.2869262695312 0.997987467679029 0.00012529189305586337
1673.3077392578125 0.9965446821476724 0.00012524881030688572
1673.3285522460938 1.001864359975187 0.0001250502093893693
1673.3494262695312 1.0041454737067437 0.00012479883003326428
1673.3702392578125 1.001370674204029 0.00012464953405599854
1673.3910522460938 0.9950826721668112 0.00012449035930997774
1673.4119262695312 0.9999851234758683 0.00012448700703523478
1673.4327392578125 1.002550853416554 0.00012460634688550923
1673.4535522460938 0.998909072541633 0.00012476532002657652
1673.4744262695312 1.0011972033974237 0.00012493677580078865
1673.4952392578125 0.9991274174953654 0.00012483901628094937
1673.5160522460938 0.9990558983247876 0.00012508911475065128
1673.5369262695312 0.9997903689772976 0.00012543735019264878
1673.5577392578125 1.0024075429437285 0.00012551837127852187
1673.5785522460938 0.9990869035137291 0.00012583186942154834
1673.5994262695312 1.0000721904772762 0.00012599648899907386
1673.6202392578125 0.9985248998968318 0.0001260760199139484
1673.6410522460938 0.9988755252219477 0.00012619142230427792
1673.6619262695312 1.002177305039326 0.000126442757844486
1673.6827392578125 1.0006111057535458 0.00012657752679903233
1673.7035522460938 1.0014510933279268 0.00012655107248484826
1673.7244262695312 0.9965142015057303 0.000126778840118479
1673.7452392578125 1.0005649341845904 0.00012704832752681076
1673.7660522460938 1.0005410408703597 0.00012701113362748937
1673.7869262695312 1.002799270921896 0.0001270970658928875
1673.8077392578125 0.9941641694982523 0.00012721574275872632
1673.8285522460938 1.003065320610567 0.00012724956875702218
1673.8494262695312 1.0021354247222312 0.0001273639445646096
1673.8702392578125 0.9987731721289475 0.00012748379725801274
1673.8910522460938 0.9980462877088624 0.0001273431725672908
1673.9119262695312 1.001011763692898 0.00012729768761669276
1673.9327392578125 1.0004604348390693 0.00012727947119848493
1673.9535522460938 0.9993155763722713 0.00012693435825506585
1673.9744262695312 0.9999111026602607 0.00012666032035599917
1673.9951782226562 0.9983121346846753 0.00012641991732150064
1674.0160522460938 1.0023150368777538 0.00012623665277497167
1674.036865234375 1.0019021776447612 0.0001260856027652192
1674.0576782226562 0.9982669108336157 0.00012597518935716058
1674.0785522460938 0.9998836871739527 0.00012584235949105658
1674.099365234375 0.9986230646846769 0.00012582742122874553
1674.1201782226562 1.0008930986307756 0.0001258496446563396
1674.1410522460938 1.0003218700905918 0.0001259218603302848
1674.161865234375 1.0013726703181054 0.00012581257437850035
1674.1826782226562 0.9980142460365395 0.00012584787178384233
1674.2035522460938 0.9999172108413428 0.00012590009173260927
1674.224365234375 1.001097868814321 0.00012601683215864826
1674.2451782226562 1.0002154778825412 0.00012605487235211926
1674.2660522460938 1.0002347220549772 0.00012608769321718986
1674.286865234375 0.9979659449375816 0.00012591818386428635
1674.3076782226562 1.0004946499971346 0.0001257481254974787
1674.3285522460938 0.9990860753834829 0.00012566313836704412
1674.349365234375 1.0020677525027772 0.00012552659596409734
1674.3701782226562 1.0014485263790265 0.00012528943105761555
1674.3910522460938 0.997562184750899 0.00012529443149117907
1674.411865234375 0.9982132208140863 0.00012515725672359026
1674.4326782226562 1.0022218875696853 0.00012519058195079732
1674.4535522460938 1.0011035288985377 0.00012541736115132844
1674.474365234375 0.999082728749368 0.00012558608280270603
1674.4951782226562 1.0007734101871484 0.00012577759031090122
1674.5160522460938 0.99916146396067 0.00012611405482061756
1674.536865234375 0.9981217174096297 0.000126530860027695
1674.5576782226562 1.0035163899672337 0.00012689277022572546
1674.5785522460938 0.9970352537473255 0.00012739790842970357
1674.599365234375 1.0027586008506308 0.00012771646540970662
1674.6201782226562 0.9986647905065242 0.0001281784143908494
1674.6410522460938 1.0008026676910438 0.00012848009116767168
1674.661865234375 0.998466979524646 0.00012882870685231195
1674.6826782226562 1.0008031194223024 0.00012893197451561923
1674.7035522460938 0.9969555875429261 0.00012910944872155462
1674.724365234375 1.0023348978738946 0.00012924684793741046
1674.7451782226562 1.0020861204222011 0.0001293115510030195
1674.7660522460938 0.9984481436908131 0.00012950961248499838
1674.786865234375 0.9998162066449597 0.0001295936306341078
1674.8076782226562 1.0003412742222348 0.0001298037460165635
1674.8285522460938 1.0005186570717048 0.00013012074280371077
1674.849365234375 0.9994754167015111 0.0001303721076266966
1674.8701782226562 0.9995474897757245 0.0001303236565021138
1674.8910522460938 0.9996808730999359 0.00013052032244165925
1674.911865234375 1.0006087392238383 0.00013047981283526787
1674.9326782226562 1.0011744402126173 0.00013028069148666993
1674.9535522460938 0.9967576281936726 0.00013004031877663792
1674.974365234375 1.002005925011414 0.00012983088238063828
1674.9951782226562 0.9983555751427348 0.0001295457038534263
1675.0160522460938 1.0018119081384658 0.00012938954186405454
1675.036865234375 1.0000460200791164 0.00012922754412021353
1675.0576782226562 0.9993843984708446 0.00012910754262135366
1675.0785522460938 1.002447822788907 0.0001291986419310049
1675.099365234375 0.9989964101613914 0.0001292318578957021
1675.1201782226562 0.9997024517478661 0.00012937702806016706
1675.1410522460938 0.9977692116421926 0.00012928278907738247
1675.161865234375 1.0005032721328069 0.00012937815000275607
1675.1826782226562 0.9985308492423945 0.00012920854991766966
1675.2035522460938 1.0038371805588693 0.00012927032914046465
1675.224365234375 0.9997331507737856 0.00012935261923755013
1675.2451782226562 0.9998650802897288 0.00012931935408245522
1675.2660522460938 1.0023148327845546 0.0001293689791276995
1675.286865234375 0.9938991791343857 0.00012926476046129932
1675.3076782226562 0.9999594435996433 0.00012930138724453075
1675.3285522460938 1.003161626435791 0.00012906439121563424
1675.349365234375 1.0014867934546254 0.00012867103351548443
1675.3701782226562 0.9978350104293219 0.00012840592721141892
1675.3910522460938 0.997557844768179 0.0001282252375050036
1675.411865234375 0.998928099446393 0.00012813460841220524
1675.4535522460938 1.0108367791649462 0.00012817102509344783
1675.474365234375 0.9901842581933112 0.00012827242495073757
1675.4951782226562 1.0031205847571356 0.00012866293035645687
1675.5160522460938 1.0023153999609433 0.00012898085828694157
1675.536865234375 0.9988480393828568 0.00012952993890039062
1675.5576782226562 0.9998154775549215 0.0001300266812149066
1675.5785522460938 0.9937803701344623 0.00013016880316478306
1675.599365234375 1.0068934763805641 0.0001307228672634772
1675.6201782226562 0.9971751284954953 0.00013100950932994749
1675.6410522460938 1.0044485092898325 0.00013121977571738227
1675.661865234375 0.9952009566489626 0.00013132649944214302
1675.6826782226562 1.000539572817945 0.00013137454473932105
1675.7035522460938 1.0008180078021525 0.00013156230591312054
1675.724365234375 0.9981153723026442 0.00013137961848460526
1675.7451782226562 1.0013610832777484 0.0001315538500830576
1675.7660522460938 1.0005530327748873 0.00013145565551343373
1675.786865234375 1.001927638542929 0.00013163764398702916
1675.8076782226562 0.9996063745873104 0.00013177251196668885
1675.8285522460938 0.9968073324839349 0.00013198680087262156
1675.849365234375 1.0021960733965587 0.00013226072534219344
1675.8701782226562 0.9990897640662625 0.00013233262882388538
1675.8910522460938 1.0005400582932988 0.00013227525123454305
1675.911865234375 0.9997675780996149 0.00013224550141436065
1675.9326782226562 0.9996265153624901 0.00013210073183476652
1675.9534912109375 1.0005834384745067 0.00013189983170981413
1675.9743041992188 1.0002783294289908 0.00013155061448166163
1675.9951782226562 0.998962741799861 0.0001312400871122272
1676.0159912109375 0.9994331001914847 0.00013083795975735862
1676.0368041992188 1.001146965515974 0.00013041021616667245
1676.0576782226562 0.9994085028399821 0.00013012242538522096
1676.0784912109375 1.0005299608448541 0.0001297469359798142
1676.0993041992188 0.9996517451064171 0.0001293504659928652
1676.1201782226562 1.0003107745447668 0.00012915148542672904
1676.1409912109375 1.0008346117191487 0.00012897271046722185
1676.1618041992188 0.9991496984618582 0.00012881800764474427
1676.1826782226562 1.0010069861816249 0.00012877879454051424
1676.2034912109375 0.9996072078378071 0.00012881232779960822
1676.2243041992188 0.999847891608802 0.0001286718325745003
1676.2451782226562 0.9978376670191427 0.00012849431383805992
1676.2659912109375 0.999936279785844 0.00012840187403009948
1676.2868041992188 1.0030019931034484 0.00012838794946712842
1676.3076782226562 0.9992210050559847 0.00012820825329569704
1676.3284912109375 1.0029245715121173 0.00012807118115671
1676.3493041992188 0.9958630867454774 0.00012789641361900605
1676.3701782226562 0.9987546685094808 0.0001277621214150675
1676.3909912109375 1.0002665396563528 0.00012768597419019677
1676.4118041992188 1.0015713857727728 0.00012755327601256535
1676.4326782226562 1.0030966567981048 0.00012751243969223906
1676.4534912109375 0.9972604629478394 0.00012739387018037503
1676.4743041992188 0.9982152648516701 0.00012741946997982435
1676.4951782226562 1.0009392521296934 0.0001275293074609173
1676.5159912109375 1.0009677064594935 0.00012764217517096063
1676.5368041992188 1.000031912502613 0.00012792274815279475
1676.5576782226562 1.0009364373661631 0.0001282006893105388
1676.5784912109375 0.9998223228557392 0.00012854989891568716
1676.5993041992188 1.0005924438578169 0.00012883481681162992
1676.6201782226562 0.9990490792678505 0.00012919193004473517
1676.6409912109375 0.9979100455430233 0.00012928868199788945
1676.6618041992188 0.992795744329306 0.00012931587123235256
1676.6826782226562 0.9947731982988661 0.00012934073640920155
1676.7034912109375 0.9906761693320073 0.00012932840577046728
1676.7243041992188 0.9910533951870303 0.00012928629326088646
1676.7451782226562 0.9946941707495931 0.00012931868805040106
1676.7659912109375 0.9884166625589237 0.00012925931432618978
1676.7868041992188 0.9979937982143468 0.00012938349878162907
1676.8076782226562 0.997669965436132 0.00012933805810986897
1676.8284912109375 1.00240703388215 0.00012965545833230294
1676.8493041992188 0.9997180211131996 0.00012987772083674438
1676.8701782226562 1.002989424813766 0.00012996902095477737
1676.8909912109375 0.9982628196918252 0.00013011898539073762
1676.9118041992188 1.001227708056142 0.00013001391990027778
1676.9326782226562 0.9955153117537862 0.00012991036825534265
1676.9534912109375 1.000534660902766 0.00012968653124981907
1676.9743041992188 1.0036383947623924 0.0001294343414434643
1676.9951782226562 0.9976385021553579 0.00012906647735733362
1677.0159912109375 1.002331213289062 0.00012881556270635792
1677.0368041992188 0.9999564718732674 0.00012843411312353826
1677.0576782226562 0.9960536891073979 0.0001282371579169404
1677.0784912109375 1.0034803855993935 0.00012810924776755946
1677.0993041992188 0.9998558192103049 0.00012792091435543916
1677.1201782226562 0.9991532175984885 0.00012783570598671969
1677.1409912109375 1.0009314675572765 0.00012776577459670308
1677.1618041992188 0.9993546312768848 0.0001276827670482401
1677.1826782226562 1.0007991634491424 0.0001277116897433285
1677.2034912109375 0.9993864675960269 0.00012765977470748145
1677.2243041992188 0.9989402621069461 0.00012743346028391971
1677.2451782226562 1.0010218611354513 0.00012730206244332577
1677.2659912109375 0.9979260569764776 0.00012711518392413446
1677.2868041992188 1.0026288084464086 0.0001269139620432384
1677.3076782226562 0.9998897250586752 0.0001267566582482269
1677.3284912109375 1.0004949650521346 0.00012649648140828276
1677.3493041992188 0.9979920672851246 0.00012639704479700472
1677.3701782226562 1.0000301621112 0.0001261398567906484
1677.3909912109375 1.0003411855642752 0.0001259214588463146
1677.4118041992188 0.999805920351443 0.00012584835249121947
1677.4326782226562 1.0018005943327057 0.00012575325215259079
1677.4534912109375 1.0001701300206076 0.00012570888244167513
1677.4743041992188 1.0002057865529648 0.00012579452746876228
1677.4951782226562 0.994946508058678 0.0001258391570195751
1677.5159912109375 1.002837621642579 0.00012598330999490448
1677.5368041992188 1.0028208737863997 0.0001261772850770703
1677.5576782226562 0.9993775795799965 0.00012630992579137568
1677.5784912109375 0.9991556263274224 0.00012656466826404316
1677.5993041992188 0.9984430642295178 0.0001267951148540272
1677.6201782226562 1.001387412832165 0.00012707555172422757
1677.6409912109375 1.0005331872649277 0.000127290727527002
1677.6618041992188 0.997007730422917 0.00012728144885195731
1677.6826782226562 1.001199923745614 0.00012724483372866644
1677.7034912109375 1.0021929099784337 0.00012728073169036383
1677.7243041992188 0.9991073967336564 0.00012719327199828942
1677.7451171875 0.9982843821028752 0.0001271347707221722
1677.7659301757812 1.0009171171609985 0.000127031046021605
1677.7868041992188 1.000715754050109 0.0001268625953117963
1677.8076171875 1.0005781235407194 0.0001268199709941897
1677.8284301757812 0.9972872692570003 0.0001268978240637403
1677.8493041992188 1.001370269886496 0.0001267943503231274
1677.8701171875 1.003195183222132 0.00012683878724961605
1677.8909301757812 0.9979904086375304 0.00012691487034591632
1677.9118041992188 0.9974633446774982 0.00012684925214299944
1677.9326171875 1.0019859606187473 0.00012682728190239814
1677.9534301757812 0.9998355996275952 0.00012677166736792134
1677.9743041992188 1.0001930468232991 0.00012651012759197367
1677.9951171875 0.9991378164002691 0.0001261866061104563
1678.0159301757812 0.9977502496123454 0.00012598006639749797
1678.0368041992188 1.0019493293694999 0.00012583880059146503
1678.0576171875 1.0025364381211388 0.0001256724265190195
1678.0784301757812 1.0011273427121212 0.0001256297841021887
1678.0993041992188 0.9978300164813884 0.00012561450854788565
1678.1201171875 0.9986147820168902 0.00012560955010957383
1678.1409301757812 1.0012552792882445 0.00012566617919473918
1678.1618041992188 0.997681094958298 0.00012553904556351548
1678.1826171875 1.0004868323717273 0.00012554957698785634
1678.2034301757812 1.0025447105616832 0.0001254604197702104
1678.2243041992188 0.9999087944053913 0.0001253370703374122
1678.2451171875 1.0000392146900619 0.000125218616998708
1678.2659301757812 0.9974791772336338 0.00012505378770190015
1678.2868041992188 1.0018909167850873 0.00012499708727103115
1678.3076171875 0.9983363349204684 0.000124752308543443
1678.3284301757812 1.001056785124774 0.00012455711624106007
1678.3493041992188 1.0004489131002603 0.00012421230206021214
1678.3701171875 0.9977677358936847 0.0001239764260999108
1678.3909301757812 1.0018287245543387 0.00012383986909119023
1678.4118041992188 1.0006568339583977 0.00012365673999065597
1678.4326171875 0.9998123359045904 0.00012361639005351266
1678.4534301757812 0.9984734456342558 0.00012363935575899766
1678.4743041992188 1.0014870566734968 0.00012383122577131394
1678.4951171875 1.0017339552975792 0.00012407457276084036
1678.5159301757812 0.9996518417668313 0.00012435281161213404
1678.5368041992188 0.9981723163345942 0.00012441919488010217
1678.5576171875 0.999290102102005 0.00012463202287389178
1678.5784301757812 0.9986128744214273 0.00012468551623985545
1678.5993041992188 0.9998926877695729 0.00012472484327972043
1678.6201171875 1.004557417848219 0.00012486278487532695
1678.6409301757812 0.9986392649473227 0.00012497484948666114
1678.6618041992188 1.001881900061453 0.00012501276680638778
1678.6826171875 0.9968564751382765 0.00012499865641567707
1678.7034301757812 0.9962760713592137 0.00012498260774081852
1678.7243041992188 1.0034793521105336 0.00012490429992144245
1678.7451171875 1.0011273414607371 0.00012487014495095742
1678.7659301757812 1.0006903327300474 0.0001247423390960957
1678.7868041992188 0.9992623376407238 0.00012454672236480175
1678.8284301757812 0.9995190325242762 0.00012444928950086203
1678.8493041992188 0.9984688812663016 0.00012466265181801896
1678.8701171875 1.003244742734912 0.00012459497572346842
1678.8909301757812 1.0013021132209665 0.0001245321231003134
1678.9118041992188 0.9963975004200296 0.00012433607103355538
1678.9326171875 0.9954128097938205 0.00012408688880276926
1678.9534301757812 1.0043550662287974 0.0001237603186415749
1678.9743041992188 0.9986568978834317 0.00012352667841104202
1678.9951171875 1.0040644950690594 0.00012339262445809512
1679.0159301757812 1.0017124399027595 0.000123252258965309
1679.0368041992188 0.9977676521826531 0.00012312884617565913
1679.0576171875 0.9997946457286045 0.00012329986687247254
1679.0784301757812 0.9935977394798874 0.0001230508821771549
1679.0993041992188 1.003114801599626 0.00012312200034142237
1679.1201171875 1.0031507744938906 0.00012308045091592555
1679.1409301757812 1.0000903411654112 0.00012303041890227414
1679.1618041992188 1.0035289049371992 0.00012303272768792576
1679.1826171875 0.9932330963241488 0.00012322915299342528
1679.2034301757812 1.0020217783236876 0.00012336964906609806
1679.2243041992188 0.9998943252026808 0.00012329982297957568
1679.2451171875 1.0001070314660132 0.00012321077966166597
1679.2659301757812 0.9940075342050321 0.00012323385961438848
1679.2868041992188 1.0096849702613677 0.00012318374444138965
1679.3076171875 1.0000527997414808 0.00012315589090844276
1679.3284301757812 0.9962555265763919 0.00012304531284006317
1679.3493041992188 0.9976978660801129 0.00012305647272031889
1679.3701171875 1.000108156580988 0.0001229977085941719
1679.3909301757812 1.0059295872972933 0.00012317042185407733
1679.4117431640625 0.9970086829663675 0.00012291482045825413
1679.4325561523438 0.9959004667683833 0.00012270497029944838
1679.4534301757812 1.0023179047754391 0.0001226908545425074
1679.4742431640625 1.0014003257725548 0.0001228029805141156
1679.4950561523438 1.0027177251604662 0.00012288202232483655
1679.5159301757812 1.0016226385338252 0.00012290183120129342
1679.5367431640625 0.9948857696722765 0.00012293369724910113
1679.5575561523438 0.9971747972579411 0.00012266366910663134
1679.5784301757812 1.001922183690116 0.00012231554387168606
1679.5992431640625 0.9955585246215211 0.00012185669828226103
1679.6200561523438 1.0070944928432255 0.00012168465489155544
1679.6409301757812 1.000131056444258 0.00012130274455919086
1679.6617431640625 1.003574939387729 0.00012102071629278113
1679.6825561523438 0.9944195593055398 0.00012087353429816137
1679.7034301757812 0.998724133210672 0.00012079386160206334
1679.7242431640625 1.0009729543799553 0.0001209160155053174
1679.7450561523438 1.0004180234811042 0.00012058138378909148
1679.7659301757812 1.0015131831555313 0.0001204786805087271
1679.7867431640625 0.9982925702324893 0.0001202929683640097
1679.8075561523438 1.0016876248972957 0.0001203223387345365
1679.8284301757812 0.9991701434724536 0.00012012824941608728
1679.8492431640625 0.9983707375122405 0.00012006755126160402
1679.8700561523438 1.000517910363245 0.00012009499563879871
1679.8909301757812 1.0019618330460571 0.00012001699538041597
1679.9117431640625 0.9994180515519524 0.00011998271621115652
1679.9325561523438 1.0013847373080824 0.00011997802096985021
1679.9534301757812 0.9957769474430903 0.00012007568658962418
1679.9742431640625 1.0028682448802133 0.00011999771299154715
1679.9950561523438 0.9998340021862961 0.00012006776636846236
1680.0159301757812 0.9996770900813331 0.00012013991022785039
1680.0367431640625 0.9993413515717434 0.00012009290965134596
1680.0575561523438 1.0031937602988674 0.00011998868750975705
1680.0784301757812 0.9955337055072135 0.00012016421696138023
1680.0992431640625 0.9998411549449832 0.00012006393419822834
1680.1200561523438 1.0036607608789943 0.00012006888851088081
1680.1409301757812 1.000412333603673 0.00011998901621339536
1680.1617431640625 0.996558263516999 0.00011999264994909301
1680.1825561523438 0.9994954298943133 0.00011982395477667591
1680.2034301757812 1.0022674243058018 0.0001199763290486674
1680.2242431640625 1.0030051978386665 0.00011989719908576322
1680.2450561523438 0.9965970330160249 0.0001198373063549845
1680.2659301757812 0.9977591500640504 0.00011975307869407617
1680.2867431640625 0.9992040975296177 0.0001196875644439548
1680.3075561523438 1.0057522988758412 0.00011969362772544711
1680.3284301757812 0.9985106760469249 0.00011967551070379949
1680.3492431640625 0.9987075298286244 0.00011961284440743042
1680.3700561523438 1.0008304758592639 0.00011972078234666302
1680.3909301757812 0.9979608068637638 0.00011972159692810783
1680.4117431640625 1.000376980609785 0.00011988100641866444
1680.4325561523438 1.002553593038807 0.00011977948468538957
1680.4534301757812 0.9989417944268251 0.000119928834188637
1680.4742431640625 1.0004720729787167 0.00011989766686835301
1680.4950561523438 0.997440955465163 0.00012000052485669104
1680.5159301757812 1.0031110868404154 0.00011998206003281699
1680.5367431640625 0.998165256612861 0.00011991026553176965
1680.5575561523438 0.9990206185388063 0.00011964775749363316
1680.5784301757812 0.998182826799973 0.0001195274471059438
1680.5992431640625 1.0034715950871458 0.00011943594899795362
1680.6200561523438 0.9995295485493549 0.00011949262239750935
1680.6409301757812 1.0036246926346275 0.00011944327197669356
1680.6617431640625 0.9960960139887101 0.00011939385941502043
1680.6825561523438 1.0009858701309091 0.0001195814208651496
1680.7034301757812 0.9963953356333708 0.00011952707022821468
1680.7242431640625 0.9987936476431486 0.00011961922766990574
1680.7450561523438 1.0042055684057214 0.00011978593457736587
1680.7659301757812 0.9990451354766889 0.0001199092550804583
1680.7867431640625 1.0010439359928593 0.00011977733457410956
1680.8075561523438 0.9916310406015498 0.00011961151266449209
1680.8284301757812 0.9923770031132904 0.00011955299433336717
1680.8492431640625 0.9951052713675973 0.00011944069187320061
1680.8700561523438 0.9928683513624175 0.00011940380932511956
1680.8909301757812 0.9911084239359238 0.00011936141839521021
1680.9117431640625 0.9915097762408804 0.00011917009636274531
1680.9325561523438 0.9969661792212642 0.00011918638383611955
1680.953369140625 1.00184489665741 0.00011907790112696413
1680.9741821289062 0.9990473355337071 0.00011906311964920924
1680.9950561523438 1.0005161961836075 0.00011904744054255391
1681.015869140625 0.9964232206774593 0.00011905301680048606
1681.0366821289062 0.9990991041040977 0.00011905793028734615
1681.0575561523438 1.0012178080366239 0.00011910046506894286
1681.078369140625 1.0020767765299123 0.00011926300752665066
1681.0991821289062 0.9989903717470613 0.00011921767078650198
1681.1200561523438 1.0020510949821286 0.00011924365630728839
1681.140869140625 0.9975284197071304 0.00011939399200285153
1681.1616821289062 0.9982741376747558 0.00011957026338641731
1681.1825561523438 1.0031353093012967 0.00011952428077247495
1681.203369140625 0.9975910837915225 0.00011950414598581523
1681.2241821289062 1.0004710243392718 0.00011956788350174366
1681.2450561523438 1.0015758906734709 0.0001194849099451993
1681.265869140625 1.000930247630149 0.00011957852822681789
1681.2866821289062 0.9997336975874109 0.00011948614120514822
1681.3075561523438 0.9963420524209009 0.00011915878298965297
1681.328369140625 0.9994173271260615 0.00011898042475112147
1681.3491821289062 1.0008426566314952 0.0001185187237095806
1681.3700561523438 1.0003412684152393 0.00011797390163807754
1681.390869140625 1.00208943575169 0.00011786408410927218
1681.4116821289062 1.0013850307395333 0.00011763933200110782
1681.4325561523438 0.999458433159935 0.00011780573564690654
1681.453369140625 0.9985694912474616 0.00011819961742709715
1681.4741821289062 1.0000165122484537 0.00011869287957334894
1681.4950561523438 1.00236854677096 0.00011903590244975306
1681.515869140625 0.9977377357807927 0.00011922280595195137
1681.5366821289062 0.9978662188213041 0.00011939605784083441
1681.5575561523438 1.0009280348882745 0.00011936831844570053
1681.578369140625 1.0012186467644386 0.00011943453031269654
1681.5991821289062 1.000229881137421 0.00011939770565822637
1681.6200561523438 0.9995716469546534 0.00011942251185810642
1681.640869140625 0.9993265115463539 0.00011928452166524562
1681.6616821289062 1.0012481285294537 0.00011942322161644792
1681.6825561523438 0.9997191550443528 0.00011930511272895864
1681.703369140625 0.9992729959429094 0.00011912530273814528
1681.7241821289062 1.0005587230596806 0.0001191520494018917
1681.7450561523438 0.9982205794536494 0.00011920434984989198
1681.765869140625 1.0031126521487856 0.00011915156071914802
1681.7866821289062 1.001683730105422 0.00011915718930536049
1681.8075561523438 0.9935555168733747 0.00011904299108584328
1681.828369140625 1.0016815269875585 0.00011897827548450862
1681.8491821289062 1.001421468689003 0.00011885769850683098
1681.8700561523438 1.0016733845320076 0.00011896586253154217
1681.890869140625 0.9987624581073048 0.00011895654877124762
1681.9116821289062 1.0010918180106239 0.00011889320961969518
1681.9325561523438 1.000151677730647 0.00011905652787090751
1681.953369140625 0.9968284516180971 0.00011910035993293501
1681.9741821289062 1.0004196042955733 0.00011900111254536594
1681.9950561523438 1.0002937853478147 0.00011898370653897944
1682.015869140625 1.0018100565444488 0.00011903949547676557
1682.0366821289062 1.0000630550793417 0.00011898290067634243
1682.0575561523438 1.0010311243356933 0.00011882587628151984
1682.078369140625 0.9961241470256595 0.00011905552575138645
1682.0991821289062 1.000555044663237 0.00011913172095776244
1682.1200561523438 1.0055181805484885 0.0001191847966621885
1682.140869140625 0.9994251866855991 0.0001193666656045384
1682.1616821289062 0.9910378125999437 0.00011926400336235129
1682.203369140625 1.0008667408983243 0.00011877762231309903
1682.2241821289062 1.0053483221716581 0.00011861258715566133
1682.2450561523438 1.0026272717604088 0.00011859394950738443
1682.265869140625 1.0044483960923407 0.00011868661115578502
1682.2866821289062 0.994479830207863 0.0001190063466337826
1682.3075561523438 1.002481059420712 0.00011915657204451073
1682.328369140625 0.9973839279227561 0.00011950349121385716
1682.3491821289062 1.0006154237837814 0.00011996517991613381
